0.260042
0.246097
0.234963
0.22611
0.219078
0.213485
0.209026
0.205458
0.202591
0.200276
0.198398
0.196867
0.195611
0.194576
0.193719
0.193004
0.192405
0.191899
0.191471
0.191104
0.190789
0.190516
0.190278
0.190068
0.189882
0.189715
0.189564
0.189427
0.1893
0.189183
0.189072
0.188968
0.188869
0.188774
0.188682
0.188593
0.188505
0.188419
0.188334
0.188249
0.188165
0.188081
0.187997
0.187912
0.187827
0.187741
0.187655
0.187567
0.187479
0.187389
0.187298
0.187206
0.187113
0.187018
0.186922
0.186825
0.186725
0.186625
0.186522
0.186418
0.186312
0.186204
0.186095
0.185983
0.18587
0.185754
0.185637
0.185518
0.185396
0.185272
0.185146
0.185018
0.184888
0.184755
0.18462
0.184482
0.184342
0.184199
0.184054
0.183906
0.183755
0.183602
0.183445
0.183286
0.183124
0.182959
0.182791
0.18262
0.182446
0.182268
0.182087
0.181903
0.181715
0.181524
0.18133
0.181131
0.180929
0.180723
0.180514
0.1803
0.180083
0.179861
0.179635
0.179405
0.179171
0.178932
0.178688
0.17844
0.178188
0.177931
0.177668
0.177401
0.177129
0.176852
0.176569
0.176281
0.175988
0.175689
0.175384
0.175074
0.174757
0.174435
0.174107
0.173772
0.173432
0.173084
0.17273
0.17237
0.172002
0.171628
0.171246
0.170858
0.170462
0.170058
0.169647
0.169228
0.168802
0.168367
0.167924
0.167473
0.167013
0.166545
0.166067
0.165581
0.165086
0.164582
0.164068
0.163545
0.163012
0.162469
0.161916
0.161352
0.160779
0.160195
0.1596
0.158995
0.158378
0.15775
0.157111
0.156461
0.155799
0.155125
0.154439
0.15374
0.15303
0.152307
0.151572
0.150824
0.150063
0.149289
0.148502
0.147702
0.146889
0.146062
0.145222
0.144368
0.1435
0.142619
0.141724
0.140815
0.139891
0.138955
0.138004
0.137039
0.13606
0.135067
0.134061
0.13304
0.132006
0.130959
0.129897
0.128823
0.127735
0.126634
0.12552
0.124394
0.123256
0.122105
0.120942
0.119768
0.118583
0.117387
0.116181
0.114964
0.113738
0.112503
0.11126
0.110008
0.108748
0.107482
0.106209
0.10493
0.103645
0.102356
0.101063
0.0997669
0.0984677
0.0971665
0.0958638
0.0945605
0.0932572
0.0919545
0.0906533
0.0893542
0.088058
0.0867652
0.0854767
0.0841931
0.0829151
0.0816433
0.0803784
0.0791211
0.077872
0.0766317
0.0754007
0.0741797
0.0729691
0.0717695
0.0705815
0.0694053
0.0682416
0.0670907
0.0659531
0.064829
0.0637189
0.0626229
0.0615415
0.0604748
0.0594231
0.0583866
0.0573655
0.0563598
0.0553698
0.0543956
0.0534371
0.0524944
0.0515677
0.0506568
0.0497618
0.0488826
0.0480192
0.0471715
0.0463395
0.045523
0.0447219
0.0439361
0.0431655
0.0424099
0.0416691
0.0409429
0.0402313
0.039534
0.0388508
0.0381814
0.0375258
0.0368837
0.0362549
0.0356391
0.0350361
0.0344458
0.0338678
0.033302
0.0327482
0.032206
0.0316754
0.031156
0.0306476
0.03015
0.029663
0.0291863
0.0287198
0.0282633
0.0278164
0.0273791
0.026951
0.026532
0.0261219
0.0257205
0.0253276
0.024943
0.0245665
0.0241979
0.023837
0.0234837
0.0231377
0.022799
0.0224673
0.0221425
0.0218244
0.0215128
0.0212077
0.0209088
0.0206159
0.0203291
0.0200481
0.0197727
0.0195029
0.0192384
0.0189793
0.0187253
0.0184764
0.0182323
0.0179931
0.0177585
0.0175285
0.017303
0.0170818
0.0168649
0.0166522
0.0164435
0.0162388
0.0160379
0.0158408
0.0156474
0.0154577
0.0152714
0.0150886
0.0149092
0.014733
0.0145601
0.0143903
0.0142235
0.0140598
0.013899
0.013741
0.0135859
0.0134334
0.0132837
0.0131366
0.012992
0.0128499
0.0127103
0.012573
0.0124381
0.0123055
0.0121751
0.012047
0.0119209
0.011797
0.0116751
0.0115552
0.0114372
0.0113212
0.0112071
0.0110948
0.0109843
0.0108756
0.0107686
0.0106633
0.0105597
0.0104576
0.0103572
0.0102583
0.010161
0.0100652
0.00997077
0.00987783
0.00978629
0.00969613
0.00960733
0.00951985
0.00943366
0.00934875
0.00926509
0.00918267
0.00910143
0.00902137
0.00894247
0.00886469
0.00878803
0.00871246
0.00863795
0.00856451
0.00849208
0.00842067
0.00835025
0.0082808
0.0082123
0.00814474
0.00807811
0.00801238
0.00794754
0.00788356
0.00782044
0.00775817
0.00769671
0.00763607
0.00757622
0.00751716
0.00745886
0.00740131
0.00734451
0.00728843
0.00723308
0.00717843
0.00712446
0.00707118
0.00701857
0.00696661
0.0069153
0.00686463
0.00681458
0.00676514
0.0067163
0.00666807
0.00662041
0.00657333
0.00652681
0.00648085
0.00643544
0.00639057
0.00634621
0.00630239
0.00625907
0.00621627
0.00617395
0.00613213
0.00609078
0.00604991
0.00600951
0.00596956
0.00593007
0.00589101
0.0058524
0.00581422
0.00577646
0.00573912
0.00570219
0.00566567
0.00562954
0.00559381
0.00555847
0.00552351
0.00548893
0.00545471
0.00542086
0.00538737
0.00535423
0.00532145
0.00528901
0.0052569
0.00522514
0.00519369
0.00516258
0.00513179
0.00510131
0.00507114
0.00504129
0.00501173
0.00498247
0.00495351
0.00492483
0.00489644
0.00486834
0.00484051
0.00481296
0.00478568
0.00475866
0.00473191
0.00470541
0.00467918
0.00465319
0.00462746
0.00460197
0.00457673
0.00455172
0.00452696
0.00450242
0.00447812
0.00445404
0.00443019
0.00440656
0.00438315
0.00435996
0.00433697
0.00431421
0.00429164
0.00426928
0.00424713
0.00422518
0.00420342
0.00418185
0.00416049
0.0041393
0.00411831
0.0040975
0.00407688
0.00405644
0.00403617
0.00401609
0.00399618
0.00397644
0.00395687
0.00393747
0.00391824
0.00389917
0.00388026
0.00386152
0.00384293
0.0038245
0.00380622
0.0037881
0.00377012
0.0037523
0.00373462
0.00371709
0.00369971
0.00368246
0.00366536
0.0036484
0.00363157
0.00361489
0.00359833
0.00358191
0.00356562
0.00354946
0.00353344
0.00351754
0.00350176
0.00348611
0.00347058
0.00345517
0.00343989
0.00342472
0.00340966
0.00339473
0.00337991
0.00336522
0.00335062
0.00333614
0.00332178
0.00330752
0.00329336
0.00327932
0.00326538
0.00325155
0.00323781
0.00322419
0.00321066
0.00319724
0.00318391
0.00317068
0.00315755
0.00314451
0.00313157
0.00311873
0.00310597
0.00309331
0.00308075
0.00306827
0.00305588
0.00304358
0.00303137
0.00301924
0.0030072
0.00299525
0.00298338
0.00297159
0.00295989
0.00294826
0.00293672
0.00292525
0.00291387
0.00290257
0.00289135
0.0028802
0.00286912
0.00285813
0.00284721
0.00283636
0.00282558
0.00281488
0.00280426
0.00279369
0.0027832
0.00277279
0.00276244
0.00275216
0.00274196
0.00273182
0.00272174
0.00271173
0.00270178
0.00269191
0.00268209
0.00267234
0.00266266
0.00265303
0.00264347
0.00263397
0.00262453
0.00261515
0.00260583
0.00259657
0.00258737
0.00257822
0.00256914
0.00256011
0.00255114
0.00254222
0.00253336
0.00252456
0.00251581
0.00250711
0.00249847
0.00248988
0.00248134
0.00247286
0.00246443
0.00245605
0.00244772
0.00243944
0.00243122
0.00242304
0.00241491
0.00240683
0.0023988
0.00239081
0.00238288
0.00237499
0.00236715
0.00235936
0.00235161
0.00234391
0.00233625
0.00232864
0.00232107
0.00231354
0.00230606
0.00229863
0.00229123
0.00228388
0.00227657
0.00226931
0.00226208
0.0022549
0.00224775
0.00224065
0.00223359
0.00222657
0.00221958
0.00221264
0.00220574
0.00219887
0.00219205
0.00218526
0.00217851
0.00217179
0.00216512
0.00215848
0.00215188
0.00214531
0.00213878
0.00213229
0.00212584
0.00211941
0.00211302
0.00210667
0.00210035
0.00209407
0.00208782
0.0020816
0.00207542
0.00206927
0.00206315
0.00205707
0.00205101
0.00204499
0.00203901
0.00203305
0.00202712
0.00202123
0.00201536
0.00200953
0.00200373
0.00199796
0.00199221
0.0019865
0.00198082
0.00197517
0.00196954
0.00196395
0.00195838
0.00195284
0.00194733
0.00194185
0.0019364
0.00193097
0.00192558
0.0019202
0.00191486
0.00190954
0.00190425
0.00189899
0.00189375
0.00188854
0.00188335
0.00187819
0.00187306
0.00186795
0.00186287
0.00185781
0.00185277
0.00184776
0.00184278
0.00183782
0.00183288
0.00182797
0.00182309
0.00181823
0.00181339
0.00180857
0.00180378
0.001799
0.00179426
0.00178953
0.00178483
0.00178015
0.0017755
0.00177086
0.00176625
0.00176166
0.00175709
0.00175254
0.00174801
0.0017435
0.00173902
0.00173455
0.00173011
0.00172569
0.00172129
0.00171691
0.00171255
0.00170821
0.00170389
0.00169959
0.0016953
0.00169104
0.0016868
0.00168258
0.00167837
0.00167419
0.00167003
0.00166588
0.00166175
0.00165764
0.00165355
0.00164948
0.00164542
0.00164139
0.00163737
0.00163337
0.00162939
0.00162543
0.00162148
0.00161755
0.00161364
0.00160974
0.00160586
0.001602
0.00159816
0.00159433
0.00159052
0.00158673
0.00158295
0.00157919
0.00157545
0.00157172
0.00156801
0.00156431
0.00156063
0.00155697
0.00155331
0.00154968
0.00154606
0.00154246
0.00153887
0.0015353
0.00153175
0.00152821
0.00152468
0.00152117
0.00151767
0.00151419
0.00151072
0.00150727
0.00150383
0.0015004
0.00149699
0.0014936
0.00149022
0.00148685
0.0014835
0.00148016
0.00147683
0.00147352
0.00147022
0.00146693
0.00146366
0.0014604
0.00145715
0.00145392
0.0014507
0.00144749
0.0014443
0.00144112
0.00143795
0.0014348
0.00143166
0.00142853
0.00142541
0.0014223
0.00141921
0.00141613
0.00141306
0.00141001
0.00140697
0.00140393
0.00140092
0.00139791
0.00139491
0.00139193
0.00138896
0.001386
0.00138305
0.00138011
0.00137718
0.00137427
0.00137136
0.00136847
0.00136559
0.00136272
0.00135986
0.00135701
0.00135418
0.00135135
0.00134854
0.00134573
0.00134294
0.00134015
0.00133738
0.00133462
0.00133187
0.00132913
0.0013264
0.00132368
0.00132097
0.00131827
0.00131558
0.0013129
0.00131023
0.00130757
0.00130492
0.00130228
0.00129965
0.00129703
0.00129441
0.00129181
0.00128922
0.00128664
0.00128407
0.0012815
0.00127895
0.00127641
0.00127387
0.00127134
0.00126883
0.00126632
0.00126382
0.00126133
0.00125885
0.00125638
0.00125392
0.00125146
0.00124902
0.00124658
0.00124416
0.00124174
0.00123933
0.00123693
0.00123453
0.00123215
0.00122977
0.00122741
0.00122505
0.00122269
0.00122035
0.00121802
0.00121569
0.00121337
0.00121107
0.00120876
0.00120647
0.00120418
0.00120191
0.00119964
0.00119738
0.00119512
0.00119287
0.00119064
0.00118841
0.00118618
0.00118397
0.00118176
0.00117956
0.00117737
0.00117518
0.00117301
0.00117084
0.00116867
0.00116652
0.00116437
0.00116223
0.0011601
0.00115797
0.00115585
0.00115374
0.00115163
0.00114953
0.00114744
0.00114536
0.00114328
0.00114121
0.00113915
0.00113709
0.00113505
0.00113301
0.00113097
0.00112894
0.00112692
0.0011249
0.00112289
0.00112089
0.0011189
0.0011169
0.00111492
0.00111295
0.00111098
0.00110901
0.00110706
0.00110511
0.00110316
0.00110123
0.00109929
0.00109737
0.00109545
0.00109354
0.00109163
0.00108973
0.00108784
0.00108595
0.00108407
0.00108219
0.00108032
0.00107846
0.0010766
0.00107475
0.0010729
0.00107106
0.00106923
0.0010674
0.00106557
0.00106375
0.00106194
0.00106014
0.00105834
0.00105654
0.00105475
0.00105297
0.00105119
0.00104942
0.00104765
0.00104589
0.00104413
0.00104238
0.00104064
0.0010389
0.00103716
0.00103544
0.00103371
0.001032
0.00103028
0.00102858
0.00102687
0.00102518
0.00102348
0.0010218
0.00102012
0.00101844
0.00101677
0.0010151
0.00101344
0.00101178
0.00101013
0.00100848
0.00100684
0.00100521
0.00100357
0.00100195
0.00100033
0.000998708
0.000997098
0.00099549
0.000993887
0.00099229
0.000990698
0.000989109
0.000987526
0.000985947
0.000984372
0.000982803
0.000981239
0.000979678
0.000978122
0.000976572
0.000975026
0.000973483
0.000971944
0.000970412
0.000968882
0.000967359
0.00096584
0.000964324
0.000962812
0.000961306
0.000959804
0.000958306
0.000956813
0.000955323
0.000953839
0.000952359
0.000950883
0.000949411
0.000947944
0.00094648
0.000945021
0.000943566
0.000942115
0.000940667
0.000939224
0.000937785
0.000936351
0.000934922
0.000933494
0.000932073
0.000930653
0.00092924
0.00092783
0.000926423
0.000925022
0.000923623
0.000922229
0.000920839
0.000919453
0.00091807
0.00091669
0.000915315
0.000913944
0.000912575
0.000911211
0.00090985
0.000908493
0.000907141
0.000905792
0.000904448
0.000903106
0.000901769
0.000900435
0.000899104
0.000897777
0.000896452
0.000895133
0.000893818
0.000892505
0.000891195
0.000889889
0.000888588
0.00088729
0.000885997
0.000884706
0.000883418
0.000882134
0.000880854
0.000879577
0.000878303
0.000877033
0.000875766
0.000874502
0.000873241
0.000871986
0.000870732
0.000869483
0.000868237
0.000866994
0.000865754
0.000864517
0.000863282
0.000862053
0.000860826
0.000859602
0.000858382
0.000857164
0.00085595
0.00085474
0.000853533
0.000852327
0.000851126
0.000849927
0.000848732
0.000847541
0.000846352
0.000845166
0.000843983
0.000842804
0.000841628
0.000840455
0.000839285
0.000838118
0.000836953
0.000835792
0.000834633
0.000833479
0.000832326
0.000831176
0.000830029
0.000828886
0.000827746
0.000826609
0.000825475
0.000824343
0.000823214
0.000822089
0.000820966
0.000819846
0.000818729
0.000817614
0.000816503
0.000815395
0.000814288
0.000813185
0.000812084
0.000810986
0.000809892
0.000808798
0.000807709
0.000806622
0.000805538
0.000804455
0.000803377
0.0008023
0.000801227
0.000800158
0.000799088
0.000798021
0.00079696
0.000795899
0.000794841
0.000793786
0.000792734
0.000791684
0.000790637
0.000789593
0.00078855
0.000787511
0.000786475
0.00078544
0.000784408
0.00078338
0.000782353
0.000781328
0.000780307
0.000779288
0.000778271
0.000777258
0.000776247
0.000775237
0.00077423
0.000773226
0.000772225
0.000771225
0.000770228
0.000769233
0.00076824
0.00076725
0.000766263
0.000765279
0.000764295
0.000763314
0.000762337
0.000761361
0.000760388
0.000759416
0.000758448
0.000757482
0.000756517
0.000755556
0.000754596
0.000753639
0.000752684
0.000751731
0.00075078
0.000749831
0.000748883
0.000747939
0.000746997
0.000746058
0.000745121
0.000744186
0.000743254
0.000742322
0.000741393
0.000740467
0.000739543
0.000738622
0.000737701
0.000736783
0.000735868
0.000734954
0.000734042
0.000733132
0.000732225
0.000731321
0.000730417
0.000729516
0.000728618
0.000727721
0.000726826
0.000725933
0.000725044
0.000724155
0.000723268
0.000722384
0.000721502
0.000720621
0.000719743
0.000718867
0.000717993
0.00071712
0.000716249
0.00071538
0.000714514
0.00071365
0.000712787
0.000711926
0.000711068
0.000710212
0.000709357
0.000708505
0.000707653
0.000706804
0.000705957
0.000705112
0.000704269
0.000703427
0.000702586
0.000701748
0.000700912
0.000700077
0.000699246
0.000698416
0.000697587
0.000696761
0.000695936
0.000695111
0.000694291
0.000693471
0.000692654
0.000691838
0.000691024
0.000690212
0.000689401
0.000688592
0.000687785
0.000686979
0.000686175
0.000685374
0.000684574
0.000683775
0.000682979
0.000682184
0.000681392
0.0006806
0.00067981
0.000679023
0.000678236
0.000677451
0.00067667
0.000675888
0.000675108
0.000674331
0.000673555
0.00067278
0.000672007
0.000671236
0.000670468
0.000669699
0.000668933
0.000668168
0.000667405
0.000666644
0.000665885
0.000665127
0.000664371
0.000663617
0.000662864
0.000662112
0.000661363
0.000660614
0.000659867
0.000659122
0.000658379
0.000657637
0.000656897
0.000656159
0.000655421
0.000654685
0.000653952
0.000653219
0.000652487
0.000651759
0.000651031
0.000650305
0.000649579
0.000648857
0.000648135
0.000647415
0.000646696
0.000645978
0.000645263
0.000644549
0.000643836
0.000643125
0.000642415
0.000641707
0.000641
0.000640293
0.00063959
0.000638887
0.000638184
0.000637484
0.000636786
0.000636089
0.000635394
0.000634699
0.000634005
0.000633315
0.000632625
0.000631935
0.000631249
0.000630562
0.000629878
0.000629194
0.000628513
0.000627832
0.000627153
0.000626476
0.000625799
0.000625124
0.00062445
0.000623779
0.000623107
0.000622439
0.00062177
0.000621103
0.000620438
0.000619775
0.000619111
0.00061845
0.000617791
0.000617132
0.000616475
0.000615819
0.000615165
0.000614511
0.00061386
0.000613208
0.000612559
0.00061191
0.000611263
0.000610618
0.000609973
0.000609331
0.000608689
0.000608049
0.000607409
0.000606771
0.000606134
0.000605499
0.000604865
0.000604232
0.0006036
0.00060297
0.000602342
0.000601715
0.000601088
0.000600462
0.000599838
0.000599215
0.000598593
0.000597973
0.000597353
0.000596735
0.000596118
0.000595502
0.000594887
0.000594274
0.000593663
0.000593052
0.000592441
0.000591833
0.000591226
0.00059062
0.000590014
0.00058941
0.000588806
0.000588205
0.000587604
0.000587006
0.000586407
0.000585811
0.000585215
0.000584619
0.000584026
0.000583433
0.000582841
0.000582251
0.000581661
0.000581074
0.000580487
0.000579901
0.000579315
0.000578731
0.000578148
0.000577566
0.000576985
0.000576406
0.000575827
0.000575251
0.000574674
0.000574099
0.000573524
0.000572952
0.000572379
0.000571809
0.000571238
0.000570671
0.000570103
0.000569536
0.000568971
0.000568407
0.000567844
0.000567282
0.00056672
0.000566161
0.000565601
0.000565043
0.000564486
0.00056393
0.000563375
0.000562821
0.000562268
0.000561716
0.000561165
0.000560615
0.000560066
0.000559518
0.000558972
0.000558427
0.000557882
0.000557338
0.000556795
0.000556253
0.000555712
0.000555173
0.000554634
0.000554097
0.00055356
0.000553025
0.000552491
0.000551957
0.000551424
0.000550893
0.000550362
0.000549832
0.000549303
0.000548775
0.000548247
0.000547721
0.000547196
0.000546672
0.000546149
0.000545626
0.000545104
0.000544584
0.000544064
0.000543544
0.000543027
0.000542509
0.000541994
0.000541479
0.000540965
0.000540452
0.00053994
0.000539429
0.000538918
0.00053841
0.000537901
0.000537393
0.000536886
0.00053638
0.000535875
0.000535371
0.000534869
0.000534366
0.000533865
0.000533364
0.000532865
0.000532366
0.000531869
0.000531372
0.000530875
0.00053038
0.000529886
0.000529392
0.0005289
0.000528407
0.000527918
0.000527427
0.000526938
0.00052645
0.000525962
0.000525475
0.00052499
0.000524505
0.000524021
0.000523538
0.000523056
0.000522575
0.000522093
0.000521613
0.000521135
0.000520656
0.000520178
0.000519701
0.000519225
0.000518751
0.000518277
0.000517804
0.000517331
0.000516859
0.000516388
0.000515918
0.000515449
0.00051498
0.000514511
0.000514044
0.000513578
0.000513112
0.000512648
0.000512184
0.000511721
0.000511259
0.000510797
0.000510337
0.000509878
0.000509418
0.000508959
0.000508502
0.000508045
0.000507588
0.000507133
0.000506679
0.000506225
0.000505773
0.000505321
0.00050487
0.000504419
0.00050397
0.000503521
0.000503073
0.000502625
0.000502178
0.000501732
0.000501286
0.000500842
0.000500398
0.000499955
0.000499513
0.00049907
0.000498629
0.000498189
0.000497749
0.00049731
0.000496872
0.000496435
0.000495998
0.000495562
0.000495127
0.000494692
0.000494258
0.000493825
0.000493392
0.00049296
0.000492529
0.000492099
0.00049167
0.000491241
0.000490813
0.000490385
0.000489959
0.000489533
0.000489109
0.000488684
0.000488261
0.000487838
0.000487415
0.000486994
0.000486572
0.000486152
0.000485733
0.000485314
0.000484895
0.000484478
0.000484061
0.000483645
0.00048323
0.000482815
0.000482402
0.000481988
0.000481575
0.000481163
0.000480751
0.000480341
0.00047993
0.00047952
0.00047911
0.000478702
0.000478294
0.000477888
0.000477481
0.000477076
0.000476671
0.000476266
0.000475863
0.00047546
0.000475058
0.000474657
0.000474256
0.000473856
0.000473455
0.000473057
0.000472658
0.000472261
0.000471863
0.000471466
0.000471071
0.000470676
0.000470282
0.000469887
0.000469494
0.000469102
0.00046871
0.000468318
0.000467929
0.000467539
0.000467148
0.000466759
0.000466371
0.000465983
0.000465595
0.000465208
0.000464822
0.000464437
0.000464052
0.000463669
0.000463284
0.000462901
0.000462519
0.000462137
0.000461756
0.000461375
0.000460995
0.000460614
0.000460236
0.000459857
0.000459479
0.000459102
0.000458725
0.000458349
0.000457973
0.000457599
0.000457224
0.00045685
0.000456477
0.000456104
0.000455732
0.000455361
0.000454989
0.000454619
0.000454249
0.00045388
0.000453511
0.000453144
0.000452776
0.000452408
0.000452041
0.000451676
0.00045131
0.000450946
0.000450581
0.000450217
0.000449854
0.000449491
0.000449129
0.000448767
0.000448406
0.000448046
0.000447686
0.000447326
0.000446969
0.00044661
0.000446252
0.000445895
0.000445538
0.000445182
0.000444826
0.000444471
0.000444117
0.000443763
0.000443409
0.000443057
0.000442704
0.000442352
0.000442002
0.000441651
0.000441302
0.000440952
0.000440603
0.000440255
0.000439907
0.00043956
0.000439212
0.000438866
0.00043852
0.000438175
0.00043783
0.000437485
0.000437141
0.000436798
0.000436455
0.000436112
0.00043577
0.000435429
0.000435088
0.000434748
0.000434408
0.000434068
0.00043373
0.000433391
0.000433054
0.000432717
0.00043238
0.000432043
0.000431708
0.000431372
0.000431037
0.000430702
0.000430368
0.000430035
0.000429702
0.000429369
0.000429037
0.000428706
0.000428374
0.000428044
0.000427715
0.000427386
0.000427057
0.000426728
0.0004264
0.000426073
0.000425746
0.000425419
0.000425093
0.000424768
0.000424443
0.000424118
0.000423794
0.00042347
0.000423147
0.000422825
0.000422502
0.00042218
0.000421858
0.000421538
0.000421217
0.000420898
0.000420578
0.000420259
0.00041994
0.000419622
0.000419304
0.000418987
0.00041867
0.000418354
0.000418038
0.000417723
0.000417408
0.000417093
0.000416779
0.000416465
0.000416152
0.000415839
0.000415527
0.000415214
0.000414902
0.000414592
0.000414281
0.00041397
0.00041366
0.000413351
0.000413042
0.000412733
0.000412425
0.000412118
0.000411811
0.000411505
0.000411199
0.000410893
0.000410588
0.000410284
0.000409979
0.000409675
0.000409371
0.000409068
0.000408765
0.000408463
0.00040816
0.000407859
0.000407558
0.000407257
0.000406956
0.000406657
0.000406358
0.000406058
0.00040576
0.000405461
0.000405164
0.000404867
0.00040457
0.000404273
0.000403976
0.000403681
0.000403386
0.000403091
0.000402797
0.000402503
0.000402209
0.000401915
0.000401622
0.00040133
0.000401038
0.000400746
0.000400454
0.000400163
0.000399873
0.000399583
0.000399293
0.000399004
0.000398715
0.000398426
0.000398137
0.00039785
0.000397562
0.000397274
0.000396987
0.000396702
0.000396416
0.00039613
0.000395846
0.00039556
0.000395276
0.000394991
0.000394708
0.000394424
0.000394142
0.00039386
0.000393578
0.000393296
0.000393015
0.000392734
0.000392453
0.000392173
0.000391893
0.000391614
0.000391335
0.000391057
0.000390778
0.0003905
0.000390223
0.000389947
0.00038967
0.000389393
0.000389118
0.000388842
0.000388567
0.000388292
0.000388017
0.000387743
0.000387469
0.000387195
0.000386923
0.000386649
0.000386376
0.000386104
0.000385833
0.000385562
0.000385291
0.000385021
0.000384751
0.000384481
0.000384212
0.000383942
0.000383673
0.000383405
0.000383137
0.000382869
0.000382602
0.000382335
0.000382069
0.000381802
0.000381537
0.000381272
0.000381006
0.000380741
0.000380477
0.000380213
0.000379949
0.000379686
0.000379422
0.00037916
0.000378898
0.000378635
0.000378374
0.000378113
0.000377852
0.000377591
0.000377332
0.000377071
0.000376812
0.000376553
0.000376294
0.000376035
0.000375777
0.000375519
0.000375262
0.000375005
0.000374748
0.000374491
0.000374235
0.00037398
0.000373724
0.000373469
0.000373214
0.000372959
0.000372705
0.000372451
0.000372197
0.000371943
0.000371691
0.000371438
0.000371186
0.000370933
0.000370681
0.00037043
0.000370179
0.000369928
0.000369678
0.000369428
0.000369178
0.000368929
0.00036868
0.00036843
0.000368183
0.000367935
0.000367687
0.00036744
0.000367192
0.000366946
0.000366699
0.000366452
0.000366206
0.000365961
0.000365716
0.00036547
0.000365226
0.000364981
0.000364737
0.000364494
0.00036425
0.000364007
0.000363764
0.000363521
0.000363279
0.000363038
0.000362797
0.000362556
0.000362315
0.000362074
0.000361834
0.000361593
0.000361354
0.000361114
0.000360875
0.000360637
0.000360399
0.000360161
0.000359923
0.000359685
0.000359448
0.000359211
0.000358973
0.000358737
0.0003585
0.000358264
0.000358029
0.000357793
0.000357558
0.000357324
0.000357089
0.000356855
0.000356621
0.000356387
0.000356153
0.000355921
0.000355688
0.000355455
0.000355223
0.000354991
0.00035476
0.000354529
0.000354298
0.000354067
0.000353837
0.000353607
0.000353377
0.000353148
0.000352919
0.000352689
0.000352461
0.000352233
0.000352005
0.000351777
0.000351549
0.000351322
0.000351094
0.000350868
0.000350641
0.000350414
0.000350189
0.000349963
0.000349737
0.000349512
0.000349287
0.000349063
0.000348839
0.000348614
0.000348391
0.000348168
0.000347945
0.000347723
0.0003475
0.000347278
0.000347056
0.000346834
0.000346613
0.000346391
0.000346171
0.000345951
0.00034573
0.00034551
0.00034529
0.000345071
0.000344852
0.000344633
0.000344414
0.000344195
0.000343977
0.000343759
0.000343541
0.000343323
0.000343106
0.000342889
0.000342672
0.000342456
0.000342239
0.000342023
0.000341808
0.000341592
0.000341377
0.000341162
0.000340947
0.000340734
0.000340519
0.000340305
0.000340092
0.000339879
0.000339665
0.000339453
0.00033924
0.000339028
0.000338816
0.000338604
0.000338393
0.000338181
0.00033797
0.00033776
0.000337549
0.000337338
0.000337128
0.000336918
0.000336709
0.000336499
0.00033629
0.000336081
0.000335872
0.000335664
0.000335456
0.000335249
0.00033504
0.000334833
0.000334626
0.000334418
0.000334212
0.000334005
0.000333798
0.000333592
0.000333387
0.00033318
0.000332975
0.00033277
0.000332566
0.000332361
0.000332156
0.000331952
0.000331749
0.000331545
0.000331342
0.000331139
0.000330936
0.000330733
0.000330531
0.000330329
0.000330127
0.000329926
0.000329724
0.000329523
0.000329322
0.000329121
0.00032892
0.00032872
0.00032852
0.00032832
0.00032812
0.00032792
0.000327721
0.000327522
0.000327323
0.000327124
0.000326926
0.000326728
0.00032653
0.000326332
0.000326135
0.000325938
0.00032574
0.000325543
0.000325347
0.00032515
0.000324954
0.000324758
0.000324562
0.000324367
0.000324171
0.000323977
0.000323782
0.000323588
0.000323394
0.0003232
0.000323006
0.000322812
0.000322619
0.000322426
0.000322232
0.000322039
0.000321846
0.000321654
0.000321462
0.000321269
0.000321077
0.000320886
0.000320694
0.000320504
0.000320313
0.000320123
0.000319932
0.000319742
0.000319551
0.000319361
0.000319172
0.000318982
0.000318793
0.000318604
0.000318415
0.000318226
0.000318038
0.00031785
0.000317663
0.000317475
0.000317288
0.000317101
0.000316913
0.000316727
0.000316541
0.000316354
0.000316168
0.000315983
0.000315797
0.000315613
0.000315427
0.000315242
0.000315058
0.000314873
0.000314689
0.000314504
0.00031432
0.000314136
0.000313952
0.000313769
0.000313585
0.000313403
0.000313219
0.000313037
0.000312855
0.000312672
0.000312491
0.000312309
0.000312127
0.000311946
0.000311764
0.000311584
0.000311403
0.000311222
0.000311042
0.000310861
0.000310681
0.000310502
0.000310322
0.000310142
0.000309964
0.000309785
0.000309606
0.000309427
0.000309248
0.00030907
0.000308892
0.000308714
0.000308537
0.000308359
0.000308182
0.000308005
0.000307828
0.000307651
0.000307474
0.000307298
0.000307121
0.000306945
0.000306769
0.000306594
0.000306418
0.000306242
0.000306067
0.000305892
0.000305718
0.000305544
0.000305369
0.000305195
0.000305021
0.000304847
0.000304674
0.000304501
0.000304327
0.000304154
0.000303982
0.000303809
0.000303637
0.000303465
0.000303293
0.000303121
0.000302949
0.000302778
0.000302607
0.000302435
0.000302265
0.000302093
0.000301923
0.000301753
0.000301583
0.000301413
0.000301243
0.000301074
0.000300904
0.000300735
0.000300566
0.000300397
0.000300228
0.00030006
0.000299891
0.000299723
0.000299555
0.000299387
0.00029922
0.000299052
0.000298885
0.000298718
0.000298552
0.000298385
0.000298218
0.000298052
0.000297886
0.000297721
0.000297555
0.000297389
0.000297224
0.000297058
0.000296893
0.000296728
0.000296563
0.000296399
0.000296235
0.000296071
0.000295907
0.000295743
0.000295579
0.000295416
0.000295253
0.000295089
0.000294926
0.000294764
0.000294601
0.000294438
0.000294276
0.000294114
0.000293952
0.00029379
0.000293629
0.000293467
0.000293307
0.000293146
0.000292984
0.000292824
0.000292663
0.000292502
0.000292342
0.000292182
0.000292021
0.000291862
0.000291702
0.000291542
0.000291384
0.000291224
0.000291066
0.000290906
0.000290747
0.000290589
0.000290431
0.000290273
0.000290115
0.000289957
0.000289799
0.000289642
0.000289485
0.000289327
0.000289171
0.000289014
0.000288857
0.0002887
0.000288544
0.000288388
0.000288231
0.000288075
0.00028792
0.000287764
0.000287609
0.000287453
0.000287299
0.000287144
0.000286989
0.000286835
0.000286681
0.000286526
0.000286372
0.000286219
0.000286065
0.000285911
0.000285758
0.000285605
0.000285451
0.000285299
0.000285146
0.000284993
0.000284841
0.000284688
0.000284537
0.000284385
0.000284233
0.000284081
0.00028393
0.000283778
0.000283628
0.000283477
0.000283325
0.000283174
0.000283024
0.000282873
0.000282722
0.000282572
0.000282422
0.000282273
0.000282123
0.000281974
0.000281824
0.000281674
0.000281525
0.000281376
0.000281228
0.000281079
0.00028093
0.000280782
0.000280634
0.000280485
0.000280337
0.00028019
0.000280042
0.000279895
0.000279748
0.000279602
0.000279454
0.000279308
0.000279161
0.000279015
0.000278869
0.000278722
0.000278576
0.000278431
0.000278285
0.000278139
0.000277993
0.000277848
0.000277703
0.000277557
0.000277412
0.000277267
0.000277122
0.000276978
0.000276834
0.000276689
0.000276544
0.0002764
0.000276257
0.000276112
0.000275969
0.000275825
0.000275681
0.000275538
0.000275395
0.000275252
0.00027511
0.000274967
0.000274824
0.000274682
0.00027454
0.000274398
0.000274256
0.000274114
0.000273973
0.000273832
0.00027369
0.000273549
0.000273408
0.000273267
0.000273126
0.000272986
0.000272845
0.000272705
0.000272565
0.000272426
0.000272286
0.000272146
0.000272007
0.000271867
0.000271728
0.000271589
0.00027145
0.000271311
0.000271172
0.000271033
0.000270895
0.000270756
0.000270618
0.00027048
0.000270342
0.000270203
0.000270066
0.000269928
0.00026979
0.000269652
0.000269516
0.000269378
0.000269241
0.000269103
0.000268967
0.00026883
0.000268694
0.000268557
0.000268421
0.000268285
0.000268149
0.000268013
0.000267877
0.000267742
0.000267606
0.000267471
0.000267336
0.000267201
0.000267066
0.000266931
0.000266796
0.000266662
0.000266527
0.000266393
0.00026626
0.000266126
0.000265992
0.000265858
0.000265724
0.000265591
0.000265458
0.000265325
0.000265192
0.000265059
0.000264926
0.000264793
0.000264661
0.000264528
0.000264396
0.000264263
0.000264131
0.000263998
0.000263867
0.000263735
0.000263603
0.000263472
0.00026334
0.000263209
0.000263078
0.000262947
0.000262816
0.000262685
0.000262554
0.000262424
0.000262293
0.000262163
0.000262033
0.000261902
0.000261773
0.000261642
0.000261513
0.000261383
0.000261254
0.000261124
0.000260995
0.000260866
0.000260737
0.000260608
0.00026048
0.000260351
0.000260223
0.000260095
0.000259967
0.000259838
0.000259711
0.000259583
0.000259455
0.000259328
0.0002592
0.000259073
0.000258945
0.000258818
0.000258691
0.000258564
0.000258437
0.00025831
0.000258184
0.000258057
0.000257931
0.000257804
0.000257678
0.000257552
0.000257426
0.0002573
0.000257175
0.000257049
0.000256924
0.000256798
0.000256673
0.000256548
0.000256423
0.000256298
0.000256173
0.000256048
0.000255924
0.0002558
0.000255675
0.000255551
0.000255427
0.000255303
0.000255179
0.000255055
0.000254932
0.000254809
0.000254685
0.000254562
0.000254439
0.000254315
0.000254193
0.000254069
0.000253947
0.000253825
0.000253702
0.00025358
0.000253458
0.000253336
0.000253214
0.000253092
0.00025297
0.000252849
0.000252728
0.000252606
0.000252485
0.000252363
0.000252242
0.000252121
0.000252001
0.00025188
0.000251759
0.000251638
0.000251518
0.000251398
0.000251278
0.000251158
0.000251038
0.000250918
0.000250798
0.000250679
0.000250559
0.00025044
0.00025032
0.000250201
0.000250082
0.000249963
0.000249844
0.000249725
0.000249607
0.000249488
0.00024937
0.000249251
0.000249133
0.000249015
0.000248898
0.00024878
0.000248662
0.000248545
0.000248428
0.00024831
0.000248193
0.000248076
0.000247959
0.000247842
0.000247725
0.000247608
0.000247492
0.000247375
0.000247258
0.000247142
0.000247026
0.000246909
0.000246793
0.000246677
0.000246561
0.000246446
0.00024633
0.000246214
0.000246099
0.000245984
0.000245869
0.000245754
0.000245638
0.000245524
0.000245409
0.000245294
0.000245179
0.000245064
0.00024495
0.000244835
0.000244721
0.000244606
0.000244492
0.000244378
0.000244264
0.000244151
0.000244037
0.000243923
0.00024381
0.000243697
0.000243584
0.000243471
0.000243358
0.000243245
0.000243132
0.000243019
0.000242907
0.000242794
0.000242683
0.00024257
0.000242458
0.000242346
0.000242233
0.000242122
0.00024201
0.000241899
0.000241787
0.000241676
0.000241564
0.000241453
0.000241342
0.000241231
0.00024112
0.00024101
0.0002409
0.000240789
0.000240678
0.000240568
0.000240458
0.000240347
0.000240238
0.000240127
0.000240017
0.000239907
0.000239798
0.000239688
0.000239578
0.000239468
0.000239358
0.000239249
0.00023914
0.00023903
0.000238921
0.000238811
0.000238703
0.000238593
0.000238485
0.000238376
0.000238267
0.000238159
0.000238051
0.000237942
0.000237834
0.000237725
0.000237617
0.000237509
0.000237401
0.000237294
0.000237186
0.000237078
0.00023697
0.000236864
0.000236756
0.000236649
0.000236543
0.000236436
0.000236329
0.000236222
0.000236115
0.000236009
0.000235903
0.000235796
0.00023569
0.000235584
0.000235478
0.000235372
0.000235266
0.000235161
0.000235055
0.000234949
0.000234844
0.000234739
0.000234633
0.000234528
0.000234423
0.000234318
0.000234213
0.000234108
0.000234004
0.000233899
0.000233795
0.000233691
0.000233586
0.000233481
0.000233378
0.000233273
0.00023317
0.000233065
0.000232961
0.000232858
0.000232754
0.00023265
0.000232546
0.000232442
0.000232339
0.000232235
0.000232132
0.000232029
0.000231926
0.000231822
0.000231719
0.000231616
0.000231513
0.000231411
0.000231308
0.000231206
0.000231103
0.000231001
0.000230898
0.000230796
0.000230694
0.000230592
0.00023049
0.000230388
0.000230287
0.000230185
0.000230083
0.000229982
0.000229881
0.00022978
0.000229679
0.000229578
0.000229477
0.000229376
0.000229275
0.000229175
0.000229074
0.000228974
0.000228873
0.000228773
0.000228673
0.000228573
0.000228472
0.000228372
0.000228273
0.000228173
0.000228073
0.000227973
0.000227873
0.000227774
0.000227674
0.000227575
0.000227476
0.000227377
0.000227278
0.00022718
0.000227081
0.000226982
0.000226884
0.000226785
0.000226686
0.000226588
0.00022649
0.000226391
0.000226292
0.000226194
0.000226096
0.000225998
0.0002259
0.000225802
0.000225704
0.000225606
0.000225509
0.000225411
0.000225313
0.000225216
0.000225118
0.000225021
0.000224923
0.000224826
0.000224729
0.000224632
0.000224536
0.000224439
0.000224342
0.000224245
0.000224149
0.000224052
0.000223956
0.000223859
0.000223763
0.000223667
0.000223571
0.000223475
0.000223379
0.000223283
0.000223187
0.000223091
0.000222996
0.0002229
0.000222805
0.00022271
0.000222614
0.000222519
0.000222423
0.000222329
0.000222234
0.000222139
0.000222044
0.000221949
0.000221855
0.00022176
0.000221666
0.000221571
0.000221477
0.000221383
0.000221289
0.000221195
0.000221101
0.000221006
0.000220913
0.000220819
0.000220725
0.000220632
0.000220538
0.000220445
0.000220352
0.000220258
0.000220165
0.000220072
0.000219979
0.000219886
0.000219793
0.0002197
0.000219607
0.000219514
0.000219422
0.000219329
0.000219236
0.000219144
0.000219052
0.000218959
0.000218867
0.000218775
0.000218683
0.000218591
0.000218499
0.000218407
0.000218315
0.000218223
0.000218132
0.00021804
0.000217949
0.000217857
0.000217766
