NaN
NaN
4848.2
3071.4
1669.6
1468.7
1621.4
1928.1
2370.4
2924.8
3638.2
4561.5
5749.5
7205.2
9120.3
11151
13757
16638.7
19314.7
20269.2
17320.1
11665.9
6370.6
2808.5
2041.2
2171.6
2543.8
2900.5
3474.4
4263.1
5347.5
6536.2
8223.9
10447.5
12845.1
15665.4
19248.2
23882.9
28670.8
32114
31785.1
25154.2
15735.2
7366.2
2228.6
1354.2
1208.5
1155.4
1066.1
1020.7
1003.6
1105.5
1016
1062
1104
1341.6
1449.9
1643.5
1870.5
2201.2
2553.8
2780.4
2615.2
2257
1667.4
1319.9
1069.8
1181
1264.3
1510.4
1916.9
2480.4
3124.2
3802.4
4624.5
5570.4
6297.7
6639.2
6012.1
4539.9
3028.1
1830.9
1467.7
1485.3
1632.4
1918.2
1994.2
2360.1
2746.4
3355.4
4381.2
5599.2
6981.5
8542.1
10426.8
12672.9
14462.5
15128.8
13935.7
10584.7
6762.5
3562.6
2038.3
1951.8
2125
2366.6
2721.3
3059.3
3654.7
4321.7
5283.6
6321.8
7748.3
9372.6
11367.5
13740.5
16380.4
19762.6
24484.4
27858.2
29182.6
26781.2
20549.5
13139.7
6479.6
2504.5
1924.8
1912.1
1993.3
2242.1
2392.3
2779.4
3153.5
3739.3
4456.2
5323.6
6393.3
7626
9308.4
11025.9
13062.7
15524.8
18442.4
22581.2
26478.7
28844.1
28282.4
24368.6
17603.9
10578.7
4856.8
2534.1
2430.8
2538.7
2803.8
3098.6
3481.6
4051.7
4814.2
5420.2
5624.2
5276.6
4400.1
3327.8
2280.9
1642.9
1511.1
1568.7
1660.6
1798.1
2056
2393.9
3008.8
3533.2
4194.5
4923.3
5660.1
6613.4
7844.7
8662.7
8848.8
8282.2
6663.7
4659.6
2810.7
1525.2
1313.1
1287.8
1310.9
1402.8
1508.5
1583
1733.9
1845.5
2100.1
2531.2
3131
3923.1
4809.7
5780.3
6772.6
7799
9304.2
11166.3
12347.6
12750.6
11930.5
9798.9
6790.3
3849.1
1916.3
1448.3
1435.3
1500.5
1497.3
1592.4
1698.3
1742.9
1872.3
2212
2312.5
2575.9
2927.7
3385.3
3894.1
4551.5
5283.8
6142
7073.6
8243.3
9592.5
11602.2
13168.4
13874.2
13456
11955.8
9032.2
5606.5
2771.4
1229.8
911.3
895.7
825.8
877
874.9
963
992.2
1189
1261.3
1336.1
1431.3
1613.5
1803.7
2077.2
2298.7
2648.5
3012.2
3453.8
4019.2
4497.3
5221.2
6121.6
7240.2
8499.1
9406.6
9655.3
9474.2
8560.6
6995.8
5320.1
3937.9
3244.1
2737.1
2091.2
1537.6
1044.9
843
959.2
865
891.3
868.9
853.1
891.6
957.8
1126.1
1282.7
1453.8
1693.1
1901.1
2165.8
2465.5
2772.3
3261.3
3830.9
4119.4
4094.9
3863.5
3428
2455.6
1558.4
829.5
545.1
497.5
467.9
454.7
464.3
539.6
580.7
573.2
657.8
673.2
707.6
928.2
801.4
921.1
1099.2
1313.5
1674.6
1809
2166.4
2477.3
2795.1
3286.3
3901.5
4559.7
4993.4
5088
4808.6
4337.5
3277.2
2132.1
1312.4
941.3
898.4
887.6
854.4
866.3
778.6
735.1
708.7
677.8
701.5
699.7
733.1
793.1
836
878.6
1032.3
1117.3
1238.1
1369.5
1648.6
1729.7
1956.9
2223.1
2558.3
2904
3351.7
3819.5
4532
4868.7
4886.8
4592.6
4142.4
3321.4
2255.1
1358.2
759.3
587.7
607
551.9
526.7
558.4
631.9
598.2
638.6
676.1
709.8
730.5
744.6
848.4
910.2
961.4
1028.5
1118
1227.1
1389.2
1622.1
1761.8
2061.3
2354.6
2699
2810.6
2850.6
2864.2
2870.4
2761.3
2711.8
2806.2
2829
2765.5
2580.1
2397.6
1997.7
1515.8
1021.7
729.4
694.7
584.7
601.9
636.7
684.5
768.7
854.6
935.5
1044.2
1158.8
1312.8
1448.1
1610.8
1808.2
2035.1
2252.9
2335.7
2252.6
2135
1975.5
1531.7
1091.9
751.7
481.2
433.1
429.6
453.4
456.6
457.5
424.8
460.9
466.8
535.9
474.3
488.8
537.8
539
562.5
620.5
606.5
571.3
623.6
734.1
755.3
865.2
1004.3
1130.2
1277.5
1503.8
1586.9
1793.5
1984.2
2277.3
2606.9
2749.5
2745.8
2665
2594.5
2376.9
2007.7
1618.3
1310.1
1305
1156.1
1075.8
1020.6
932.4
753.6
647.9
539.7
450.5
447.5
546
714.2
774.2
802.6
850.9
890.1
984.5
947.4
946.7
766.7
701.4
703
752.9
847
913.9
1000.8
1030.7
1158
1203.9
1357.1
1414.3
1505.2
1667.3
1798.3
1942.9
2049.4
2056.5
1941.7
1862.1
1719.5
1498.4
1157.8
828
650.3
598.2
523.4
518.7
538.9
512.9
511.9
532.1
513
571.9
560.3
632.4
621.2
706.7
811.9
919.4
928.2
925.1
874.2
839.9
772.7
667.9
643.3
464.4
421.4
395.6
469.7
446.9
440.8
500.4
594.9
567.6
560
651
638.1
677.2
725.9
799.8
815.9
899.2
1017
999.5
962.8
977.3
948.6
941.7
868.5
877.9
832.5
806.3
822
893.5
908.4
1025.2
1109.4
1163.1
1174.1
1154
1069.3
1011.3
930.5
830.7
737.8
625.2
553.8
538.9
540.3
538.7
447
456.9
466
493
454.1
418
532.9
463
449.3
471.9
437.3
504.4
546
558.2
714.7
663.8
651.5
679.3
735.3
788.3
839.9
875.9
849.3
914.4
989.7
1048.8
1119.6
1140
1180.5
1389.7
1375.9
1425
1509.9
1671.3
1758.1
1833.9
1792.9
1828.2
1839.9
1817.8
1776.1
1683.8
1588.2
1411.6
1339.4
1270.3
1233
1131.5
983.8
880.7
852.1
757.7
756.7
700.9
621
564.4
513.7
589.4
591
554.9
495.6
506.1
509.1
497.9
538.8
601.1
642.4
546.3
452
476.7
429.3
456.5
477.8
456.9
460.4
460.2
477.9
467.3
433
479.8
487.8
479.4
438.8
441.3
558.8
504.9
498.9
521.2
650.7
609.3
603.3
690.7
668.6
621.5
613.5
599.4
517.5
565.4
665.8
646.3
751.2
849.7
912.5
1040.2
1126.8
1277.3
1352.4
1462.5
1586.4
1623.4
1683.4
1742.6
1838.5
1888
1907.3
1929
1961.6
1934.2
1945.2
1965.5
1975.8
2024.8
2114.6
1995.1
2014
2026.8
2069.7
2148.6
2152.2
2135.1
2150.3
2153.6
2071.5
2052.2
2027.1
2037.8
1921.1
1917.5
1885.8
1947.3
1949.2
2092.5
2038.6
2039.4
2048.5
2094.9
2087.2
2014.8
2042.8
2060.2
2008.4
2072.2
2029.1
2005.4
1939.6
2023.5
1966.9
1982.5
1895.3
1909.2
1907.8
1833.8
1777.5
1733.1
1659.1
1575.4
1481.2
1444.7
1392.8
1410.9
1484.9
1491.6
1608.8
1562
1619.5
1652.2
1695
1669.8
1622.1
1566.3
1561.8
1520.1
1400.5
1369.9
1326.3
1304.5
1222.1
1167.9
1170.9
1200.2
1139.6
1165.7
1248
1270.8
1246.5
1201.1
1230.3
1199
1195.2
1207.3
1165.9
1174.9
1090.4
1119.4
1052.2
1096.3
1075
1103.2
1104
1173.6
1163.6
1244.7
1264.1
1241.8
1221
1180.2
1113.8
1091.7
1005.3
926.1
844.5
856.2
667.1
652.9
684.3
597.5
639.5
645.5
648.2
623.4
636.3
703.2
632.6
731.1
709.3
687.8
778.5
745.9
822.6
813.1
818.3
857.9
851.8
978.1
945.2
983
1022.5
1080.2
1058.8
1101
1100.7
1171.3
1207.6
1225.4
1290.6
1346.8
1525.5
1639.4
1710.4
1915.2
2081.8
2309.4
2589.6
2952.7
3371.7
3937.2
4519.7
4889
5307.6
5498.2
5733.8
5768.9
5914.1
6016.5
6124.4
6223.1
6345.5
6363.4
6051.5
5724.8
5416.8
5285.3
5179.6
5191.2
5579.2
6012.5
6679.9
7271.2
7804.6
8081.5
8216.6
8376.9
8503.8
8634.7
8835.5
8722.1
8907.1
8910.6
8564.8
8050
7534.6
6932.3
6631.4
6298.2
6360.6
6629.4
7187.9
7741.1
8435.3
8919
9103.1
9366.4
9444.4
9472.3
9634.3
9798.9
9885.4
9909.7
10048.2
9737.3
9048.9
8229.9
7524.2
7021.9
6631.6
6475.8
6783.1
7283.6
7914.9
8567.5
9245.1
9631.9
9837
9790.5
9856.8
9826.6
10024.9
10228.7
10276.1
10456.2
10343.7
9928.3
9044.2
7989.9
7323.5
6575.4
6189.3
6136.2
6366.4
6778
7310.5
7854.2
8505.1
8895.4
9137.1
9104.2
8931.9
8963
8873.8
9150.7
9240.3
9285.3
9400
9102.4
8480.6
7394.4
6597
5929.6
5582
5396.5
5607.4
5919.7
6452.3
6961.6
7529.5
8193.7
8557.3
8741.7
8573.9
8368.7
8304
8273.4
8694.7
8758.3
8938.1
9073.5
8885.3
8300.6
7290.8
6354.8
5700.6
5329.3
5084.4
5280.3
5492
5808.8
6172.2
6675.6
7305.1
7694.6
7854
7851.8
7511.5
7335.7
7194
7249.9
7587.9
7628
7587.4
7420.7
7079.3
6468.9
5547.4
4564.9
3869.2
3445.5
3271.3
3213.6
3110.5
3248.2
3310.9
3513.4
3741.6
3995.5
4264.3
4096.7
3971.4
3807.2
3782.6
3788
4115.1
4202.4
4280.1
4167.1
4205.7
3846.8
3220.3
2701.1
2317.8
2158
2114.6
2156.3
2192.7
2285.3
2407.4
2581
2660.9
2901.1
3009.7
2993.7
2831.1
2713
2701.7
2663.4
2636.1
2729
2777.5
2686.5
2647.4
2561.4
2394.6
2017.3
1796.7
1652.1
1579.1
1635.1
1646.3
1670.5
1810.6
1966.9
2199.9
2413.6
2679
3067.1
3342.6
3509.9
3628.5
3591.7
3434.5
3421.8
3485.2
3561.1
3645.7
3668.1
3561.9
3382.5
3386.8
3311.2
3087
2695.8
2406.3
2206
2254
2292
2339.5
2374.4
2516.2
2759.7
3149
3524.1
3981.8
4470.7
4970.3
5451.8
5853.1
6076.7
6056.2
5743
5588.5
5576.9
5769.1
5929.8
6144.5
6062
5725.4
5523.3
5543.5
5417.2
4756.6
3792.6
3400
3369.3
3486.3
3422.5
3363.6
3479.6
3694.6
4123.6
4441.2
5118.7
5745
6518.1
7294.1
7929.7
8380
8764.9
8658.6
8219.8
7801.7
7861.4
8296.9
8486.9
8806.4
8814.9
8289.5
7858.7
7800.7
7896.7
6972.1
5602.4
4667.4
4672.9
4878.2
4842.1
4711.4
4624.5
4685.5
5185.8
5667.9
6296.4
7050
7834.8
8845.3
9809
10604.6
11223
11592.6
11316.7
10776.6
10119
10360.6
11040.7
11232.9
11764.2
11791
11198.5
10460.7
10387.7
10538
9496.6
7589
5989.1
6029.2
6216.7
6339.7
6100
6063.6
6104.7
6496.8
7140.5
7804.4
8813.2
9760.3
10978.1
12239.5
13343.2
14254.9
15130.4
15516.1
15052.5
14114.3
13481.7
14038.9
14693.1
14951.2
15688.7
15506.2
14964
13962.7
13768.2
14018.2
12853.9
10301.9
8157.8
8055.8
8553.5
10466.9
15614.7
19440
19831.5
15860.5
11498.6
10811.9
11551.4
12661.8
13975.8
15572.1
17241
18535.1
19514.4
20457.2
20417.6
19811.4
18554.4
18081.9
18697.2
19458.5
19902.2
20811.3
20541.1
19882.5
18547.4
18303.4
18214
16529.4
13237.5
10326.8
9645.5
9648.5
9628.8
9332.3
8936.1
8642.4
8427.5
8879.2
9578.6
10412.3
11421.8
12446.1
13859.3
15333.9
16573.2
17561.1
18554.1
19049.5
19028.3
18154
17127.5
16889
17244.3
17758.2
18461
18739
18533.6
17828
16773
16345.1
16182.8
14587.2
11808.8
9308.5
8089
7700.1
7560.5
7370.2
6940.6
6632.9
6284.6
6390.7
6532
7009.7
7518.3
8180.9
8991.8
9816.1
10739.8
11519.8
12263.4
12709.3
13007.2
12814.2
12456.9
11950.5
11745.4
11736.1
12117.2
12369.6
12615.7
12481.2
11982
11508.9
11156.5
10695.7
9618.8
8032.3
6521.9
5412.8
4868.9
4589.6
4262.3
3935.5
3618.6
3294.8
3165.6
3080.9
3083
3242.2
3421.7
3755.8
3966.6
4285.4
4665.6
4864.6
5163.3
5292.5
5401.3
5332.6
5222.2
5043.4
4904.8
4929.3
4966.7
5111
5013.8
5098.5
4872.9
4800.7
4561.4
4334.6
3874.2
3416.8
2855.4
2312.9
2022.6
1762.4
1486.7
1345.5
1197.1
1066.5
933.7
805.3
657.8
666.3
563.3
537.4
539.1
490.4
519.5
459.5
544.5
528.7
498.1
495.8
464.4
463.9
450.4
476.6
494.2
532.7
438.1
462.8
469
554.8
490.5
527
523.2
556
581
534.5
647.5
562.6
536.7
541.2
598.6
573.1
664.1
633.4
666.4
642.2
723.5
859.5
878.3
890
790.3
755.7
851.9
845.4
884.4
838.7
926.2
962.1
1045.1
1012.4
1037.8
1098.5
1122.8
1242.2
1256.7
1348.8
1425.5
1569.3
1671.1
1957.7
2073.5
2193.7
2417.4
2702.6
2877.7
3054.7
3392.7
4885.2
6167.2
5741.1
4098
1834.4
1405.1
1398.2
1400.8
1457.4
1685.4
1690.4
1842.3
2053.4
2246.9
2482.4
2768.8
3084
3549.1
4003.3
4426.4
5008.5
5646.9
6343.5
7043.5
7924
8837.8
9876
10873.8
11967.6
13172.2
14384.9
15590.6
17260.2
21486.7
28156.8
31464.3
28265.5
18298.4
9114.1
5068.7
3860.1
3487.6
3177.8
3001.6
2826.3
2735.8
2560.3
2486.1
2522.7
2488
2597.4
2631
2785.5
2738.2
2895.6
3030
3241.6
3449.5
3751.4
4058.4
4357.8
4765.4
5123.9
5512.7
5915.1
6350.5
6734.1
7138.8
7400.7
7640.6
7773.7
8043.5
8096.3
8243.9
8247.5
8312
8422.2
8466.9
8423.2
8369.5
8424.2
8383
8321.9
7950.4
7763.5
7610.7
7399.3
7024.4
6682.4
6472.7
6106.8
5882.1
5633.7
5330.8
5170.7
5008.4
4995
4993.3
5233.9
5296.4
5591.2
5965.3
6277.5
6740.6
7178.4
7874.4
8426.1
9146.6
9872.5
10738.1
11536.5
12352
13269.4
14011.9
14533
14861.4
15071.6
15242.7
15451.8
15367
15393.1
15274.6
15350.7
15423.6
15363.5
15200.4
15131.9
15105.9
14978.3
14634.4
14279.3
13938.4
13647.1
13203.1
12932.7
12432.8
11944.2
11600.8
11353.5
11019.1
10978.6
10926.8
11083.6
11186.2
11339.5
11401.1
11450.1
11364.3
11281.7
11094
11042.5
11096.9
11233.6
11433.1
11611.7
12175.4
12708.5
13510.9
14448.5
15356.5
16308.3
17257.7
18064.2
18858.3
19426.1
20203
20963.5
21464.7
22084.7
22468.2
22973
23741.7
24212.6
24398.2
24696.4
25185.6
25791.6
26118.8
26675
26811.6
27125.1
27054.8
26656.8
25701.8
24753.9
23263.6
21586.2
19930
18333.2
16812.4
15200.7
13781.1
12316.3
11144.4
10110.8
9404
9033.1
8936.6
8954
9155
9550.8
9987.6
10547.9
11123.6
11831
12828.9
13856.9
14784
15864.4
17114.9
18234.8
19392.4
20583.7
21749.1
22762.9
23811.1
25070.1
26251.1
27512.1
28784.6
30064.6
30975.7
31605.6
32021
31987.3
31353
30816.6
30019.6
28549.7
27256.2
26033.3
24625.8
23156.4
21482.4
19807
17995.7
16426.9
14791
13401.2
12290.2
11394.2
10512.5
9782.5
9152.8
8687.2
8181.4
7806
7522.4
7433
7314.7
7309.9
7354.4
7536.5
7840.7
8162
8487.7
8879.8
9462.9
10050.1
10786.4
11360.7
12049.7
12804.6
13515.5
14093.5
14538
15083.7
15479.5
15838.6
16185.6
16458.2
16549.3
16797.7
16967
17106.8
17090.6
17144.8
17052
16845.1
16774.3
16438.6
16144.4
15694.8
15294.2
14787.2
14467.2
14161.6
13915.4
13777.8
13800.2
13911.8
13829.1
13760.9
13631.7
13300.7
12989.2
12298.5
11834.5
10872.4
10329.2
9751.7
9106.7
8647
7983.3
7396.9
6847.8
6239.4
5702.6
5190.8
4579.2
3977.6
3468
3109.6
2801.7
2527.7
2418.1
2287.8
2256.9
2204.8
2282.4
2219.2
2338.7
2364
2408.5
2537.4
2649.4
2741
2964.2
2953.7
3107.9
3297.8
3381.6
3646.6
3857.6
4059
4120.5
4268.7
4307.7
4372.3
4398.4
4356.9
4303.4
4193.5
4026.1
3885.8
3817.3
3640.3
3370.4
3211.3
3128.6
2861.9
2797.9
2413.4
2241.1
2084.5
1992
1711.8
1563.3
1443.1
1375.9
1344
1317.9
1303.8
1354.5
1415.1
1355.6
1403
1480.8
1636.6
1715.6
1774.4
1898.3
2039.9
2205.2
2356
2492
2725.6
3011
3221.1
3521.4
3767.5
4000.1
4235.9
4402.8
4561.9
4582.3
4627.8
4797.6
4690.5
4612.9
4560
4529.6
4412.2
4248.3
4087.3
3851.6
3731.5
3569.9
3260.4
2943.8
2739.1
2576.2
2334.3
2076.8
1861.1
1663.9
1462.6
1402.6
1276.8
1236.5
1180.6
1111.9
1109.6
1082.7
1111.9
1068.1
1135.5
1127
1099.2
1122.8
1123.4
1205.5
1207
1317.6
1403.9
1364.5
1515.7
1568.4
1722.6
1821.9
1958.7
2085.9
2376.6
2671.9
2757.9
2897.5
2859.4
2876.3
3056.6
2987.1
2896.1
2882.1
2889.2
2932.1
2879.2
2970.2
2613.4
2541.7
2498.9
2301.9
2035.5
1822.8
1776.3
1581.1
1429.5
1286.8
1127.2
908.3
830.3
717
716.9
653.9
611.6
636.3
662.1
653.8
658.1
618.2
631.7
670.3
490.1
584.9
557.2
511.1
579.2
497.2
464.5
475.7
435.7
424
360.1
355
276.8
241.8
256.2
230.4
226
190.8
224.8
119.3
177.7
160.8
164.9
105.8
173.9
116.4
164.7
169.8
188.8
152.3
214.9
211.7
267.8
258.3
304.6
362.7
372.6
437.8
517.8
461
476.4
482.5
429.1
385.2
456.8
377.1
434.9
397.3
396.1
367.3
301
270.2
273.9
297.9
267.5
218
281.1
114.1
137.7
260.2
82.9
78.4
90.8
60.7
52.1
56
14.1
0
15.5
34.3
44.2
87.2
176.9
77.1
10
29.3
68.3
118.9
62
90
86.9
74.5
135.6
104.3
113.6
179.8
188.1
198.6
182.8
255.1
311.5
323
342.8
310.3
344
315.5
321.2
315.4
371.2
327.7
290.7
230.7
274
273.3
190.8
188.4
183.9
124.6
123.2
170
135
113.8
187.7
230
326.9
443.2
587.2
658.5
623.7
548.8
514.3
548.1
522.5
563.5
578.5
618.8
567.1
463.6
395.6
422.2
318
421.5
283.6
289.6
296.7
246
279.1
226.7
233
239
239.5
245.4
270.6
249
415.7
263
231.6
275.7
246.6
290.9
303.8
252.9
307.4
300.7
363.6
390.2
360
308.2
330.5
298.4
223.4
252.1
233.8
245.4
167.4
133.7
109.1
156