5956.1
4397.2
2584.3
1430.8
1266.2
1430.7
1825.2
2187.8
2681.4
3433.8
4400.5
5511.7
7013.7
8574.3
10649.7
13166.1
15758.9
18173.2
19460.4
16674.7
11195.7
5767.1
2257.9
1851.1
2103.4
2353.5
2782.8
3350.2
4180.8
5113.6
6346.7
8154.4
10009.3
12430.3
15247.1
18583.6
22605.2
27106.2
30829.8
31891.1
25346.9
15460.6
6678.1
1766.7
1234
1100.8
984.5
875.2
882.9
1014
800.3
766.8
790.7
1020.6
999.3
1146.2
1335.9
1493.5
1823.3
2170.5
2276.8
2334.5
1903.5
1468
1035.4
880.8
892
1018.7
1216.4
1576.2
2058.9
2629.1
3298.5
3948.9
4746.1
5528.7
6074.3
5670.3
4203.3
2732.4
1562.1
1179.8
1261.1
1572.6
1596
1970
2097.7
2264.3
2988.6
3824.1
4905
6279.4
7816.8
9059.5
11028.1
13060
14342.2
13911.4
10385.8
6466.4
3147.6
1667.1
1686.2
1913.9
2151.3
2369.7
2800.2
3333.9
4046.9
4829.3
5952
7111
8678.9
10510.4
12792.9
15195.9
18087.1
21882
26304.9
28566.9
27742
21054.2
12950
6028.1
2178.6
1686.9
1673.2
1835.3
1923.3
2251.2
2522
2974.9
3500.7
4198.1
5126.8
6026.2
7440.5
8792.4
10572.1
12596.9
15048
17584.8
20718.4
25215.1
28727.7
29390.5
26109
18043.1
10479.5
4299.7
2228.2
2090.4
2264.9
2352.2
2646.3
2991.3
3423.1
4136.3
4755.8
5056
4992.7
4057.6
2934.8
1985.3
1331.7
1295.3
1340.5
1451.9
1589.3
1833.6
2263.4
2622.3
3130.3
3834.5
4496
5091.8
5783.7
6844.6
8002.5
8558.6
8131.5
6463.7
4347.4
2433.4
1309.4
1076.6
1081.9
1133.7
1223.6
1275.2
1471.2
1518.9
1650.1
1853
2226.7
2786.7
3558.5
4369.7
5415.6
6299.2
7265.1
8397.5
10268.1
11973
12711.8
12283.3
9797.5
6520.6
3591.3
1687.7
1328
1381.1
1375.9
1441.9
1524.3
1565.2
1658
1917.4
1931.1
2148.6
2432.1
2764.9
3197.8
3704.9
4373.9
5025.7
5850.9
6837.6
7878.3
9221.6
10679.2
12791.2
14178.6
14168.2
12564.2
8994.1
5474.4
2491.3
1039.1
856.3
726.1
730.2
681.9
772.6
748.6
998.2
1068.6
1115.1
1179.2
1327.3
1487.2
1723.3
1853
2206.3
2477.4
2829.2
3324
3734.9
4346
5065.5
5875.2
6787.1
8107.4
9484.9
10143
9771.7
8581
6734.3
5071.6
3745.5
3050.6
2539.7
2005.3
1281.7
872.5
922.9
689.9
745.2
697.9
667.3
686.2
725.9
864.1
966.9
1102.5
1259.9
1458.1
1689.5
1942.3
2189.9
2472.9
2849.5
3435.1
3788.3
3984.6
3912.1
3160.6
2298.8
1295.8
620.9
378.8
310.2
302
301.6
383.4
394.9
402.2
455.2
495.2
526.8
827.8
551
630.2
729.8
908.6
1292.4
1312.1
1632.6
1942.3
2142
2575.7
2849.3
3428.8
4220.2
4945.1
5130.2
5077.6
4239.1
3108.6
1980.8
1161.7
858
897.8
896.4
872
805.8
725.2
706
579.7
594.6
558.9
588.5
620.1
647.6
682.8
809.5
880
922
1074.8
1399.6
1357.4
1543.2
1801.8
2045.4
2350.4
2668.7
3039.2
3587.4
4154.2
4857
5022.9
4907.4
4241.7
3303.2
2151.3
1166.1
596.5
490
404.6
401.4
440.3
499.4
495.6
508
561
592
572.8
596.9
700.8
716.6
748.5
776
813.7
889
1025.5
1275.7
1297.3
1510
1778.9
2146.9
2382.1
2611.5
2683.9
2814
2644.8
2533.1
2461.8
2567.8
2813.8
2858.7
2760
2383.4
1983.8
1399.6
884.3
639.5
474.1
482.8
439.5
459.7
593.6
612.8
677.1
769
825.4
976.9
1113.3
1245.8
1318.2
1510.2
1753.9
2008.7
2281.2
2286.6
2149.3
1847.2
1387.5
953.7
537.3
324.7
299.2
332.2
328
302.9
275.6
368
307.8
473.8
280.1
381.6
420.1
429.5
440.1
526.1
474.8
389.3
418
526
507.3
553.8
652.7
824.6
923.1
1203.7
1300.9
1474.7
1590.2
1747
2030.3
2401
2742.5
2812.2
2796.1
2691.4
2377.3
2010.6
1592.3
1448.4
1342.9
1279.4
1214.2
1120.2
893.3
719.1
597.7
407.4
337.5
279.4
377.7
387.1
506.8
619.4
661.3
744.7
766.9
837.5
661.5
558.7
524.9
584.5
681.5
725.5
776.4
836.7
948.9
960.7
1144.3
1192.3
1202.4
1416.9
1482.1
1579.8
1730
1987.3
2039.2
1998.7
1852.5
1696
1404
984.4
731.6
492.4
397.8
359
398.3
340
338.8
387.5
335.4
366.6
387.5
421
402
478.8
570.9
642
649.6
744.7
760.8
736.6
687.1
634.3
636
383.6
309.2
274.2
303.1
248.4
289.8
294.2
475.8
409.2
397.4
468.6
437.2
491.9
529.5
631.8
632
639.8
810.6
764
797.2
894.3
882.6
782.1
781.1
774
714.1
636.6
606.6
695.5
705.4
807
807
931.8
1024.8
1078.7
986.1
974.4
899.5
822.3
756
557.2
475.8
450.3
412.6
449.9
375.6
304.4
374.2
337.3
338.2
286
386.6
268
270.3
284
250.2
355.1
366.9
396.4
598.6
467
473
474.9
549.1
594.7
665
684.1
659.9
733.2
822.1
810.3
911.6
896.6
925.3
1181.8
1113.5
1208.2
1202.8
1367.4
1455.9
1566
1657.3
1720.5
1754.6
1726.7
1712.5
1665.9
1712.3
1505.2
1472.2
1380.8
1243.4
1099
950.2
787.3
726.4
634.6
599.5
568.1
538.8
439.5
413.5
471.6
454.7
418.4
304.8
291.8
298.8
315.7
380.4
481.9
559.7
365.5
312.8
330.4
287.6
283.3
353.4
314.2
285.2
296.3
340.8
334.8
286.2
302.6
316.6
326.1
285.8
279.7
437.6
334.3
284.8
307.7
408.4
398.1
416.5
564.3
560.5
488.7
475.4
467.6
388.5
368.7
469.8
428.4
482.7
557.4
608
728.7
840.6
993.9
1015.7
1103.3
1279.9
1385.3
1433.5
1476.1
1550.2
1640.9
1688
1627.2
1751.3
1767.5
1776.2
1771.1
1727.6
1773.3
1859.2
1773.4
1788.4
1768.6
1841.6
1923.7
1887.2
1901.5
1892.4
1987
1995.2
1928.2
1874.7
1824.8
1744.3
1735.4
1695.4
1748.3
1709
1895.4
1789.5
1835.5
1807.1
1813.8
1870.7
1909.8
1920.2
1844.9
1788.2
1873.3
1803.1
1788
1729.9
1841.4
1728.1
1781.6
1689.1
1701.1
1690.4
1723.2
1666.2
1631.4
1571.6
1484.7
1321.9
1286.9
1192.8
1221.7
1233
1220.8
1346
1280.5
1325.8
1384
1458.8
1505.9
1496.5
1461.5
1416.5
1355.4
1319.2
1244.1
1181.1
1148.4
1123.8
1064.1
999.5
996.7
951.3
940
1028.7
1127
1119.5
1094.3
1139
1074
1043.5
1009.7
1040.7
1044.5
969.6
1017.9
982.3
970
922.1
936.6
923.1
1010.6
1021.7
1157.5
1156.8
1178.9
1172
1086.1
1155.7
1137.8
1036.6
972.5
826.6
900.3
576.3
547.4
560.1
452.8
458.4
461.8
468.6
482.5
483.1
508.9
457.5
609.2
575
588.4
567.9
584.3
680.4
685.8
685.3
682
707.4
849.3
803
865
907.4
951.7
971.8
1016.1
1016.2
1068.3
1096.1
1079.9
1161.8
1099.1
1248.3
1367.7
1401.1
1612.5
1637.8
1816.9
1993.2
2231.6
2502
2917.2
3431.8
3862.4
4478.3
4876.5
5243.6
5297.9
5373.7
5414.1
5600
5703.3
5750.3
5970.6
6013.4
5945.7
5510.8
5204.2
4944.3
4738.6
4817.5
4942.2
5387.1
5907.2
6641.4
7220.6
7656.9
7919.5
8011.4
8011.4
8183.8
8160.3
8385.9
8354.2
8464.8
8470.6
8262.5
7359.2
6772.2
6169.6
5946.4
5783.8
6093.9
6545.1
7118.5
7718.9
8376.6
8855.3
9021.9
9009.3
9039.6
9008.3
9208.9
9450.5
9485.5
9688.6
9631.7
9208.7
8438.9
7507.4
6765.2
6265.3
6115.4
6276
6705.9
7346.5
7881.9
8550.2
9269.5
9548.2
9688.6
9598.3
9439.9
9494.2
9825.8
10112.7
9996.6
10148.5
9920.4
9420.2
8475.5
7213.9
6456.7
5984.2
5748.4
5950.6
6376
6788.3
7261.1
7880.9
8627.2
8978.3
9027.8
8820.2
8484.1
8422.2
8621.1
8962
9116.4
9147.1
9040.5
8551
8026.4
6678.3
6000.7
5275.7
5042.3
5259.1
5677.4
5966.1
6535.3
7081.3
7699.3
8376.4
8630.5
8667
8343.2
8021.4
8073.7
8220.7
8778.8
8760.6
8966.1
8868.4
8565.1
7999.8
6695.9
5998.3
5127.2
4976
5128.5
5417.4
5526.8
5907.5
6447.8
6938.1
7545.6
7931.9
8050.2
7756.1
7283.3
7033.7
7001.6
7343.5
7675.8
7592.4
7453.3
7226.1
7243.9
6094
4843.6
4094.7
3350.6
3238
3095.2
3210.8
3063.6
3104.1
3208.9
3446.1
3977.1
3920.7
4092.6
3899.9
3716.7
3535
3583.9
3772
4150.6
4104.7
4250.3
3955.9
3850.9
3514.6
2833
2333
1915.7
1929.8
1970.2
2049.5
2148.1
2203.1
2190.8
2420.8
2623.5
2790.6
2776.8
2775.8
2576.4
2498.9
2325.8
2398.6
2574.5
2535.1
2480.2
2409.1
2397.1
2197.9
2040.5
1714
1448.6
1414.6
1428.3
1357.9
1394.3
1534.7
1631.4
1791
2005.2
2285.5
2666.2
2864.3
3141.6
3270.6
3352.6
3273.1
3092
3156.4
3139.8
3276.9
3281.2
3349.7
3257.5
3046.7
3045.3
3034.1
2825.1
2238.8
1961.5
1995.5
2142.1
2110.3
2142.8
2174.7
2447.9
2716.2
3062.7
3479.7
3914.4
4422.4
4954.5
5313.9
5749.8
5752.5
5624
5279.3
5156.4
5403
5490.4
5706.3
5830.8
5634.2
5327.9
5093.2
5192.5
4890.8
4101.2
3264.8
3085.4
3222.4
3265.2
3264.1
3170.2
3333.7
3530
3991.2
4487.7
5121.7
5730.5
6574
7253.7
7774.3
8262.4
8434.6
8183.2
7708.8
7350.1
7750.5
7989
8308.3
8452.2
8281.2
7855.6
7441.1
7572.4
7332.1
6281.1
4935.4
4462.4
4549.3
4801.3
4639.1
4443
4474.4
4704
5194.7
5715.1
6413
7173.9
7952.1
8993
9903
10642.9
11181.2
11280.9
10892.1
10254.6
9973.7
10443.4
10748.4
11237.3
11568.6
11271.7
10735.7
9986.1
10225.3
10019.1
8690.3
6717.1
5934.8
6007.8
6108.4
6135.6
5990.7
6030.2
6051.4
6629.5
7317.2
8042.4
9104.6
10104.3
11269.2
12528.8
13566.4
14533.5
15107.8
14938.5
14528.4
13697
13491
14024.2
14629.3
15038.1
15404.7
15219
14399.7
13601.8
13824.4
13469.6
11702.2
9325.6
8098.3
8246.7
9111.8
11512.6
14987.9
16718.9
15960.6
12758.9
11024.9
11067.2
11893.5
13125.6
14522.3
16139.7
17448.9
18694.9
19783
20321.9
20013.2
19240.3
18364
18462.4
18881.1
19571.9
20179.6
20607.5
20218.6
19217.9
18381.6
18155.4
17363.4
15086.6
12186.6
10246.1
9601.7
9488.6
9362.5
9099.8
8697.7
8515.6
8630.5
9023.3
9769.7
10684.6
11824
13032.9
14340.6
15534.8
16774.5
17752.1
18737.9
18722.8
18422.5
17788.8
17179
17157.7
17505.9
17829.6
18310
18450.1
18004.1
17257.3
16787.9
16162
15342.9
13288.7
10910.1
9039
8119.6
7699.8
7409.4
7270.7
6702.3
6544.5
6277.6
6361.7
6659.6
7129
7709.5
8382.8
9206.1
10016.2
10850.3
11613.7
12263
12528.7
12807.6
12492.6
12286.3
11808.5
11804.3
11875.3
12193.8
12284.3
12387.5
12119.3
11767.7
11313.6
10833.5
10061.8
8918.6
7441.8
6192.7
5435.7
4723.1
4364.2
4072
3731.2
3462.1
3245.6
2999.2
2999.5
3059.5
3321
3471.3
3675
4132
4270.7
4605.4
4820.9
5064
5196.7
5262.8
5195.3
5063.5
4994.1
4924.5
4934.9
4860.1
5062.9
4983.3
4936.6
4733.2
4660.2
4315.5
4063.8
3604
3053.9
2624.8
2224.6
1810.2
1541.9
1345.9
1181.7
1039.9
884.3
689
698.3
493.6
444.4
443.6
340.4
364.8
309.7
404.7
366.3
362.7
311.4
269.4
280.6
302.4
317.6
324.1
363.5
245.5
316.1
322.8
400.8
304.3
337.2
352.9
380.8
398.9
345
578.2
406.3
385.7
379.9
444.2
368.5
530.1
425.9
445.8
435
479.7
596.7
597.1
731.8
675.3
684.3
726.2
659.4
698.9
655.5
709.7
712.5
883.6
803.4
831.9
809.3
892.5
1021.8
981.4
1049.7
1090.9
1198.3
1263
1556.3
1590.5
1669.5
1803.6
2097.2
2323
2414.1
2607.8
2798.3
3303.5
4832.4
5615.5
4978.3
3093.2
1490.3
1229.1
1207.9
1390.9
1331.8
1415.1
1565.7
1746.5
1905.6
2193.8
2384.9
2720.3
3108.5
3394.9
3899.9
4400.6
4946.9
5533.4
6299.2
6993.4
7861.2
8711.2
9654
10766.2
11773.1
13024.2
14148.5
15396
17997.2
22667.5
27785.1
28833.1
24362.4
15692.5
8601.7
5013
3703
3300.7
3041.6
2843.1
2624.4
2483.7
2508.8
2423.2
2506.8
2413.2
2591.5
2442
2569.7
2673.5
2848
2999.8
3224.5
3495.1
3788.3
4102.4
4425.2
4723.8
5145.5
5510
6000.8
6394.3
6760.7
7121.5
7337.1
7648.8
7721.5
7992.2
8090.9
8147.8
8190.9
8301.2
8492
8464.3
8328.4
8361.7
8400.5
8316.5
8112.1
7850.7
7719.3
7517.2
7151.8
6965.2
6580.5
6358.1
6058.4
5800.1
5519.6
5345.1
5176.5
5021.1
5130.9
5062.9
5213.8
5530.2
5685.8
6026.9
6370.8
6986.3
7346.2
7941
8597.4
9318.7
10047.3
10787.9
11699.9
12624.3
13232.6
13818.4
14343.9
14659.5
15028.2
15138.5
15436.6
15362.2
15259.9
15401.9
15401.7
15388.5
15243.4
15102.7
15117.9
15133
14920.5
14460.7
14209.3
13738.7
13686.4
13229
12693.3
12250.1
12009.8
11649.9
11323.4
11146.4
11012.1
11085.2
11203.8
11152.1
11231.3
11201.6
11247.9
11261.8
11227.2
11146
11141.2
11235
11394.7
11643.8
11886.5
12348.3
13077.8
13818.5
14667.4
15673.8
16532.3
17486.2
18195
19054.6
19665.4
20477.8
21278.9
21592.4
22144.8
22777.5
23393
23801.7
24098
24470
24973.1
25367.8
25916.1
26374.6
26750.4
26844.2
27071.9
26760.8
26441
25514.6
24149.8
22814.5
21188.2
19655.8
18209.1
16966
15337.6
14015
12621.4
11484.9
10529.1
9743.8
9202.2
9244.6
9350.1
9570.5
9924.8
10336.5
10878.7
11570.8
12563.4
13238.7
14183.2
15338.9
16510
17537.4
18734.8
19982.4
21104.8
22241.3
23461.8
24483.3
25630.9
26911.2
28324.3
29366.3
30490.7
31587.1
32173.6
32173.2
31967.2
31784.2
30958.9
29867.4
28621.2
27507.3
26114.3
24708.6
23425.3
21785.6
20219.8
18465.3
16765.4
15258.5
13816.8
12568
11602.6
10779.8
10118.1
9451.4
8877.1
8507.5
8160.1
7791.4
7681.5
7565.8
7610.8
7664.8
7989.1
8146.2
8382.2
8754.9
9318.6
9979.8
10481.2
11041.3
11778.1
12608.8
13187.7
13831
14433.3
14953.4
15449.3
15829
16249.3
16435.9
16765.2
17091.5
17172.2
17360.9
17466.5
17572
17491.4
17540
17302.2
17105.4
16803.5
16494.3
16104.3
15580.2
15206.4
14860.9
14537.1
14351.9
14338.3
14336.3
14330.3
14305.8
14092.6
14031.8
13613.3
13584.1
12478.4
11736
11110.7
10517.1
9917.8
9246.8
8673.5
8164.5
7611.3
6984.3
6305.5
5760.2
5337.3
4756.1
4167.8
3613.6
3099
2866.7
2610.1
2407.7
2272.7
2281.7
2175.4
2294.3
2219.4
2302.5
2359.8
2435.3
2498
2669.7
2707.1
2842
3010.8
3034.9
3248.8
3420.2
3586.4
3776.9
4021.7
4103.9
4069.9
4084.5
4195.6
4255.2
4177.1
4159
4031.9
4007.3
3778.9
3612.1
3499.1
3339.1
3170.6
3220.4
2796.7
2615.8
2374
2308.2
2065.3
1936.9
1707.9
1568.1
1451.6
1376.6
1344.7
1370.3
1423
1295
1313.3
1360.6
1494.3
1525.4
1537.2
1665.8
1786.5
1891.3
2066.8
2181.2
2398.2
2594.7
2665.1
2929.5
3159.1
3438.6
3810.1
3983.5
4171.2
4306.3
4420.6
4638.7
4578.2
4571.4
4603.7
4565.9
4533.2
4436.9
4409.5
4146.7
4020.8
3908.5
3771.9
3499.1
3233.5
2967.1
2724.8
2590.9
2394.2
2114.6
1797.2
1740.4
1471.3
1401.5
1216.5
1189.2
1173.6
1137.7
1162
1104
1172.6
1098.7
1036.1
1077.4
1095.4
1102.7
1101.2
1237
1265.7
1206.4
1394.1
1423.4
1553.1
1573.8
1713.1
1817.1
2046.3
2287.9
2436.3
2653.2
2748.2
2790.2
3044.5
3052.9
2896.5
2855
2920.1
2943.6
2962.6
3244
2782.2
2703.6
2629.7
2528.9
2440.5
2334.7
2167.7
1891
1642.1
1615.2
1522.6
1268.7
1121.3
934.7
904.1
765.3
610.9
617.5
663.6
644.9
668
590.7
656.4
672.2
468.7
557.3
551.7
483
597
483.1
440.6
418.1
396.8
426.4
400.1
383.7
298.6
246
275
289.8
289.1
189.2
312.1
168.5
188.1
186.2
183.2
92.1
255.9
65.5
140.5
178.2
181.4
142.5
218.1
205.4
255.6
189.9
264
308.5
307.7
396.4
461.3
391.2
445.1
447.8
393.3
378.1
452.1
406.8
459.9
407.7
372.2
404.5
342.5
305.8
303.5
350.4
333.7
277.6
396
185.1
193
414.6
135.2
140.1
152.7
77.7
103.5
80.6
43.1
24.3
24.8
67.4
95.8
88.6
308.2
66.6
0
78.7
52.7
124.9
73.6
80.2
79.6
126.6
163.7
111.5
116.3
165.5
201
230.1
173
195.2
282.4
288.3
303.9
307.8
389.6
399.4
373
332.1
380.7
377.7
410.7
318.3
365.5
344
252.7
246.5
305.1
242.4
204.5
277.6
242.7
145.4
200.1
182.3
204.3
272.8
437.1
611.5
693.4
654.7
679.7
681.1
588.6
617.6
620
721.5
710.8
596.8
573.1
623.3
482.4
604.1
450.5
448.7
430.7
362.2
413.9
319.7
315.8
321.4
314.2
348.2
372.8
319.1
565.3
373.7
339.7
326.7
302.2
389.2
406.4
320.3
407.4
365.8
466.4
491.5
457.2
425.7
463.6
426.8
375.8
437.9
357.7
361.2
287.4
266.5
279.5
302.3
224.8
287.6