NaN
4501.2
2757.8
1419.2
1292.2
1485.4
1757.6
2208.6
2699.9
3367.1
4260.3
5432.7
6854.6
8700.1
10594.9
12975.3
15759.9
18328.8
19558.5
16937.4
11168.5
5863.3
2445.9
1835.8
1958.5
2396
2745.4
3333.4
4059.4
5076.6
6295.3
7882.1
10071.9
12313
15108.5
18542.8
22736.8
27364.9
31343.8
31749.3
25194.2
15347.9
6740.1
1846.4
1196.1
1091.5
1008.4
924.1
825.6
865.7
995.8
838
832.5
916.1
1152.5
1155.7
1345.6
1592.1
1834.2
2193.6
2443.6
2290.7
1995.1
1392.5
1044.6
862.6
973.4
1029.6
1244
1549.8
2100.7
2684.3
3260.9
3973.6
4820.6
5566.5
6053.1
5593.6
4175.3
2688.8
1523.3
1205.2
1280.9
1372.1
1747.1
1754.7
2139.7
2420.9
2870.9
3929
5015.8
6307.4
7742.9
9455.5
11398.5
13304.9
14434.9
13533.2
10128.5
6246.4
3185
1811.5
1670.1
1846.1
2126.5
2450.8
2779.5
3299.6
3965.4
4823.4
5865.2
7186.3
8670.9
10628.9
12871.3
15435.1
18398.5
22697.8
26606.6
28555.1
26847.2
20375.1
12724.6
6004.8
2162.1
1771.5
1725.6
1792.1
2000.4
2149.9
2546.4
2930.9
3495
4164.9
4976.5
6086.7
7234.2
8885.2
10577.2
12624.9
15002.7
17753.4
21361.4
25778.9
28717.7
28935.2
24782
17609.1
10224.4
4373.4
2247.1
2117.7
2219.3
2464.1
2696.9
3029.7
3535.6
4175.7
4886.3
5064.9
4853.7
4054.7
2953.9
1968.8
1379.3
1277.4
1388.1
1424.6
1549.5
1784.6
2130.8
2694.4
3139
3764.1
4441.7
5111.2
5840
7070.4
7938.7
8350.2
7843
6185.3
4248.4
2418.4
1263.2
1122.3
1087.2
1131.1
1200.3
1263.9
1369.3
1514.1
1645.4
1887.3
2253.6
2818.7
3564.5
4477.8
5415.3
6377.5
7255.3
8593.6
10446
11851
12466.6
11699.8
9382.1
6386.3
3503.6
1634.3
1243
1283.7
1318.8
1291.2
1423.1
1534.6
1549.5
1694.5
2048.2
2090.8
2386.8
2730.4
3178.9
3688.1
4302.5
5080.7
5885.8
6808.8
7915.3
9148.5
11076
12898.2
13924.3
13601.5
11894.9
8872.6
5379.4
2520.2
993.5
785.2
766.6
713.7
716.9
730.2
827.1
817.9
1060.7
1099.8
1200.5
1313.5
1429.8
1647.7
1857.4
2088.3
2472.4
2819.7
3250.9
3805.1
4331.1
5041.7
5835.5
6929.8
8209.8
9389
9742.9
9518.4
8363
6780.2
5008.1
3643.3
2985
2498
1873.2
1358.2
822.3
697.3
869.9
726.7
778.2
725.3
703
744.4
839.2
984.7
1138.9
1276.1
1474.9
1673.6
1892
2179.9
2453.5
2898.5
3425.6
3832.1
3860.1
3618.6
3202.3
2175.5
1324.7
634
392.1
345.4
352.9
292
340.3
390.9
421.5
445.7
514.8
555.9
562.1
855
650.3
757.3
933.7
1150.8
1519.8
1619.2
1942
2267.6
2532.1
2999.7
3520.6
4255.5
4799.1
4935.9
4693.7
4228.2
3074.1
1975.4
1132.3
823.2
823.4
823.6
799
763.2
660.5
609.9
615.7
552.3
591.4
558
595.1
665.7
748
772.2
883.2
971.3
1069.8
1219.3
1542.8
1598.9
1742.1
2089.5
2386.6
2677.5
3165
3608
4315.5
4736.3
4861.3
4601.6
4125.3
3205.3
2109
1178.1
585.2
437.7
458.9
393.1
412
455.3
517.7
454.9
485.6
521.1
591.7
573
594.1
695.8
734.8
794.5
816.3
913.5
1022.8
1172.8
1431.6
1545.4
1824.3
2103.7
2479.6
2592.3
2679.7
2665.4
2681.2
2565.1
2552.5
2671.2
2754.6
2765.4
2624.2
2355.1
1894.4
1388.4
886.5
590.3
545.3
457.9
471.9
502.8
522.7
616.9
702.6
769.8
895.8
926
1094.9
1237.8
1365.5
1522.8
1756.1
2024.7
2169
2131.5
2011.8
1835.6
1389.8
859.3
564.7
339.4
273.2
287.7
331.2
336.6
320
298.5
342.3
319
456.3
294
368.7
433.9
445.1
427.2
517.2
445.2
469.9
481.2
583.9
597.5
715.1
825.4
983.1
1115.2
1384.4
1423.4
1627.7
1825.7
2065.7
2439
2633
2708.7
2617.1
2519.6
2317.7
1892.1
1578.7
1305.7
1308.3
1208.2
1150.9
1009.2
910.1
669.3
521
414.7
302
320.3
366.3
572.3
612.7
704.3
774.5
821.6
931.1
871.6
812.2
615.6
552.9
571.6
610
706.5
791.4
844.1
910.9
1008.2
1002.4
1167.2
1263.5
1299.3
1492.6
1588.3
1786.2
1935.2
1933.2
1817.9
1735.8
1521.7
1344.6
1027.1
659.3
471.8
432.4
373.8
346
363.9
359.8
338
387.3
344.5
400.9
412.1
472.4
478
533.1
637.2
739.3
757.9
760.8
728.7
694.3
637.7
531.4
509.6
305.9
257.7
268.2
311.1
291.4
328
318.8
481.1
413.7
437.6
504.9
508.7
512.2
565
664.5
688.4
757.6
876.8
843.4
825.3
842.3
806.3
775
685.9
666.2
672.8
638.5
637.2
755.3
761.5
856.1
884.8
941.6
1042.8
1003.8
930.7
869.4
783.6
694.2
633.7
469.8
427.7
377.3
389.1
426.1
319
325.9
370.6
329.4
311.2
275.5
386
308.5
297.9
307.9
254.9
330
395.5
414.4
573.2
485.9
501.3
525
555.3
604.2
671.1
709.2
706.1
785.2
832.1
838
924.9
941.1
984.6
1228.5
1153.8
1250.9
1288.4
1483.5
1560.6
1634.3
1674.2
1691.2
1714.5
1691.6
1649.8
1574.7
1493.5
1354.9
1291.1
1215.7
1095.5
982.3
825.3
691.2
630
567.8
584.7
515.7
483.7
383.3
372.3
474.5
442.3
411
370.8
347.8
345
339.6
374.1
460.1
523.6
358.6
297.4
328.4
276.6
295.5
354.9
314.7
323.3
312.7
330.5
319
277
319.4
312.4
306.9
320.1
292.7
439.2
375.8
348.7
397.1
480.6
440.5
449.1
565
545
482.7
468.9
431.7
381.4
387.2
519.8
473.3
548.9
664.3
725
861.9
922.3
1125.7
1118.5
1215.5
1396
1411.5
1475
1515
1601
1633
1679.7
1675.6
1723.5
1735.1
1711.9
1720.9
1721.1
1780.3
1865.5
1737.3
1771.7
1768.6
1810.8
1854.3
1824
1878.2
1917.7
1891.4
1843.1
1833.2
1767.3
1744.8
1660.3
1649.2
1641.7
1725.4
1700.1
1847.4
1800.4
1806
1794.4
1829.4
1805.8
1807.3
1823.9
1771.2
1743.4
1839.2
1774
1725.4
1723.3
1750.9
1685.7
1717.3
1655.3
1645.1
1654.7
1657.9
1523.7
1466.9
1425.2
1378.1
1235.6
1181
1184.4
1200.5
1285.5
1232.8
1371.3
1304.5
1344.8
1387
1461.7
1481.5
1426.7
1328.4
1311.8
1241
1197
1124
1108.2
1089
1073.3
984
968.5
990
941.5
988.5
1068.3
1107.2
1090.8
1011
1095
1039.3
1004.8
1007.1
1023.7
1024.5
931.3
998.3
911
954
940.6
927.8
936.5
1033.8
1020.7
1138.3
1166.7
1174
1124.7
1080.3
1059.1
1021.1
904
822.7
692.8
749.5
527.4
479.5
534.4
456.4
463.5
472.5
480.1
474.8
470.9
559.2
478.3
592.6
572.9
546.5
593.6
612.8
677.7
650.6
664.1
701.8
723.7
844.1
789.5
857.3
873.5
909.6
931.6
966.5
978.9
1025.9
1055.8
1042.1
1118.5
1147.1
1302.5
1444.8
1487.4
1644.7
1764.6
1986.6
2220.9
2571.5
2940.1
3466.4
3982.7
4364.2
4787.8
4981.3
5242.7
5279.8
5348.1
5486.1
5593.7
5639.8
5816
5807.5
5588.6
5319.9
4983.7
4819
4707.2
4663.2
4989.8
5397.7
5958.1
6555.5
7147
7441.1
7655
7775.6
7817.7
7924.6
8143.8
8032.8
8235.3
8244.7
7998.9
7574.8
7117.6
6396.1
6086.2
5752.6
5762.1
6001.9
6531.8
7050.1
7684.3
8281.3
8478.5
8699.8
8684.7
8774.4
8872.2
9056.2
9181
9210.1
9380.9
9156.7
8575.3
7799.7
7040.1
6502.6
6141.4
5920.2
6207.2
6633.9
7187.8
7859.2
8570.4
9024.5
9236.2
9244.1
9184.6
9209.5
9282.4
9547.3
9635.2
9773.5
9803.1
9416.3
8705.8
7691.6
6939
6134.3
5690.5
5688.5
5816.4
6225.9
6705.4
7130.2
7832.9
8395.3
8745.8
8615.5
8427.9
8409.5
8238.5
8481.7
8771.1
8798.3
8886.6
8681.5
8162.3
7188.1
6282.3
5563.9
5201.7
4922.7
5122.9
5484.8
5958.9
6420.6
6969.6
7640.7
8033
8316.8
8184.4
7978.1
7810
7866
8201.4
8413.6
8511.7
8580.8
8558.8
8079.3
7234.2
6129.6
5466
5039.8
4759.2
4909.5
5183.8
5448.5
5759.6
6247.8
6832.8
7374.6
7591.5
7681.1
7318.6
7048.6
6863.5
6850.4
7280.7
7367.2
7279.4
7295.4
6940.8
6476.4
5696.1
4490.4
3795.2
3279.7
3153
3013.3
2896.9
3015.8
3066.5
3254.6
3464.3
3712.7
4071
3897.3
3772.8
3579.8
3532.7
3477.5
3783
3992.3
4067.6
3944.4
4031.9
3686.2
3199.4
2533.6
2192.2
1946.3
1892.2
1967.4
2014.4
2037.7
2190.3
2301.8
2365.6
2554.8
2717.7
2768.4
2590.6
2506.9
2429
2386.2
2381.3
2431
2528.2
2415.6
2322.8
2319.7
2220
1836.3
1600
1404.8
1358.5
1412.3
1417.5
1375.2
1518.1
1658.3
1817.3
2060.4
2374.4
2651.8
2947.6
3128.6
3264.8
3264.6
3140.6
3006.9
3067
3205.5
3153
3299.9
3233.1
3116.6
3002.8
3015.5
2900.5
2563.1
2196.4
1909.8
1961.3
2017.1
2063.7
2090.3
2198
2410.8
2762.6
3117
3522.4
3983.5
4462
4917.9
5269.1
5564.9
5699.6
5346.6
5099.7
5065
5294.5
5417.9
5590.5
5586.5
5345.6
5069.5
5063.9
5076.8
4546.3
3627.1
3075.5
3029.8
3141.2
3132.7
3068.6
3149.7
3223.4
3624.5
3971.7
4525.3
5136.8
5833.6
6517.3
7254.6
7701.1
8114.4
8184.9
7819
7353
7223.2
7671.2
7824.8
8134.9
8317.5
7878.1
7440.8
7150.2
7449.3
6812.7
5553.5
4400.2
4295.9
4487.5
4502.7
4430.8
4319.2
4288.9
4629.1
5155.7
5638.7
6459.4
7165.9
8119
9001.2
9821.3
10393.7
10923.7
10853.5
10396.3
9705.6
9693.7
10293.5
10551.3
10926.6
11225.8
10772.5
10072.1
9718.5
10061.6
9276.7
7738.9
5871.6
5610.3
5819
6006.3
5810.8
5699
5734.3
6008.7
6555.2
7200.2
8078.1
9019.2
10162.6
11429.9
12516.9
13454.5
14297.4
14915.5
14619.1
13776.7
13045.6
13258.4
13978.4
14163.4
14862.1
14972.7
14600.9
13692
13075.8
13484.9
12799.8
10616.3
8226
7760.4
8082.2
9688.8
14222.5
18998.7
20574.1
17447
12208.2
10678.9
11053.5
12012.3
13140.3
14700.8
16194.7
17637.1
18571.5
19554.3
19872.5
19406
18271.2
17572.3
17941.9
18770.8
19142.1
19988.4
20075.3
19591.7
18304.5
17717.5
17735.1
16520
13676.1
10609.7
9467.2
9248.3
9217.6
9008.6
8699.1
8358.2
8090.2
8402.5
9020.3
9771.4
10663.3
11801.8
13060.8
14439.5
15663.3
16661.6
17828.7
18262.2
18519.6
17776.3
16906.8
16543.2
16674
17176
17698.5
17990.2
18099.2
17467
16558.8
16025.2
15756.3
14500.8
12184
9673.9
8124.4
7548.8
7359.5
7099
6801.2
6466.7
6088.8
6137
6154.2
6555.2
7062.5
7654.6
8410.1
9207
10118.4
10908.7
11650.6
12175.2
12498.5
12447.6
12234.8
11633.2
11490
11371.6
11633.4
11901.8
12115.8
12148.6
11747
11316.4
10873.7
10474.6
9526.3
8140
6764.3
5528.3
4867.2
4512.2
4143.6
3793.2
3560.4
3208.8
3021.4
2925.9
2919.6
3032.4
3174
3498.8
3706.4
4011.6
4425.2
4601.4
4872.7
5024.6
5139.9
5107.7
5009.1
4896
4727.2
4758.1
4753.9
4891.6
4812.4
4941.8
4789.2
4657.5
4419.2
4247.8
3830.9
3328
2878.8
2303.6
1991
1717
1425.7
1227.8
1055.5
949
847.9
694.1
533.7
550.4
438.5
390.2
411.7
311.9
366.2
338.7
408.8
385.8
338.2
358.4
300.4
284.5
300
327.2
330.7
397
289.5
315.5
319.5
397
345.1
364.9
362.2
418.3
461.3
365
530.4
422.2
390.1
403.8
441.5
397.8
537.6
478.9
501.6
484.4
535.4
699
718.3
770
632.5
620.1
664.4
713.2
737.2
654
742.6
788.8
911.5
806.7
846.3
887.6
927.1
1058.3
1074.6
1112.6
1195.2
1333.2
1448.7
1712
1784.7
1906.6
2107.9
2398.6
2576.2
2735.9
2939.9
3915
5533.8
5616.2
4427.9
2159.9
1252.5
1221.3
1184
1283.6
1528
1472.3
1577.7
1765.6
1967.3
2211
2516.1
2767.5
3127.7
3629.7
4006.6
4595
5209.7
5828.6
6490.5
7336.1
8201.1
9166.5
10160.9
11208.2
12363.5
13596.9
14656.9
16191.9
19392.3
25305.8
30035.6
29075.9
21232.3
11396
6034.7
3949.2
3450.3
3046.5
2830.2
2689
2575.5
2366.8
2314.5
2344
2277.2
2428.5
2379.8
2586.4
2496.9
2686.2
2800.6
3022.7
3140.9
3446.8
3714.9
4073
4437.8
4756.7
5141.5
5552
5920.6
6373.3
6746.4
7015
7309.9
7404.5
7728.2
7778
7940
7948
7982.6
8099.4
8209.6
8205.8
8115.9
8115.8
8151.2
8009.5
7780
7553.4
7344.9
7249.6
6844.9
6525.8
6275.4
5947.6
5729.2
5428.3
5214.2
4996.9
4829.3
4762.6
4755.6
4946.6
5030.2
5216.4
5627.1
5898.2
6317.2
6764.6
7392
7926
8597.8
9260.6
10009.9
10856.7
11685.4
12558.5
13322
13806.3
14221.2
14498.3
14680.2
14950
14938.9
15025.1
14858
14862.8
15022.7
14893
14790.8
14696.1
14702.4
14630.6
14398.4
13977.6
13597.1
13373.7
13024.2
12666.2
12278.7
11765.9
11396.1
11155.9
10825.7
10641
10562.4
10747.9
10826.8
11004.9
10969.4
10978.4
10998
10864.8
10758.4
10718.8
10812.1
10910
11098.9
11257.5
11773
12077.9
12838.8
13847.1
14577.9
15612.4
16517.8
17321.3
18214.7
18758.4
19492.6
20211.9
20837.9
21466.4
21716.3
22375.2
23026
23605.8
23676.3
24025.2
24470.7
25107.4
25446
26051.2
26374.3
26552.5
26552.6
26210
25639.7
24664.4
23280.7
21653.2
20071.3
18511.8
17119.5
15549.6
14327.8
12688.9
11524.8
10406.7
9550.1
8970.6
8809.3
8750.3
8978
9286.7
9652.7
10171.3
10744.8
11390.5
12243
13338
14174.1
15278.3
16427.5
17600.7
18779.9
19881.1
21128.8
22102.2
23230
24554.1
25588.8
26777.8
28195
29407.4
30338.2
31148.6
31649
31702.9
31288.5
30853.8
30188.9
28831.8
27436.4
26267.9
24932.3
23554.6
22004.6
20256
18575.9
16908.3
15365.1
13838.1
12610
11636.6
10670.5
9973
9242.6
8726.4
8272.6
7855.1
7609.7
7394.6
7173.8
7238.1
7191.6
7424.2
7646.7
7972.6
8217.7
8579.5
9078.5
9659.5
10367.3
10912.4
11537.1
12245.7
13110
13576
14141.6
14620.5
14998.2
15437.9
15723.9
16105.6
16245.7
16495
16736.4
16800.4
16767
16900.2
16884.3
16721
16551.1
16318.4
16160.6
15607.1
15294.8
14786.6
14305.6
14054.5
13692.3
13513.1
13406.6
13394.7
13335.2
13065.2
12904.8
12657.7
12266
11677.3
11285.8
10303.8
9754.3
9199
8621.5
8072.9
7446.8
6975.8
6416.8
5969.8
5378.5
4944.1
4423.3
3948.1
3376.5
2983
2695.3
2405.4
2282.5
2149.5
2123.4
2022.5
2110.1
2099.4
2194.4
2217.6
2259.5
2332.8
2438.4
2589.5
2734.1
2780
2923.5
3095.9
3131.3
3374
3623
3772.1
3878.2
4032.5
4092.1
4129.8
4100.4
4135.2
4139.8
3998.8
3916.7
3770.7
3721.9
3528.2
3327
3160.2
3053.9
2839.6
2841
2341.6
2193.7
2016.5
1956.1
1698.4
1535.8
1399.9
1333.6
1292.6
1249.9
1253.3
1271.6
1331.6
1298.5
1310.5
1377.1
1503.5
1579.9
1664.5
1760.3
1882.2
2057.2
2237.7
2385.1
2601.9
2861.5
3009.9
3324.3
3550
3823.8
4080.4
4245.8
4433.7
4474.2
4469.3
4718.8
4592.1
4526.3
4524.2
4469.8
4338.6
4247
4096.9
3789.1
3660.2
3621.9
3375.3
2991.2
2745.2
2607
2399.7
2139.5
1950.5
1716
1457.3
1429
1211.3
1207.3
1127.9
1092.6
1097.4
1080.1
1089.9
1028.2
1104.5
1053.7
1050.2
1053.4
1075
1144.8
1129.7
1260.5
1332.7
1327.9
1504.3
1498.3
1621.4
1748.3
1881.5
2040.4
2300.1
2602.7
2709.1
2851.4
2865.7
2835.8
3049.8
2997.2
2858.6
2828.1
2866.9
2888.8
2907.9
3099.5
2603.7
2522.8
2492
2365.4
2118.7
1902.2
1798.6
1624.2
1469
1333
1197.9
931.7
856.2
761.1
699.4
624.3
544.8
587.3
626.9
591.4
611
570
607.5
609.7
426.9
552.3
520.5
460
582.4
458.7
415.6
419
417.5
380.1
338.4
334
254.5
243.5
233.5
249.5
218
160.6
244.1
105.5
164.7
137.1
173.7
70
204
88.9
127.3
178.8
158.8
145.4
221.2
195.1
255.2
206.5
286
348.3
345.3
420.8
513.3
414.7
433.4
451.5
382.1
352.6
419.2
369.9
426.9
384.4
336.9
365.6
296.9
252.5
261.2
271.5
282.4
225.7
307.3
126.5
136
301
88.6
76.4
111
30.8
73.2
50.2
6.9
15
12.7
49.8
82
66.7
259.9
95.8
0
29.6
52.1
145.1
56.8
92.1
68.1
97.1
154.3
108
114.4
161
191
216.6
171.5
265.4
315.1
331.3
340.6
311.2
346.5
365.4
334.1
321.5
366.1
349.1
340.8
254.8
325.6
300.9
201.8
207.9
239.9
164.5
126
189.8
173.3
140.6
172.3
187.6
235.2
346.9
531.2
632.2
582.3
541.2
494.3
504.6
511.1
499.9
551.3
620.9
596
455.5
394.6
443.3
351.5
431.1
305.8
336
339.3
263.9
299.4
264.2
272.4
286
252.8
300.8
283.1
287.5
496.1
338.2
290.9
324.8
254.7
336
376.1
267.1
360.4
358.1
418.1
459.3
410.4
363.5
406
357.5
271.3
340.2
279.8
281.6
211.1
159.5
205.5
191.3
144.2