NaN
NaN
4813.5
3023.9
1624.3
1449
1646.7
1905.9
2331.8
2892.4
3588.3
4480.7
5687.9
7141.2
9060
11042
13641
16495.9
19064.5
19963.4
16946.5
11277.5
6121.8
2659.6
1916.6
2093.9
2464.1
2832.8
3366.7
4161.3
5121.3
6385.4
7972.3
10178.2
12404.4
15241.2
18701.8
23177.8
27829.7
31138.2
30593
24054.1
14886.1
6830.3
2048.5
1323.4
1179
1156.2
1062.2
980.9
1013.9
1118.5
1021.6
1044.4
1129.9
1378.4
1460.3
1664
1949.5
2319.5
2703.8
2900.1
2705.7
2356.1
1745.8
1315.6
1092.5
1206.8
1275
1555.8
1999.3
2575.8
3238.2
3904.6
4831.8
5786.8
6626.5
6896.9
6207.8
4686.4
3065.4
1805.7
1456.5
1488.3
1623.7
1875.2
1993.8
2373.4
2744.5
3362.5
4454.7
5706
7105.6
8722.7
10705.7
12961.4
14716.3
15448.5
14110.2
10549
6671.3
3473
1974.4
1906.6
2056.4
2370
2689.3
3029.2
3583.8
4320.2
5227.8
6259.6
7675.4
9274
11271.4
13645.7
16310.8
19681.3
24289.9
27618.3
28839.7
26440.2
20075.7
12778.9
6215.7
2391
1883.1
1869.7
1903.4
2159.7
2281.5
2712.4
3054.5
3627.3
4326.1
5177.9
6232.3
7347.4
8962.5
10726.8
12680.7
15084.2
17853.1
21896
25666.5
27930.5
27359.8
23418
16863.5
9959.5
4580.9
2536.5
2440.5
2576.1
2898.1
3157.3
3641.6
4217.9
5035.5
5703.4
5879.5
5535.8
4624
3433.4
2307.8
1619.4
1486
1542.7
1652.3
1792.8
2004.7
2383.6
2999.6
3568.7
4301.7
5032.1
5874.5
6856.1
8135
8951.9
9198.1
8609.9
6898.5
4766.2
2788.9
1534
1293.3
1265.7
1321.3
1378.2
1468.4
1589.9
1744.5
1860.8
2111.3
2554.5
3147
3936.8
4914.7
5868.5
6880.2
7943.1
9475.5
11269
12553.7
13009.4
12066.3
9769.2
6748.4
3745.5
1817.6
1390
1382
1434.5
1449.2
1540.9
1661.9
1694.7
1865.7
2164.8
2268.5
2540.6
2883.7
3327.3
3808.1
4486.9
5260.3
6058.2
6997.6
8118.2
9453.3
11421.9
12987.3
13774.5
13312
11675.6
8753.1
5416
2640.7
1133.2
864.5
855.2
810.9
827.8
846.6
921.3
937
1120.9
1212.5
1328.8
1394.8
1535.8
1730
1991.4
2175.2
2542.7
2911
3331.4
3879.5
4421.1
5130
5964.8
7078
8272.4
9188.6
9576.6
9314.5
8372.1
6991.7
5341
4055.3
3346.9
2815.8
2137.2
1528.1
978.9
818.3
899.6
799.9
853.7
815.1
800.8
824.3
923.2
1069.4
1234.5
1466.5
1706.1
1904
2187.6
2482
2854.6
3348.3
3920.7
4273.5
4226.8
4026.7
3515.2
2439.2
1530
767.5
512.3
451.6
438.2
428.7
453.6
488.3
506.5
570
608.8
664.6
670.4
927
779.9
891
1046.2
1330.6
1654.4
1832.9
2156.4
2462.1
2784
3301.2
3881.4
4591.1
5074.2
5073.1
4781.5
4295.6
3150.1
2029.5
1183.8
816
781.9
780.3
763.6
722.5
658.9
664.6
639.1
593.6
627.1
643
689.2
731.7
783.4
812.8
945.5
1049
1147.5
1295.7
1591.1
1646.9
1873.5
2193.6
2470.1
2826.8
3234.9
3805.9
4463.1
4774.5
4768.7
4512.6
4068.2
3179.4
2176.7
1287.3
676.7
525.5
525.7
482.5
513.4
522.3
596
563.7
576.1
622
675.7
672.6
699.4
802.7
831.8
951.1
972.1
1068.2
1220.8
1410.6
1627.2
1771.2
2073.4
2392.9
2739.5
2876.3
2876.4
2894.5
2862.2
2714
2636.7
2713.3
2684.3
2617.8
2480.9
2237.3
1875.5
1420.2
939.9
658.7
601.4
540.6
541.7
564.9
626.1
732.4
799.8
880
1006.2
1122.1
1252.4
1402.7
1605.3
1814.4
2042.4
2295.8
2393.9
2334.9
2167
1952.8
1518.9
1059.7
657.5
416.4
375.5
349.8
404.8
419
375
360.8
402.1
383.2
495.5
404.8
432.5
478.3
483.8
467.8
561.4
522.2
520.5
578.8
657.1
692.6
795.4
906.8
1066.3
1175.6
1395.9
1509.4
1750.9
1897.3
2219.4
2526.9
2651.8
2696.2
2560.2
2410.7
2221.9
1825.2
1379.8
1098.9
1043.2
953.1
845
809
738.9
584.4
514.2
456.9
369.2
388
463.8
661.1
726.3
734.9
800.8
846.1
928.8
887.4
849.8
680.3
623.8
658.9
674.9
797.2
821.6
904.1
976.1
1083.7
1131.7
1294.5
1340.3
1404.5
1594
1764.2
1883.2
2010
2014.8
1907.7
1789
1622.9
1436.4
1117.2
758.5
586
525.7
456.9
457.4
465.5
456.6
462
455.1
488.1
543.5
537.9
613.2
601.2
696.8
799.3
905.9
909.8
903.1
842
830.2
741.9
647.9
581.7
413.2
355.9
322.1
362.1
373.6
375.9
406.7
545.4
489.2
476.3
581
599.2
628
647.4
730
780.7
855.1
952
938.1
904.1
938.4
906.8
863
817.7
791.7
750.4
744
786.9
831.7
887.9
989.4
1051.1
1102.3
1124.1
1106.2
1036.3
953.7
868.8
770.2
681.9
524.7
458.3
473.5
480.8
473.4
403
415
438.5
417
415.5
380.4
486.8
399.4
402.3
419.3
400.8
461.4
511.3
528.7
680.5
592
638.1
631.4
689.6
731.7
783
818.2
816.4
894.1
956.6
1012.1
1063.6
1126.2
1182.9
1362
1340.8
1405.8
1483.3
1622.4
1721.1
1738.2
1734.4
1740.2
1749.7
1703.2
1634.9
1565.7
1456.5
1303.1
1230.2
1216.2
1164.3
1054.4
997
855.5
824.1
769.7
751.5
707.8
657.2
553.1
520.2
590.8
557.7
529.8
479.4
457.9
470.8
469.3
505.6
563.5
585.8
460.6
417.9
436.9
389.3
389.5
424.8
419.4
422.7
397.6
399.6
418.1
379.7
440.5
434.1
440.3
413.9
407.9
534.3
488.6
450.6
514.6
604.4
577.5
553.9
646.8
635.8
574.5
562.2
552.4
485.3
505.1
639.5
621.3
693.2
813.2
920.3
1017.5
1092.5
1280.5
1327.9
1426.2
1586
1650
1721.5
1747.2
1831.6
1909.7
1943.8
1934.9
1978.3
1956.1
1959.9
2013.2
1980.6
2052.9
2070
2047
2054.3
2067.6
2103
2176.5
2156.5
2178.2
2171.4
2153.2
2157.8
2090.1
2099.5
2069.7
1948.9
1944.8
1913.1
1965
1996.3
2139
2060.8
2106.5
2092.3
2124.3
2096.5
2062.1
2090.9
2072.1
2067.6
2131.5
2046.8
2008.6
1999.9
2081.6
1992.6
1992.4
1949.1
1962.6
1956.5
1923.8
1847.2
1744.8
1681.1
1624.5
1496
1444.2
1450.1
1446.3
1527.9
1506.9
1658.2
1572.7
1632.2
1654.7
1744.7
1702.9
1676.1
1627.8
1608.6
1506.3
1449
1379.4
1309.7
1285.8
1208.6
1160
1134.7
1127.8
1146.5
1144.8
1209.8
1246.5
1199.2
1156.1
1200
1144.8
1134.5
1155.6
1149.5
1113.4
1055
1082.3
968.5
1000.1
1026.1
1019.9
1025.9
1077.6
1075.2
1132.9
1147.8
1141.4
1100.9
1056.7
1014.5
995.2
917
838.3
766.9
808.3
633.2
584.8
645.5
563.5
585.2
576
567.5
591.7
583.1
625.6
568.6
654.5
639.9
631.5
659.5
705.8
742.4
754.4
734.8
774.5
793.4
861.6
813
898
897.1
973.8
966.3
1013.4
1035.5
1073.6
1106.6
1177.8
1240.8
1274.3
1469.6
1597.2
1719.1
1911.8
2074.4
2327.2
2657.1
3029
3514.9
4075.7
4680.4
5144.9
5516
5749.5
5979.2
6065.6
6171.4
6310
6399.3
6502.2
6689.3
6602.4
6280.7
5991.9
5643.9
5525.5
5347.5
5406
5735.6
6247.7
6876.2
7592.9
8139.9
8415.3
8574
8797.2
8830.4
9014.1
9216
9098.7
9320.6
9288.5
8904.2
8357.2
7802.4
7133.7
6833
6493.9
6576.3
6838.2
7417.8
8035.3
8770.9
9328.2
9479.1
9754.4
9782.2
9840.2
9973.2
10165.2
10243.5
10365.8
10405.6
10061
9409.8
8537.1
7800
7268.6
6836.7
6705.4
7005.9
7441.1
8124
8781.5
9565.8
10021.9
10158.7
10186
10201.1
10216.8
10401.3
10564.5
10560.4
10823.9
10710.5
10209.8
9276.7
8194.6
7487.5
6711.7
6307.7
6306.5
6507.8
6963.3
7464.9
8031.3
8741.2
9160.4
9441.9
9373.1
9185.9
9195.6
9091.6
9457.7
9530.7
9550.7
9694.7
9342.5
8725.5
7536.2
6741.4
6064.5
5620.4
5449.5
5665.6
6026.5
6578.3
7046.2
7629.6
8351.2
8684.5
8774.8
8645.4
8434.2
8375.8
8395.9
8829.2
8921.6
9047.9
9098.9
8922.5
8361
7298.6
6389.1
5686.3
5273.8
5052.2
5234.8
5458.5
5762.7
6110.2
6614.6
7224.8
7631.5
7869.5
7828
7511.5
7231.8
7108.7
7189.9
7576.1
7548.4
7548.4
7417
7089.6
6391.5
5457.4
4506.9
3778.8
3389.6
3200.2
3151.4
3083.9
3196.8
3308.2
3478.6
3727
4019.9
4284.9
4073.2
3981.4
3790.5
3786.6
3776
4075.4
4163
4298.9
4158.2
4175.1
3808.8
3245.6
2691.1
2333.6
2093.9
2122
2136.9
2224.9
2268.4
2421.7
2601.6
2745.8
2940.1
3057.6
3052.1
2828.5
2821.5
2731.2
2714.5
2704.6
2774.9
2854.8
2702.6
2698.9
2614.7
2433.7
2032.4
1831.6
1650.4
1621.1
1674.3
1726.1
1715.6
1856.1
2066.1
2275.5
2509.6
2860.9
3199.6
3488.2
3679.9
3815.6
3745.2
3587.2
3555.3
3583.3
3740.8
3765.2
3865
3716.8
3514
3543.4
3479.4
3231.4
2812.8
2483.1
2256.5
2301.4
2319.8
2441.9
2414.8
2576.5
2819.1
3224.1
3592.1
4090.4
4619.4
5165.2
5605.3
6077.4
6287.4
6289.9
5900.5
5735.9
5789.3
5972.1
6224.5
6349.8
6309.8
5939.3
5736.2
5738.7
5589.7
4956.8
3941.9
3494.8
3472.5
3626
3533.6
3486.6
3563.8
3770.3
4216.7
4653.9
5288.8
5931.8
6735.1
7478.7
8213.9
8647.8
9060.8
8944.9
8496.7
8066.4
8169.3
8551.7
8811.7
9172.6
9098.8
8606
8065.5
8096.4
8141.3
7192.8
5697.2
4749
4816.8
4976.6
4937.7
4835
4764
4784.4
5247.6
5791.1
6429.2
7215.3
8049.3
9071.5
10053
10844.6
11548.8
11966.8
11647.8
11081.3
10347.8
10697.6
11299.3
11535.6
12006.3
12062.3
11461.2
10682.5
10637.1
10795.6
9697.5
7708.2
6071.3
6123.8
6321.3
6467
6194.4
6148.6
6147.2
6531.5
7270.5
7961.6
8933.5
9882.5
11140.5
12509.5
13625
14560.5
15446.5
15761.1
15301.3
14380.5
13722.5
14182.4
15003.6
15161.2
16024.4
15833.8
15271.9
14193.4
13996.1
14179.2
13025.8
10465.3
8248.3
8198.3
8671.8
10618.3
15681.6
19337.7
19857.7
15805.4
11543.7
10886.3
11672.9
12751.2
14039.6
15695.2
17366.7
18679.3
19599.6
20558.9
20703.4
19939.6
18713.5
18210.5
18894.8
19615.8
20099.6
20952.9
20758.6
20076.2
18707.9
18485.3
18342.1
16668.1
13303.4
10443
9747
9745.8
9671.6
9444.2
9066.9
8758.5
8585.6
9007.9
9688.3
10492.8
11454.3
12665.8
14065.4
15514.6
16809.3
17775.7
18739.5
19234.2
19114.8
18334.3
17327.6
17134.4
17367.6
17910.9
18591.3
18804.5
18776.2
17990.8
16935.5
16520.7
16231.9
14645.7
11915.1
9401.8
8157.5
7797.2
7590.4
7366.8
7030.8
6711.6
6313.6
6421.7
6554.3
7039.9
7572.4
8297.4
9024.6
9859.8
10770.6
11617.8
12336.7
12804
13048.6
12861.9
12555.5
12009.8
11866.5
11822.6
12178.3
12489
12655.5
12546.9
12098.5
11511
11142.2
10732.6
9668.8
8065.4
6580.8
5479.3
4860.3
4621.9
4239
3957.1
3648.3
3315.3
3160.8
3074.5
3120.1
3234.4
3430.4
3754.6
3958.2
4261.1
4637.4
4840
5140.8
5275.6
5362.3
5287.9
5178.7
5038.6
4907.4
4917.6
4962.4
5089.9
5011.9
5068.8
4906
4787.5
4527.7
4347.3
3859.4
3395.8
2822.7
2270.8
2010.1
1773.1
1465
1348.5
1190.4
1018.4
921.6
744.4
632.2
641.2
546.5
493.4
518.8
457.1
476
466.9
507.6
502.2
497.6
462.4
425.9
446.5
429.8
455.7
480.1
487.9
422.2
451.9
430
543.7
467.9
464.3
523.6
539.3
542.9
490.7
625.9
527.8
471.8
521.9
568.2
549.1
654
616.2
633.9
603.3
733.3
825.4
867.8
875.9
786.4
742
791.9
835
866.8
801.3
892.3
929.6
1021.1
966.6
1011.8
1045.9
1130.7
1248.6
1232.4
1330.1
1393.5
1567.8
1639.8
1895.8
2007.6
2152.5
2367.3
2638.5
2825.5
3023.7
3366.3
4779.3
6052.6
5622.3
4012.7
1814.6
1384.1
1364.3
1337.8
1457.3
1648.8
1639.7
1788
1992.7
2191.2
2429.4
2768.1
3056.2
3445.8
3947
4369.7
4938.1
5529.1
6234.5
6957.6
7793.9
8641.9
9545.3
10590.1
11675.5
12793.9
13969.7
15152.8
16750.8
20925.8
27325
30379.6
27324.9
17834.7
8982.3
5088.1
3819.6
3496.6
3172.2
2954.6
2818.5
2699
2522.5
2455.5
2531
2475.9
2610.9
2608.3
2749.3
2721.8
2894.6
3043.6
3274.3
3478.9
3756
4026.2
4411.2
4763.9
5125.2
5536
5957.2
6366.5
6807.6
7169.5
7385.8
7710.1
7790.5
8071.7
8144.1
8278
8299.1
8387
8487.8
8479
8430.2
8416.4
8462.3
8474.8
8288.6
8023.6
7823.9
7579.1
7434.6
7065.6
6757.9
6446.4
6128.8
5904.8
5615.9
5412.4
5200.3
5005
5028.5
5010.2
5213.3
5350.4
5567.7
5988.1
6326.6
6805.1
7323.7
7946.4
8518.6
9215.6
9982.7
10800.6
11662.5
12504.3
13403.9
14154.8
14652.8
14996.9
15165.2
15287.8
15555.8
15573.2
15548.4
15380.8
15433
15501.3
15426.7
15240.1
15178.1
15161.5
15142.4
14779.4
14410.4
13978.5
13731.4
13353.3
13028
12524.8
12094.8
11724.9
11504.7
11203.5
11000.2
11047.1
11279.7
11323.3
11525.1
11478
11618
11501
11340.3
11191.5
11159.8
11210
11361.4
11526.2
11737.7
12235.8
12777.2
13612.5
14548.2
15413.4
16407.2
17388
18202.8
18960.7
19604.5
20309
21040.5
21642.8
22177.8
22571.8
23197.8
23775
24253.1
24420
24755.6
25204.3
25911.6
26170.5
26703.3
26920.9
27132.7
26941.7
26628.4
25787.7
24666.5
23207.6
21491.6
19910.9
18253.7
16759.4
15187.7
13855.4
12351.7
11122.1
10119.2
9394.1
9012.7
8906.1
8942.3
9174.8
9521.1
9922
10532.3
11121.3
11880.2
12723.5
13828.7
14668.5
15747.4
16991.3
18163.6
19288.7
20399.3
21505.4
22577.4
23707.3
24873.5
25878.5
27237.1
28445
29680.9
30533.4
31214.1
31495.6
31485.2
31028.9
30417.9
29618.7
28192.3
26934.4
25725.2
24342.9
22840.6
21192.2
19532.3
17866.5
16350.6
14747.5
13356
12227.8
11351.7
10446.2
9733.3
9128.6
8665.6
8198.2
7833.7
7525.7
7420.2
7309.6
7285.9
7309.2
7633.4
7807.3
8145.7
8493.5
8898.7
9340.4
10016.7
10717.9
11390.6
12038.3
12766.5
13593.3
14083.8
14577.4
15054.3
15432
15801.4
16077.8
16493.7
16590.8
16797.7
17016.3
17005.7
17072.7
17088.2
17074.4
16803.9
16682.4
16444.1
16155.7
15541.1
15249.9
14765.7
14420.2
14095.8
13947.2
13876.3
13936.1
14020.9
13984.2
13893.8
13794.7
13508.2
13185.7
12461.4
12014.9
11063.2
10498.6
9912.5
9333.7
8748.4
8164.1
7562.4
6955.1
6353.7
5844
5243.8
4656.8
4103.2
3525.8
3147.6
2825.8
2575.6
2431.5
2299.9
2299.6
2223
2265.8
2275.8
2389.7
2395.5
2468.2
2557.7
2692.5
2815.6
2955
2986.3
3141.7
3310.6
3429.8
3680.1
3918.5
4091.3
4190.3
4292.9
4367.8
4369.4
4409.3
4458.6
4350.2
4191.1
4070.2
3929.6
3887.9
3625.5
3396.9
3276.1
3133.2
2906.5
2811.2
2403.3
2256
2089.9
1933.2
1691.2
1559.5
1442.9
1335.4
1322
1302.9
1314.1
1323.1
1356.3
1347.7
1390.1
1464.1
1616
1658.8
1778.5
1851
2017.1
2161.6
2338.8
2503.2
2720.4
2959.8
3158.3
3499.9
3750.4
3955.9
4216.4
4372.5
4525.8
4589
4615.3
4744.7
4634.5
4628.7
4579.6
4506.2
4363.1
4231.1
4089.6
3842.4
3651.5
3524.6
3288.5
2899.5
2718.6
2578.8
2313.3
2060.5
1845.2
1669.4
1447.2
1412.7
1241.1
1211
1167
1107.5
1115.2
1122.6
1129.3
1064.4
1131.3
1075.6
1051.5
1076.5
1108.8
1179.7
1171.7
1282.4
1344.9
1366
1452.7
1505
1652.4
1749.4
1852.4
2026.9
2311.2
2542.7
2665.1
2786.5
2743.1
2773.1
2951
2910.6
2798.4
2784.9
2771.9
2826.1
2789.7
2902.5
2520.1
2470
2395.4
2246
1988.5
1779.8
1697.9
1561.6
1388.3
1257.4
1113.9
903.2
841.1
738.7
720.8
680.6
600
632.8
670.8
652.2
647.9
658.7
658.7
678
503.2
614.6
595
528.5
607.4
519
483
488.2
456.8
445
378.6
365.1
320.5
263.4
272.8
266.3
225.3
165.5
224.4
146
178.2
164.6
158.6
94
175.1
98.6
159.1
190.3
188.8
178.1
228.9
217.1
284.1
253
310
362.5
383.4
447.7
544.2
473
488.8
517.6
455
424.9
456.9
413.3
433.6
411.1
395.2
383.9
312.9
266.7
289.9
308
269.9
222.6
269.8
122.5
133.5
268.6
70.8
103.3
96.2
42.9
58.9
41.2
33.8
10.8
0
42.1
47
67
213.1
68.4
27.5
36
72.5
116.6
72.3
86.1
99.8
97.5
134
132.7
124.7
149.6
208.1
208.1
211
256.2
318.5
319
326.5
318.7
376.3
365.3
344.4
331
355.6
307.8
318
245.5
286.5
265.7
200
187.8
190.9
147.5
129.3
187.5
176.5
126.2
165.3
255.7
325.4
478.9
568.6
673.7
629.2
581.8
530.4
549.3
558.1
571.6
571.8
647
592.6
475
404.5
402.6
332.6
397.9
297.5
310.2
270.1
255.5
260.9
211.7
237
246.2
206.2
254.7
249
248.4
388.4
275.3
238.6
261.8
235.7
303.9
347.8
253.7
307.3
312.5
362.6
395.1
352.3
309.7
352.4
301.5
278.2
281.6
229.4
220.4
175.7
110.1
120.4
145.8