NaN
NaN
4320.8
2569.7
1303.1
1384.6
1533.4
1850.1
2270.4
2803.2
3522
4427.4
5647.3
7073.9
8973.5
10879
13445.9
16157.4
18605.6
19311.3
15860.8
10100.5
5055.1
2198.1
1864.8
1994
2360.8
2741
3250.3
4069.8
5146.8
6378.2
7958.9
10171
12374.5
15188.5
18653.5
22830.9
27406.2
30793.5
30163
22890.6
13448
5411.5
1606
1189.3
1060.7
1040.7
965.7
888.4
903.5
1034
862.8
877.9
980.9
1238.2
1309.3
1497.4
1791.5
2078.8
2436.5
2666.8
2464.9
2032
1428.1
1105.9
954.6
1085.7
1167.8
1393.7
1809.2
2390.7
2999
3595.5
4452.6
5323.6
6096.9
6437.2
5701.8
4159.9
2613.9
1524.5
1293.1
1333.3
1486.7
1785.1
1873.7
2242.4
2582
3128.2
4255.5
5434.9
6773.7
8254.1
10085.1
12158.1
13938.7
14781
13328.4
9662.2
5814.6
2829.6
1780.9
1737.3
1923.6
2208.6
2558.6
2932.4
3455.4
4140.3
5012.9
6139.1
7489.3
9043.1
10940.1
13284.6
15833.8
18958.2
23436.8
26983.7
28413.7
25710.3
18758
11379.8
5009.1
2002.7
1731.4
1698.1
1783.9
2042.2
2179
2601.5
2969.7
3534.9
4224.6
5022.8
6169.8
7329.7
8916.1
10614.3
12689.8
14994.7
17756.3
21597.7
25682.9
28065.9
27489.6
22830.7
15748.6
8809.4
3719.8
2230.2
2244.9
2390
2693.1
2955.1
3317.1
3871.3
4627.5
5318.7
5516.7
5118.5
4124.5
2946.2
1938
1383.5
1316.4
1415
1510.5
1701.4
1916.3
2262.8
2905.3
3412
4111.1
4796.8
5611.7
6461
7754.9
8519
8788.4
8076
6224
4162.2
2299
1294.9
1202.3
1174
1207
1295.6
1382.8
1427.4
1619.3
1739.7
1981.7
2433.3
3003.7
3807.1
4766.7
5662.7
6686.9
7640.9
9132.4
10956.9
12304.4
12634.6
11621.2
9134.9
6017.5
3191.2
1550.5
1281.3
1331.2
1403
1381.7
1493.9
1637.9
1630.4
1791
2077.8
2205.4
2468.8
2825
3263.4
3810.9
4406.4
5180.9
5989.6
6912.3
8088.9
9374.3
11388
13028.8
13805
13210.6
11371.3
8206.4
4793.5
2139.7
947.3
780.5
765.1
727
762.4
775
869.8
834.9
1111
1171.5
1235.5
1347.5
1535.6
1693.1
1959.9
2153.5
2562.3
2872.4
3305.1
3844.4
4372.3
5054.6
5938.3
6975.2
8258
9230.3
9492.9
9212.9
8017.2
6525.7
4873.6
3671.5
3130.6
2510.9
1871.3
1343.6
827.2
696.5
860.2
718.1
795.8
731.7
733.3
733.5
823.7
1021.5
1188
1341.6
1580.5
1798.9
2027.9
2358.6
2644.5
3170.5
3746.3
4114.1
4056
3747.8
3236.7
2180.6
1297.8
592.1
408.7
362.9
344.4
343.5
376.2
420.6
435.7
494.7
531.8
574.9
597.3
872.5
688.6
802.4
957.9
1206.6
1618.3
1722.1
2063.4
2389.6
2674.4
3142.6
3728.5
4491.7
4896.7
5041.8
4658.3
4099.4
2894.4
1819.3
1015.8
767
740.4
775.3
730.7
708.9
603.2
595.2
593.3
548.2
601
598.5
636.3
662.6
716.9
771.5
900.1
986.1
1077.4
1233.1
1547.2
1562.2
1821.4
2094.2
2399.3
2743.3
3191.5
3630.9
4389.3
4741.3
4763.4
4413
3952.6
2987.2
1952.7
1064.2
515.2
455.2
494.1
407.4
467.3
473.8
515.5
512
509.3
577.6
618.7
608.7
669.5
735
770
860.6
889.5
980.1
1082.1
1270.4
1520.3
1635.4
1937.8
2226.1
2608.5
2719
2754.3
2756.3
2732.3
2562.5
2503.3
2660.7
2642.7
2574.6
2475.9
2243.1
1752.9
1247.5
804.3
531.3
571.9
466.9
461.6
501.3
535
678.4
701.1
811.8
941.2
1038.8
1140.1
1310.4
1461.6
1689.8
1915.6
2170.5
2283.2
2217.6
2062.5
1825
1358
882.8
512.2
322
275.1
305.8
356.1
324
323.8
294
346.2
309.1
430.3
334.6
359
420.3
429.2
428.3
478.8
457.4
427
473.2
610.8
623.7
703.2
859.2
996.1
1085.8
1338.1
1427.7
1631.8
1807.3
2122.2
2435.9
2605.5
2656.2
2505.3
2415.2
2136.6
1727.1
1311.9
1049
1066.3
984
882.8
813.9
747.8
585
471.6
388.6
278.7
311
372.6
570.4
606.9
645.9
709.4
781.2
808.8
739.7
768.4
563
567.3
576.2
608.2
730.5
762.2
875.8
904.4
1040
1034.5
1212.8
1261.9
1327.2
1535.2
1649.7
1827.5
1928.7
1980.4
1835.3
1744.7
1550.1
1318.8
1003.2
631.4
478
441.8
390.8
398.6
409
372.5
375
431.1
390.6
463.5
485.5
509
509.2
555.5
726.5
789.5
796.4
807.8
751.3
678.3
625.3
513.5
502.8
319.6
256.2
279.4
300.4
305.5
318
342.7
516.7
431.7
417.6
529.4
516.1
549.8
597.3
662.7
730.1
827.3
894
841.1
846.7
850.8
836.3
780.3
694.3
699.4
684.8
662.7
684.2
799.7
814.6
914.9
946.1
1028.1
1053.6
1023.2
931.7
875
747.9
663.6
596.5
447.4
409.8
362
385.6
444
345.3
343.5
372.5
369.2
341.4
288.1
419.1
297.9
331
339.9
316.3
379.9
438.8
464.8
613.7
515.5
546.5
548.7
597.8
655.5
664.2
753.2
735.7
815.3
844.5
901.1
995.1
1012.8
1071.3
1262.7
1220.9
1318.6
1329
1522.9
1585.3
1671.3
1661.2
1671.1
1685.7
1626.4
1563.9
1473.8
1417.9
1199.2
1202.6
1150.3
1073.5
980.4
837
724.9
727.6
649.4
657.5
594.9
532.9
439
414.3
477.1
461.5
456.4
344
381.2
392.2
365.3
453.5
496.9
551.2
382.6
314.1
365.4
336.7
339.2
365.2
312.2
344
342.5
329.9
360.1
307
323
351.7
332.3
325.9
336.7
458.4
421.9
369.1
400.3
509.1
488.9
473.2
596.4
586.7
474.7
466.4
441.7
394.4
411.7
552.5
528.9
611.1
712.7
797.6
925.7
993.7
1148
1222.3
1307.6
1461.8
1493.9
1557
1625.4
1708.9
1788.7
1793
1790.5
1837.8
1812
1822.7
1836.9
1820.8
1908.3
1969
1870
1859.9
1893.2
1984.8
2028.8
1959.6
2032.5
2049
2035.2
1987
1940.8
1910.8
1915.1
1785.2
1817.6
1803.1
1841.6
1838.4
1994.7
1895.4
1916
1936.7
1966.4
1951.8
1915.8
1929.6
1883.7
1874.6
1966.5
1912.2
1879.6
1844.7
1894.2
1806.4
1845.7
1781.2
1761.6
1764.8
1745.2
1647.2
1604.2
1524.2
1478.2
1364.6
1317.4
1277.2
1308.5
1401
1419.9
1510.8
1438.3
1480.7
1510.4
1595.4
1608
1538
1494.8
1470.4
1362.6
1302.3
1208.4
1166.4
1169.2
1107.2
1045.2
1031.2
1068.4
1055
1039.1
1130.2
1149.9
1090.9
1081.5
1116.4
1067.6
1038.5
1034.7
1074.4
1037.6
947
986.8
915.1
943.2
928.6
938.1
940.4
992
996.8
1075.4
1073.4
1058.1
1041.4
1011.1
953.4
938.7
833.7
760.5
666.8
750.1
530.6
513.3
549.5
493.8
515.1
555.2
499
522.2
498
574
496.9
595.2
568.4
589.9
604.6
619.5
690.3
713.9
683.8
699.9
727.7
835.4
767.5
856.1
897.8
898
901
965.7
958.2
1022.7
1077
1077.2
1144.9
1191.6
1346
1520.6
1579
1829.9
1905.6
2174.9
2437.3
2799.2
3281.6
3850.8
4397.2
4783.8
5234.8
5413.1
5648.3
5686.3
5842.4
5887.5
5980.3
6082.6
6276.6
6243.2
5985.6
5645.9
5321.6
5193.9
5039.4
5059.1
5429
5929
6482.7
7129.1
7799
8040.6
8175
8355.5
8392.7
8486.1
8739.3
8640.4
8833.6
8878.8
8456.7
7920.9
7428.8
6747.7
6457
6078.9
6198.3
6509.7
7056.9
7673.8
8300.6
8928.9
9077
9287.7
9341.3
9340.3
9462.9
9760.5
9767.4
9884.3
9974.9
9698.9
8995.5
8126.3
7405
6845.2
6466.3
6306.7
6644.8
7123.5
7780.8
8464.3
9115.3
9597.8
9751
9722.7
9685.6
9725.7
9897.2
10158.4
10140.9
10343.8
10318.8
9780.5
8931
7907.8
7130.3
6383.3
6002
5998.1
6275
6652.2
7167.9
7681.9
8359.6
8814.6
9038.9
9033.2
8775.8
8749.5
8706.9
8987.4
9179.2
9188
9327.6
9065
8366.6
7297.2
6451.8
5700.7
5397.4
5262
5467.5
5818.8
6343
6756.9
7392.8
8059.3
8441.4
8651.8
8399.6
8178
8053.9
8115
8511.3
8676.9
8775.4
8841.2
8751.8
8168.2
7156.4
6181.5
5531.4
5126.8
4903.4
5116.8
5330.4
5652.6
5999.4
6444.7
7096.7
7510.6
7744.9
7764.8
7379.5
7076
6926.7
6981
7422.8
7383.7
7319.1
7242.8
6944
6318.3
5429
4338.4
3648.9
3276
3125.4
3064
2964.8
3104.7
3202.5
3341.4
3581.8
3868.3
4171.5
3994.5
3829.9
3644.9
3621.8
3626
3920.3
4032.8
4136.5
3965.4
4063.2
3694.4
3112.4
2522
2200.4
1940.5
1964.8
2031.7
2070.7
2120.6
2270.7
2434.8
2501.1
2791.1
2935.2
2923
2689.7
2624.7
2534.8
2533.4
2544.7
2598.7
2692
2521.5
2510.8
2436.4
2305.4
1919.1
1658
1502.7
1481.4
1540.8
1560.4
1551.1
1698.5
1903.8
2060.8
2315.3
2615.6
2940.7
3264
3432.9
3604.6
3524.3
3382.8
3314.2
3340.9
3499.2
3575.1
3588.9
3487.8
3296.5
3243.9
3210
3053.5
2640.7
2285.3
2091.2
2142.9
2193.4
2222.4
2242.5
2408.3
2619.9
2984.3
3376.3
3827.1
4324.4
4889
5324.4
5747.7
5986
6033.8
5603
5439
5458.2
5688.6
5871.4
6013.3
5970.5
5638.6
5416.5
5476.6
5379.2
4712.3
3715.9
3279.8
3275.4
3411.6
3329.5
3283.5
3398.7
3518.9
3976.8
4336.2
4969.7
5616.6
6352.6
7158.4
7837.8
8297.5
8672.1
8594.2
8145.8
7702.9
7766.4
8175
8376.3
8735
8720.9
8261.1
7726.1
7621.9
7835.3
6948.8
5508.3
4512.1
4608
4786.4
4696.8
4597.7
4571.4
4552.3
4999.9
5499.2
6093.7
6940.2
7705.2
8716.4
9655
10381
11041.1
11503.4
11217.9
10655.6
10045.4
10247.9
10867.2
11119.8
11558
11659.7
11144.7
10310.7
10194.6
10420.7
9451.2
7554.4
5859.6
5895.3
6107.6
6230.5
5990.2
5927.8
5974.7
6325.8
6952.7
7670.1
8601.6
9566.2
10812.4
12093.4
13172.1
14052.1
14921.7
15273.7
14860.1
13913
13299.7
13753
14509.3
14725.9
15467.8
15383.7
14827.3
13841.4
13579.6
13809.2
12672.3
10279.6
8068
7949.1
8390.9
10068
14298.3
17656.3
18294.1
14967.2
11244.6
10597.7
11317.4
12379.7
13669.7
15247.4
16897.2
18205.6
19083
19987.6
20227.1
19571.1
18334.7
17838.2
18447.4
19278.6
19699.5
20441.2
20319.8
19552.4
18403.7
18038.5
17973.7
16392.4
13207
10334.7
9542.4
9505.4
9411.9
9218.9
8867.6
8512.4
8323.3
8722.5
9405.9
10221.5
11129.5
12257.3
13648.7
14983.8
16284.4
17257.7
18303.1
18779.5
18787.5
17866.7
17034.7
16776
17062.2
17558
18107
18334.5
18265.4
17562.1
16629.2
16214.9
15901.5
14321.4
11801.4
9346.2
8058.6
7652.9
7449.5
7203.4
6828.3
6572.5
6136.8
6264.4
6357.4
6790.1
7355.5
7968.1
8764
9582.9
10509
11224.5
11981.7
12475.1
12737.4
12594.2
12378.1
11789.9
11568.2
11559.3
11846.5
12192.2
12325.4
12231.8
11802.8
11388.1
10986.1
10530.7
9452.7
8001.9
6561.5
5457.4
4791.5
4509.5
4135.2
3833.7
3521.1
3189.5
3046.2
2960.1
3016.2
3114.2
3291.2
3590.6
3828.1
4098.9
4524
4691.1
4951.5
5150.9
5259.2
5138.8
5031.4
4899.5
4754.2
4802.2
4833.8
4984.6
4853
4951.1
4758.1
4689.8
4415.1
4260.2
3790.7
3324.4
2745.3
2228.5
1971.4
1705
1436.4
1235.9
1099.3
934.9
835.9
710.1
534
591.2
475.9
419.2
435
353.5
408.1
366
444.8
422.5
399.9
373.5
344.3
362.4
351.4
369.3
369.9
423.5
351.5
342.1
362.4
446.8
344.1
410.5
439.2
494.4
503.8
412
563.1
467.6
407.3
436.8
498.7
449.7
599.6
514.9
581.5
531.8
635.1
780.1
775.8
820.8
708.3
693.3
729.2
777.7
793.6
733.7
792.9
826
969.5
886
879.7
955.3
1006.1
1111.2
1143.8
1223
1272.4
1394.2
1508.4
1787.6
1889.8
2007.3
2187.4
2448.3
2627
2809.2
3089.1
4323.1
5724.2
5486.4
4028
1765.3
1288.7
1295.6
1259.3
1330.9
1567.5
1551.1
1647.6
1888
2094.2
2314.2
2594.2
2873.1
3287.4
3767.9
4133.7
4703.4
5280
6013.3
6675
7457.7
8283.1
9210.5
10251.5
11231.2
12414.4
13490.8
14723.3
16243.8
20057.5
25996.3
29697.3
27225.6
18408.2
9521.3
5279
3807.5
3386.4
3062.4
2892.9
2746
2631.8
2400.7
2365.2
2472.7
2375.8
2515.9
2490.3
2661.3
2628.9
2772.4
2910.7
3193
3323.7
3626.3
3877.5
4273.4
4608.4
4966.9
5349.9
5773
6173.8
6600
6985.2
7227.6
7489.2
7630.3
7911.1
7965.3
8092.6
8128.5
8183.6
8314.7
8319.6
8317.7
8281.5
8287.2
8292.5
8166.5
7879.3
7653.2
7411.9
7306.8
6976.7
6620.5
6349
6021
5793.6
5541.5
5289.9
5146.3
4909.7
4921.8
4921.3
5137.5
5203.3
5439.1
5869.8
6102.4
6615.8
7054.6
7741.9
8271.5
8929.2
9728.1
10482.9
11303.8
12095.2
13024.3
13796.1
14280.1
14617.1
14858.5
14990
15216.5
15169.8
15204
15066.1
15210
15266.9
15106.7
14997.9
14886.2
14944.3
14890.5
14609.6
14056.6
13722
13534.8
13116.9
12736.4
12319.5
11826.9
11521.8
11314.4
10934.5
10822.8
10804.9
10980.2
11064.4
11192.2
11193.3
11298.4
11218.3
11122.3
10987.8
10944.4
11035.4
11158.5
11320.9
11542.2
11988.7
12496.4
13304.9
14301
15075.6
16027.3
16974.8
17826
18505.1
19161.5
20003.8
20667.5
21158.3
21788.2
22115.1
22699.2
23361.8
23858.3
24009.7
24295.7
24850.7
25419.4
25862.4
26317.1
26480.3
26666.1
26638.4
26226.6
25554.8
24450.8
23074.6
21402.3
19888.6
18229.2
16760.8
15179.8
13964.8
12409.7
11227.2
10197.8
9439.1
8976.7
8853.4
8833.7
9060.1
9390.2
9857.1
10354.9
10899.3
11630.7
12541.1
13625.2
14421.2
15526.9
16730.2
17875.8
18910.7
20123.6
21309.8
22273.3
23437.8
24607.4
25727.6
26953.5
28140.4
29414.6
30282.2
30853.8
31413
31383.6
30870.3
30278.4
29554.8
28226.9
26932.9
25808.2
24502.2
22983.6
21446.2
19795.6
18078.6
16544.6
14985.8
13531.2
12384.1
11456.5
10486.6
9844.2
9223.3
8744.6
8191.2
7791
7594.9
7367.8
7244.8
7275
7273.9
7480.2
7693.5
8108.7
8353
8784.6
9258
9875.2
10615.8
11202.4
11835.9
12523.1
13347.6
13847.9
14403.4
14868.4
15261.2
15614.3
15987.5
16274
16376.8
16583.3
16852.9
16853.8
16932.3
17051.4
16958
16723.9
16657.3
16381.2
16177.6
15603.2
15207.9
14805.5
14387.6
14169.8
14031.7
13965
14089.1
14219.3
14315.5
14281
14092.7
13918.6
13658.7
12972.8
12526.8
11555.1
10950
10336
9754.3
9157.4
8500.7
7927.5
7306.9
6712.1
6075.2
5536.9
4914
4317
3691.5
3277.8
2924.5
2620.3
2455.6
2327.1
2242.7
2176.1
2245.4
2228.8
2376.2
2304
2431.8
2488.6
2614.9
2734.6
2900.7
2918.2
3084.5
3227
3320.1
3534.2
3806.2
3936.6
4065.5
4207
4211
4276
4308.6
4293.1
4251.7
4114.1
3969.9
3823.8
3803.4
3533.2
3314.7
3184
3104.9
2875.3
2846.9
2364.9
2210.3
2059.5
1959
1727.1
1513.1
1388.6
1340
1316.3
1279.8
1285.3
1327.7
1361.7
1339.2
1358.5
1416.9
1551.7
1597.1
1685.6
1800.9
1932.8
2071.7
2258
2447.6
2678
2938.9
3099.6
3359.2
3592.4
3837.9
4133.4
4258.2
4457.3
4472.8
4510.3
4658.5
4598.8
4509
4462.7
4400
4303.5
4170
4022.1
3759.1
3673.5
3554.8
3289.7
2932.7
2704.4
2551.6
2308.1
2103.3
1883.4
1647.4
1490
1422.8
1244.3
1225.6
1109.2
1124.3
1108.4
1098.4
1095.7
1037.3
1116.3
1056.4
1045.7
1082.3
1073.2
1140.4
1140.4
1286.1
1315.6
1304.1
1473.4
1471.1
1651.1
1721
1879.1
2018.4
2311
2606.2
2666.6
2792.8
2779.4
2781.9
2956.3
2887.7
2817.8
2791
2780.4
2840.5
2775.3
2998.1
2517.8
2464.5
2412.1
2285.5
2051
1853.6
1784.2
1581.3
1391.8
1266.1
1140.4
915.4
830
750.9
731.5
639.7
591.1
613.9
645.9
658.9
656.1
618.1
621.3
661.4
482
619.3
525.5
497.5
592.9
488.1
451.4
441.7
430.7
441.2
350.5
340.7
293.9
247.3
253
257.2
263.2
159.6
254.2
127.6
186.4
185.9
190.1
82.8
192.9
80.9
142.8
181.8
189.5
176.6
228.6
228.2
307.8
248.8
329.9
356.4
375.1
467.5
508.9
462.8
484
473.6
430.6
386.3
439.3
385.6
446.6
404.4
384.8
370.7
284.8
278
282.8
315.7
300
228
297.5
124.4
133.9
332
75.9
92.1
99.9
40.9
69
60.1
49.3
0
24.5
53.7
45.2
80.9
269.8
76.8
5.5
58.5
65.4
151.2
94.4
87.6
89.3
100.7
165.1
113.6
111.3
174.2
213.3
226.4
201.6
267.8
338.6
333.8
370.6
316.8
384.7
365.8
379.4
353.5
382.8
352.1
322.5
261.6
319.7
290.7
207.9
199.5
233
149.1
135.7
220.3
166.6
154.1
210.6
274.2
328.2
504.2
684.9
803.4
754.4
671.2
639.8
632.5
616.2
663.8
667.6
769.4
716.1
557
478.1
499.2
423
498.7
367.9
368.6
353.5
298.4
333.1
273.2
273.5
264.8
245.2
295.5
314.2
290.5
474.8
354.4
285.5
302
266.3
363.8
376.9
278.7
341.4
358.2
423.9
454.2
423.2
387.9
405.3
350.9
294.1
333.3
265
286.2
203.2
133.3
180.7
197