NaN
NaN
3888.6
2216
1106.7
1281.6
1478.1
1721.8
2257.3
2759.7
3416.9
4398.4
5586.4
6995.7
8828.4
10713.1
13287.1
15711.4
17787.6
18427.3
14721.3
9210.2
4289.7
1953.4
1763.8
1902
2300.9
2707.9
3229.8
4028.4
5059.2
6328.3
7852.6
10014.2
12194.8
14971.3
18271.3
22375.2
26174.9
29520.9
28672.8
21365.5
12138.4
4325.3
1312.9
1044.4
926.9
932
838
780.2
789.1
924.8
752.8
797.4
890.3
1151.1
1149.6
1351.8
1642
1910.1
2220.1
2513.3
2266.7
1860.5
1274.6
968
848.1
982.7
1050.1
1274.6
1656.1
2191.4
2834.2
3434.7
4206.1
4952.8
5691.8
6169.4
5442.7
3806.2
2312
1268.2
1142.6
1207.6
1339.3
1705.5
1711
2144.2
2476.3
2975.2
4053.2
5204.6
6479.7
7874.2
9699.5
11488.5
13304.6
14295.3
12799.6
9141
5297.8
2421.3
1638.5
1632.8
1823.5
2105.5
2407.2
2751.8
3299.1
3936.2
4822.9
5853.5
7169.1
8633
10565.6
12791.5
15329.8
18193.3
22318.5
25942.1
27660.8
25161.9
17899.4
10476.6
4237.2
1701.1
1642.5
1569.9
1635.9
1918.4
2030.9
2449.9
2797
3349.9
4059.4
4883
5955
7054.1
8640.3
10270
12213.3
14469.6
17128.2
20505.9
24643.8
27284.7
27205.4
22222.8
14901.8
8013.8
3112.3
2050.2
2098.3
2196.5
2473.9
2745.5
3103.8
3621.3
4332.6
5099.4
5238.6
4920.9
3880.3
2681.4
1655.7
1211.7
1183.7
1312
1369
1484.3
1722.2
2113.7
2721.4
3201.5
3856.6
4623.9
5315.8
6063.1
7322.8
8301.7
8678.2
7895.9
5878.6
3782.2
1967.6
1074.9
1039.1
1026.9
1074
1105
1222
1301.1
1506.5
1587.8
1855.6
2251.4
2832.6
3668.4
4579.8
5464
6511.4
7409.8
8677.2
10579.8
12184.2
12606.1
11427.8
8668.6
5534.8
2769.6
1316.6
1149
1190
1250.2
1246
1353.1
1445
1487
1663.5
1955.1
2071.7
2312.5
2671.7
3123.3
3616.9
4242.1
5028.3
5785.6
6703.1
7857.5
9082.6
11004.9
12770.3
13672.7
13185.5
11034.1
7735.5
4280
1751.7
748.1
681.5
655.8
649
649.7
625.7
747.3
730.1
973.7
1031.9
1136
1221.1
1373.9
1562.3
1843.1
2050.5
2416.6
2739.7
3171.1
3699.9
4230.6
4905.7
5703.3
6742.2
8110.6
9110
9459.7
9086.4
7638.8
6161.7
4503.1
3447.9
2952.2
2326.3
1669.3
1122.8
678.7
579.7
748
566.3
657.3
604.8
577.4
591.1
689.5
859.3
1021
1195.8
1452.6
1662.5
1907.9
2216.9
2524.6
2959.8
3560.6
4007.5
3915.5
3683.3
3048.3
1915.9
1027.3
405.9
299.5
241.3
225.4
220.9
244.8
276
319.8
370
422.6
461.4
457.8
802.4
541.6
668.4
857.8
1073.8
1530.2
1599.8
1952.9
2228.3
2470.1
2950.3
3526.3
4311.5
4843.8
4999.1
4552.2
3896.5
2646.8
1541.7
798.9
573.5
613.3
627.3
585.3
548.5
469.5
478.3
457.5
383.3
468.6
445.4
479.2
531.3
580.9
649.7
746.6
870.3
948
1100.4
1408
1429.8
1644.5
1964.8
2260.9
2544.7
3007.5
3441.1
4148.5
4605.3
4752.5
4374.1
3788
2776
1696.8
799.6
362.2
314.4
348.2
288.1
297
346.7
382.2
342.3
368.2
431.7
475.6
477.1
511
611.9
621.3
717.1
745.5
811.3
919.6
1095.6
1391.6
1493.3
1784.3
2090.1
2459.3
2618.8
2650.7
2601.2
2542
2358.2
2265.8
2431.6
2543.8
2541.8
2388.6
2065
1558.7
1096.6
598.3
400.7
437.6
336.6
343
357.8
376
520.8
588.9
652.4
783.5
851.4
1013.1
1189.8
1312.7
1472.5
1743.3
2032.3
2153.1
2151.9
1960.6
1659.1
1164.2
657.5
347.1
147.4
139
172.9
220.3
189.1
185.6
164.3
221.8
201.2
299.2
198.4
247.8
286.7
331.2
292.9
392.5
314.3
285.6
346.3
444.6
480.8
568.7
693.5
825
963.7
1185.8
1288.2
1474.8
1629.1
1878.4
2222.1
2474.2
2551.3
2426.9
2268.2
1961.3
1486.4
1097.7
863.2
923.8
831.5
746.8
641.5
592.9
379.4
284.7
217.9
138
196.5
196.8
396.8
424.1
524
602.4
638.8
663.1
607.1
590.7
407.8
384.4
409.8
445.5
594.9
625.9
710.4
752.3
856.5
889.1
1042.5
1119.3
1150.3
1342.8
1447.3
1591.9
1796.5
1837.5
1743.6
1590
1409.2
1140.4
823.6
446.8
333.6
292.4
242.6
215
266.2
232.9
259.1
292.6
253.1
309.7
310.9
373.2
356.5
447.5
525.6
649.5
679.2
653.4
625.2
566.9
505.1
377.9
363.1
133.3
116.1
149.5
185.5
156.8
173
211.3
363.3
297.1
283.8
394.2
376.5
371.7
442.9
580.9
564.2
632.3
765.8
713
717.8
764.4
699.1
624.7
549.3
534.3
533.5
517
522.6
628.5
630.2
726.6
769.6
847
895.5
905.2
804.6
716.7
657.4
502.3
453.8
302.1
250
210.5
229
321.8
217
186.1
236.1
229.8
215.8
183.3
279.7
176.5
176.8
192.9
176.6
257.7
315.1
332.1
530.7
382.4
426
384.4
471.2
502
523.4
608.7
548.6
645.2
694
767.1
816.4
855.7
924.8
1119.2
1043.6
1176.7
1165.4
1340.2
1420.3
1477.6
1467.3
1534.6
1544
1455.4
1393.1
1287.3
1218.7
1082.8
1057.9
1015.7
915
797.2
711.3
588.8
577
529.1
510.2
457.8
418.7
309.7
275.7
366.7
343.8
376.2
261.1
244
261.4
257
304.6
404.2
444.9
244.7
193.9
195.8
160.1
185.3
218.1
172.3
186.1
189.5
215.5
230.2
175.4
193.7
224.2
218.4
191.3
183.3
356.9
278
219.7
276.9
388.2
321.8
362.2
458.2
463.1
351.5
327.8
335.9
251.5
280.1
427.1
397.8
474.6
546.9
633.9
740.9
864.3
994.6
1030.8
1180
1340.5
1351.1
1378.1
1468.2
1561.4
1612.3
1619.4
1597.4
1699.7
1686.3
1680.3
1665.8
1636.3
1729.4
1856.4
1736.5
1723.4
1725.6
1826.5
1846.2
1850.6
1840.4
1930.2
1918.4
1833
1815.8
1745.8
1743.7
1638.3
1641.3
1608.5
1705.6
1704
1807
1746.9
1806.4
1792.1
1824.3
1830.9
1775.1
1832.9
1745.3
1718.3
1794.6
1777.9
1720.9
1668.5
1782.3
1684.5
1708
1609.8
1618.2
1675.7
1662.6
1555.6
1442.6
1362.8
1294.9
1206.4
1176.7
1140.2
1161.3
1260.9
1207.5
1363.1
1310.8
1328.5
1387.7
1452.6
1460.1
1400.1
1306.2
1299.2
1229.6
1159.2
1105.3
1052.1
1017.6
974.7
892.4
870.1
882.2
887.6
862.2
973.7
1005.6
961.5
926.2
965.3
908.3
900.9
912.7
916.5
899.5
806.6
817.4
782.9
812.8
744.8
795.7
783.7
833
860.4
922
984.5
915.2
893.6
842.9
811.8
792
709.4
637.1
563.6
629.7
354.1
364.3
417
332.4
378.3
382.5
352.5
381.5
352
422.5
363.8
450.4
421.8
428.5
468.3
460.5
520.9
545.7
506.4
544
542.7
657
581.9
657.2
700.6
737.8
753.5
775.6
795.8
839.7
920.2
901.5
983.4
1025.7
1189
1352.6
1433.6
1634.6
1742.7
1968.9
2210
2553.6
3021.3
3576.7
4127.4
4619.4
5038.7
5241.2
5429.6
5496.1
5548.1
5648.7
5780.7
5858
6100.2
6148.8
5855.2
5554.9
5130.2
4944.9
4816
4743.2
5168.9
5653
6233.1
6898.2
7543.5
7844
7973.9
8154.5
8126.1
8231.3
8583.6
8417.4
8632.9
8745
8394.4
7949
7406.1
6635.2
6224.7
5840.4
5925.2
6233.5
6829.5
7354.7
8100.4
8692.2
8914.8
9198.4
9126.8
9131.1
9159
9454.3
9623.4
9708.6
9853.1
9535.7
9012.1
8139.4
7291.6
6667.5
6208.6
6089.6
6435.1
6851.9
7439.2
8138
8897.8
9431.8
9696.2
9692.7
9550.1
9543.8
9554.1
9918.2
10030.8
10254.1
10190.9
9750.8
9070.6
7849.4
7070.4
6193.7
5745.3
5792.9
6023.7
6401
6898.5
7422.4
8073.6
8627.9
8959.9
8953.4
8635.8
8588.5
8396.9
8757.6
9054.9
9055.1
9156
8982.1
8444.8
7339
6389.5
5619.2
5249.6
4991.2
5285.3
5550.2
6042.1
6516.6
7136.9
7842.9
8242.2
8431.5
8318.8
8030.5
7888.4
7833.7
8218.3
8537.9
8597.3
8687.1
8601.8
8213.5
7306.3
6125.5
5338.1
4910.6
4698.6
4886.1
5127.8
5380.4
5696.6
6194.5
6799.7
7327.1
7566
7680
7260
6926.4
6751.5
6754.2
7170.7
7312.3
7197.6
7156.3
6790.9
6448.6
5511.7
4302.4
3547.4
3082.7
2995.5
2924.3
2838.2
2977
3059
3187.8
3415.4
3674
4084.4
3886.5
3751.4
3520.1
3436.4
3456.7
3728.7
3953.9
4037.7
3839.7
4016.9
3638.8
3144.9
2450.9
2073
1845.8
1860.2
1913
1927
1972.7
2111.1
2259.3
2343.9
2596.4
2770.5
2761.4
2558.4
2506.8
2414.3
2385
2355.3
2407.9
2545.7
2393.2
2358.9
2307.9
2221.7
1824.8
1562.8
1378.1
1342.9
1392.4
1420
1392
1526.3
1723.2
1874.5
2136.8
2387.1
2726.6
3095.4
3253.1
3452
3402.3
3272.2
3133
3175.9
3367.1
3362.2
3445.8
3374.4
3205.9
3076.6
3083.1
2943.6
2612.8
2210.4
1949.5
2012.6
2093
2110.4
2135.6
2203.1
2454.7
2812.9
3172.2
3584.2
4117.7
4643.9
5064.6
5525.7
5810.8
5866.4
5546.8
5314.3
5235
5492.8
5660.7
5840
5848
5574.3
5297.9
5229
5254.7
4719.8
3769.6
3171.6
3120
3225.4
3219.5
3162.4
3249.9
3349.7
3818
4110.5
4708.2
5321.4
6039.9
6811.7
7586.5
8000.7
8477.9
8438.9
8119.8
7658.7
7510.3
7929.6
8205.3
8508.4
8635.3
8192.1
7706.2
7421.1
7728.2
6983.3
5746.3
4495.9
4466.2
4622.1
4646.9
4540.4
4389.4
4405.3
4780.9
5263.9
5836.2
6594.3
7400.9
8340.5
9196.9
10112.4
10771.6
11314.9
11079.9
10688.9
9970.8
10041.4
10625.9
10909.6
11301
11500.5
11052.1
10408.1
10016.8
10255.3
9529.2
7893.6
6068.8
5768.7
5934.3
6146.4
5901.9
5859.2
5869
6130.9
6720
7397.4
8286.6
9169.2
10393.1
11638.3
12791.9
13740.7
14567.6
15131
14953.6
14035.1
13332.8
13525.1
14210.4
14536
15130
15168.9
14817.5
14025.4
13402.1
13557.7
12910.3
10804.5
8467.4
7870.5
8134.4
9564
13027.2
16428.5
17657
15468.6
11871.6
10657.4
11072.1
12042
13223.8
14843.9
16305.4
17828.2
18754.4
19655.5
20000.1
19570.7
18538.2
17888.9
18201.2
18841.9
19427.4
20128.7
20168.6
19649.4
18622.7
17991.7
17712.4
16538.9
13875.2
11048.7
9778.5
9499.3
9303.9
9143.1
8854.2
8522
8368.8
8591.4
9168.6
9915.5
10822.6
11945.2
13231.2
14599.8
15891.8
16893.3
17992.3
18550.4
18646.3
17989.7
17170.6
16797.4
16933.3
17357.2
17962.7
18132.7
18211.2
17607.6
16778.8
16174.1
15834.9
14467.4
12302.3
9990.5
8402.8
7686.3
7397.5
7217.2
6866
6632.1
6164.1
6191.9
6238.1
6623.6
7153.5
7781.9
8435.4
9302.3
10149.9
10936.4
11654.4
12217.8
12582.6
12468.7
12289.7
11788.7
11624.5
11528.1
11725.1
12012.1
12138.2
12151.3
11799.2
11385.2
10992.7
10501.8
9585.9
8200.3
6894.7
5723.7
4954.1
4540.7
4124.4
3818.2
3533.9
3212.4
3029.2
2891.8
2875.9
3002.9
3109.7
3469.3
3696.4
3921.3
4401.2
4513.1
4856.1
4973.5
5019.8
5027.3
4955.2
4843.5
4719.5
4674.5
4731.6
4847.4
4768.7
4869.9
4694.7
4645.6
4384.8
4162
3762.2
3324.1
2825.2
2294.5
2001.6
1689.2
1353.3
1173.6
1027
871.1
750.8
668
484.1
508.2
337.6
321
335.1
285.6
314.8
266.6
329.8
319.8
269.1
249
221.7
223
218.6
216.7
251.3
306.7
211.3
283.9
271.1
342.9
270.5
292.3
337.3
350.8
354.6
303.9
467.9
340.4
286.9
316.3
368.8
315.5
458.6
391.8
423.7
369.1
433.6
615.4
628.1
686.9
554.1
532.7
598.3
645.1
640.9
593.6
669.4
697.7
843.8
732.7
790.9
766.1
861.5
1020.7
981.4
1045.9
1093.3
1248.4
1318.9
1640.8
1685.7
1804.8
1927.2
2254.9
2427.9
2555.7
2745.9
3603.8
5165.6
5323.9
4302.1
2202.2
1199.3
1182.6
1125.9
1203.9
1441.8
1355.5
1486.5
1689.9
1870.9
2092.6
2432.2
2653
3002.9
3508.9
3828.4
4403.6
4892.5
5555.2
6196
6968.3
7744.8
8637.7
9614.9
10571
11632.8
12760.3
13889.5
15245.3
18249.3
23226.6
27594.3
26913.6
20527
11870.4
6519.8
4070.8
3438.7
3061
2835.3
2667.9
2516.5
2344.7
2261.9
2373.8
2273.7
2411.7
2340.4
2597.9
2496.4
2669
2775.7
3008.6
3170.1
3486.6
3715.1
4064.4
4380.9
4722.1
5103.6
5491.1
5907.4
6388.3
6738.4
6972.5
7287.9
7376.4
7787.7
7805.7
7944.9
7937.9
8074.4
8169.9
8196.5
8180.7
8184.6
8125.6
8188.6
8061
7853.2
7640.7
7364.9
7261.9
6882.4
6593.6
6304.2
6013.6
5800.7
5583.1
5346.1
5078.7
4889.8
4841.1
4810
5049.1
5072.1
5339
5739.6
5920.4
6370
6850.9
7518.5
7966.8
8672.8
9411.2
10196.4
11011
11696
12601.5
13413.8
13906.8
14345.8
14608.9
14736.6
15065.3
15193.6
15205.4
15020.5
15106.1
15180.8
15129.2
15011.9
14846
14853
14795.3
14533.6
14166.6
13733.5
13524.1
13204.3
12846.6
12435.9
11955.7
11528.4
11389.8
10999.3
10837.2
10730.4
10875.3
10969.5
11116.4
11038.5
11069
11110.7
11024.9
10963.9
10867.3
10884.7
11083.3
11287.9
11399.8
11929.6
12295.4
13013.1
13958.9
14748.7
15621
16604.9
17459.7
18213.5
18859.7
19624.6
20317.9
20958.5
21519.4
21815.4
22446.9
23057
23622.9
23839.3
24083.7
24603.1
25062
25391.2
25942.4
26171.8
26447
26308.8
26066
25406.7
24536.5
23209
21630.9
20104.4
18651.7
17239.3
15772.1
14483.2
13001.5
11794.9
10641.6
9829.1
9186
8936.3
8866
9000
9359.6
9717.7
10233.9
10685.1
11362.3
12229.4
13310.6
14016.1
15096.7
16293.2
17442.6
18490.7
19667
20790.4
21755.3
22836.1
24107.3
25079.3
26328
27634.6
28811.4
29599.5
30387.2
30942.6
30932.6
30579.2
30169.7
29586.8
28327.4
27057.3
25950.8
24693.3
23380.4
21929.1
20385.1
18729.1
17163.3
15621
14080.4
12861.3
11791.6
10848.4
10175.4
9459.4
8910.9
8386.1
7969.4
7730.3
7512.2
7311.3
7319.9
7294.1
7487.7
7643
8014.8
8337.4
8636.1
9078
9675.1
10427.6
10967.6
11594.1
12307.1
13116.1
13649
14183.5
14735
15083.6
15494.7
15805.9
16221
16306.6
16584.3
16821.6
16876.9
16958.6
17074
16934.2
16813.4
16780.7
16480.6
16230
15775.7
15378.9
14944.8
14495.2
14285.2
14003.7
13835.2
13738.1
13753.3
13656.4
13522.1
13395.4
13135.7
12881.7
12272.4
11963.2
10813.7
10283
9721.1
9116.8
8582.3
7997.9
7447.3
6896
6362.1
5773
5310.2
4840.8
4274.1
3688
3266.5
2892.5
2569.7
2420
2244.8
2196.1
2082.3
2205.2
2115.1
2233.9
2238.8
2306.2
2342.6
2479.9
2568.2
2772.2
2801.1
2972.4
3089.5
3132
3383.8
3607.7
3788.8
3898.7
4032
4085.4
4154.6
4127.3
4160.4
4150.1
4018.1
3897.1
3757.5
3743.4
3499.2
3358.2
3197.9
3074.9
2906.9
2848.7
2423.8
2209.4
2053.1
2017.9
1750.1
1570.2
1394.4
1359.9
1285.4
1217.2
1243.3
1269.6
1289.9
1251.6
1273.7
1334
1448.6
1544
1582
1696.6
1814.2
1953.3
2140.6
2271.6
2514.3
2759
2883.2
3190
3433.2
3635.7
3918.5
4098.3
4249.1
4346.7
4383.8
4543
4427.6
4415.6
4419.7
4321.4
4274.9
4161.1
4040.9
3794
3681.3
3548.9
3370.5
2966.3
2750.5
2614.8
2383.9
2189.6
1989
1719.6
1469.7
1448.9
1231.2
1236.8
1119.2
1083.9
1064.2
1072.9
1085.8
995.7
1097.4
1019.4
1028.5
1001.7
1057.2
1074.3
1099.5
1210.4
1271.9
1221.4
1404.5
1428.2
1540.4
1612
1760.5
1886.6
2144
2426.2
2545.9
2666.2
2666.6
2663.8
2885.4
2833.5
2695.3
2719
2704.5
2747.1
2732.7
3003.9
2512.9
2452.6
2359.6
2287.6
2063.5
1889.8
1727.2
1591.7
1417.9
1348.8
1208.6
954.5
870.5
751
747.3
648.4
552.6
576.5
645.5
639.5
615
587.7
601.3
628.2
435.4
573.4
528.8
498.5
587.1
486.3
415.2
426.9
395.4
423.5
349.6
340.7
280.1
228.2
266.3
264.3
236.2
161.4
251.4
138.9
165.7
155.9
156
66.8
214.3
80.4
133.4
170.4
181
175.3
228.2
227.6
277.8
212.8
264.9
340.3
333.9
430.5
499.1
424.8
480.6
460.8
411.4
360.2
430.4
379.4
433.9
391.7
386.9
392.2
312.5
264
296.3
301.5
354.4
242.5
358
165.8
150.8
351.3
100.7
99.8
135.2
46
82.7
68.9
43.7
21.1
0
68.2
43.6
107
303.9
79.6
19.4
19.5
54.3
153.5
64.2
57.7
61.2
92
173
113.9
99.8
188.6
214.2
202
212.6
248.9
347.2
316
349
323.3
381.2
371.9
363.3
337.5
398.8
382
393.8
281.5
343.6
338.9
242.2
230
272.9
198.3
167.8
263.1
222.7
151.4
214.1
213.9
256.6
388.2
554.9
672.2
657.1
605.4
536.2
564
558
566.8
575.1
693.2
655
533.9
453.5
494.4
394.1
512.5
384.3
399.9
382.5
324.5
366.5
329.6
295.9
309.3
270.6
337.4
337.9
336.8
569.9
347.9
320.6
336.9
296.7
390.7
423.2
300.7
370.9
383.9
439.8
485.1
459.3
398.7
429.3
391.2
351.3
398.7
328.9
343.6
258.7
230.3
234.4
257.5