5751.5
4075.9
2483
1241.7
1138.2
1456.3
1671.6
2116.5
2646.6
3418
4306.9
5490.1
6825
8511.6
10549.5
12968.9
15667.5
17996.5
18992.6
15894.1
10369.1
5059.5
1971.2
1859.1
1948.4
2203.3
2624.2
3267
3986.4
4942.2
6379.8
7780.5
9723.3
12126.6
14907.5
18032.8
22291.3
26364.8
30089.8
30387.9
23506
14229.7
5640.9
1561
1184.4
1036.9
896
876.2
992
757.9
734.4
732.7
924.3
837.6
984.4
1148.9
1316.9
1600.8
1923
2055
2360.3
2305.7
1986.5
1368.4
996.9
772.9
864
1009.1
1243.7
1614.3
2063.6
2738.2
3414.7
4073
4895.7
5668.7
6132
5589.3
4111.8
2640.7
1372.2
1129
1415.2
1396.8
1717.6
1851.8
1853.5
2352.5
2867.5
3790.9
5001.1
6515.4
7629.4
9108.6
11078.7
13120.3
14467.6
13633.1
10012.7
6047.5
2693.8
1631.2
1707.2
1861.5
1990.6
2338.3
2731.3
3309.5
3976.6
4857.6
5774.2
7002.5
8620.3
10442
12559.8
15111.2
17891
21885.6
25894.1
28033.9
26836.7
19883.8
11940.2
5309.6
1911.6
1552.2
1633.1
1632
1917.7
2091.8
2400.4
2787.4
3392.4
4112.4
4851.4
5981.5
7110.2
8476.8
10233.7
12300.9
14591.4
16992.4
20171.8
24685.4
27806.4
28630
24449.7
16781.7
9421.8
3823.3
2115.8
2081.8
2154.7
2372
2709.7
3045.5
3608.9
4146.6
4796.9
5129.9
4966.1
4006.8
2837.3
1842.6
1316
1198.7
1264.7
1386.5
1577.8
1878
2056.7
2537.1
3168
3846.1
4527.1
5217.3
5858.2
7094.3
8211.8
8665.6
8215.1
6386.3
4165.6
2323.6
1218.5
1043.6
1054.3
1121.7
1115.2
1297.8
1353.8
1434.8
1588.5
1783.4
2200.7
2799.9
3444.7
4379.2
5340.8
6289.3
7276.6
8470.7
10314.1
11880.6
12726.7
12136
9441.5
6137.3
3278.2
1561.3
1310.3
1275
1353
1447.9
1445.6
1484.9
1749.4
1714.1
1860.8
2108.4
2358
2684.5
3096.9
3687.8
4225.5
4887.5
5797.5
6717
7794.4
8926.1
10582.5
12649.7
13927.3
13831.1
11924.8
8494.1
4983.5
2218.8
955.6
692.8
683.4
620.3
679
619
909.6
910.1
976.5
1026.5
1136
1273
1444.8
1559.9
1868
2089.4
2392.7
2745.5
3107
3622.1
4252.3
4936.1
5631.2
6569
7899.5
9224
9626.5
9488.3
8185.8
6531
4892.4
3613.4
3000.6
2582.6
1824.8
1187.8
953.9
619.1
662.7
599
555.3
579.7
595.3
722.2
737.6
892.2
1022.1
1162.7
1391.4
1699.9
1973.1
2161.4
2503
2908.1
3368.7
3901.5
4153.1
3805.9
3166.4
2122.8
1256.2
529.2
294.5
251.5
229.8
288.6
331.2
319
385.8
392
394.7
738.1
467.7
511.9
583.8
688.5
1031.4
956.2
1319.3
1596.9
1796.6
2136.4
2453.2
2841.9
3443.2
4265.6
4814.1
5240
4801.8
4012.7
2922.7
1766.9
987.6
759.4
760.6
740.9
713
673.1
653.8
502.3
553.5
460
489.1
505.6
553.6
528.4
650.5
710.9
721.1
873.3
1163.7
1091.9
1240.4
1483.6
1702.8
1911.4
2259.2
2529.6
2955.1
3372.4
4065.6
4618.6
4863.3
4657.1
4032.7
3112.2
1982.3
996.4
565
359.8
351.6
385.9
384.7
403.9
420.6
488.6
498.8
501.1
485.5
598.7
583.8
641.7
659.7
670.8
749.4
864.8
1053
1110
1289.5
1477.6
1814.1
2052
2334.5
2554
2729.2
2720.8
2594.6
2433.6
2322
2431.4
2634.8
2682.8
2569.2
2276.7
1799.9
1287.3
822.8
486
393.9
353.1
338.8
461.1
458.2
527
633.6
625.2
834.7
976.8
1108.1
1176.3
1267.3
1498.3
1720.1
2084.1
2242.5
2262.6
2066.4
1765.6
1343.6
805.8
403.9
246.6
260.9
255.9
235.6
172.7
242.2
253.3
376
210.1
279.8
268.7
317.2
336.1
433.3
311.7
316.5
331.8
411.6
392.4
402.7
480.5
602.2
673.7
995
1015.3
1203.9
1289.1
1445.6
1652
1946.4
2339.4
2554.6
2679.2
2673.8
2441.4
2182.7
1689
1407.3
1096.8
1001.4
1003.4
979.8
795.4
675.5
543.9
377.8
309.8
235.9
265.6
210.4
287
402.6
448.5
547.5
617.7
711.9
561.3
535.2
428.7
418.8
535
529.5
595.4
658.7
760.5
755
951.2
1006.9
1062.2
1200.5
1295.1
1342.3
1482.2
1681.9
1844.6
1963.2
1883.8
1757.5
1605.7
1235.2
962.1
627.6
389.9
315.5
338.7
268.6
267.9
327.1
269
298.9
328.5
333.4
312.9
367.6
463.4
512.7
509.6
565.3
685.6
699.4
660.6
626.1
693.7
472.4
351.8
250.5
210.6
153.4
147.9
196.9
348.9
294.5
267.3
363.5
351.9
399.6
410.1
532.1
548.3
568
673.6
620.5
695.4
806.2
811
753.1
760.6
731.9
702.9
612.1
524.5
604.4
574
669.5
688.9
716.1
828.1
951.4
970.7
907.5
920.2
823.8
804.6
554.7
461.5
402.9
377
382.8
263.3
228.6
307.5
280
276.9
230
368.8
223.5
184.4
234.4
169.5
261
276.3
313.9
531.5
336.6
395.6
374.4
436.4
463
537
578.4
542.9
634.5
670.8
683
784.8
772.6
794.1
1013.9
993.3
1046.1
1102.3
1216.5
1232.2
1361.7
1476.6
1553.6
1614
1624
1565.3
1546.3
1580.1
1387.9
1336.2
1263.2
1155.3
1054.4
969.2
821.9
779.8
645.2
623.2
573.7
558.5
470.9
433.8
500.3
431.2
353.5
259
241.5
238.6
260.8
363
425.9
510.8
295.6
235.9
275.9
225.9
199.7
265.1
235.1
214.8
190.6
233.6
272.4
194.4
224.7
258.8
275.4
274.4
221.4
373
253.7
182.2
233.4
323.3
254.3
323.1
478.6
540
413.1
444.5
394.7
381.4
338
384.6
310.1
337.1
434.4
466.9
565.1
657.6
842.9
818.7
919.2
1083.5
1182.3
1307.1
1360
1444.8
1535.6
1549.6
1590.9
1659.2
1670.2
1718.4
1731
1669.4
1718.2
1832.2
1745.1
1740.9
1722.1
1747.1
1811.5
1805.9
1873.7
1853.9
1907.7
1978
1978
1924
1830.6
1723.9
1731.8
1643.1
1736.9
1681
1831.7
1723.9
1787.3
1753.5
1781.8
1808.8
1889.4
1933.1
1876.3
1766.7
1849.3
1783.7
1769.3
1735
1759
1728.6
1752.5
1677.2
1693.7
1665.8
1706.7
1607.1
1664.9
1633.9
1525.2
1433.5
1347.4
1231
1225.4
1233.2
1186
1320.4
1244.3
1307.7
1320.1
1399
1385.4
1481.2
1437.6
1450.7
1367
1354
1257.2
1223.5
1160.4
1097.1
1065.6
998.5
950.4
880.7
881.6
929.3
1017.7
1004.3
1010.2
1067.2
990.2
961.8
966.6
951.2
963.1
875.2
962.9
893.5
908.6
866.8
842.9
750.4
826.8
850.8
965.2
1017.2
1019.6
979.2
964.5
961
991.8
918.6
875
779.7
901.5
571.1
526
545.7
386.8
393.1
376.5
371.6
392.1
411.3
477.5
337.8
477.5
477.3
429.1
480.7
454.6
492.7
560.3
578.2
558.5
572.2
745
660.6
673.6
716.1
752.6
773
834.9
857.5
878.9
944.3
913.2
992.2
979.5
1063.9
1163.4
1212.3
1380
1440.9
1617.5
1728.1
1939.1
2169.2
2539.3
2929
3345.1
3952.8
4506.1
5047.7
5256.1
5380
5419.2
5534.3
5588.8
5769.4
5880.3
5988.4
6150.9
5940.9
5596.2
5224.2
4924.9
4892.2
4812.5
5001.2
5426.1
6080.2
6700.4
7371.4
7806.6
8013.5
8078.6
8260.6
8057.4
8340.9
8374.3
8457.7
8746.9
8769.5
8131.8
7464.1
6674.3
6244.8
5955.5
5869.3
6112.2
6588
7190.2
7761
8552.1
8933.2
9169.9
9180.4
9114.3
9127.9
9281.2
9551.2
9637.8
9874.8
9777.9
9311.9
8420.2
7410.3
6779.9
6296.5
6067.3
6319.5
6860.5
7394
7885
8670.1
9290.2
9679.7
9800.6
9608.2
9550.8
9497.3
9943.5
10039
10088.6
10253.5
9988.6
9560.6
8328.5
7157.5
6539.9
5899.6
5716.9
6001.1
6342.9
6705.4
7276
7907.7
8721.9
8944
9160.8
8686.5
8470.8
8507.2
8618.6
9074.7
9120.8
9139.9
8911.3
8692.1
7947.7
6733.8
5821.6
5246.8
5017.1
5344.5
5619.2
6024.6
6476.6
7049.7
7754.8
8370.3
8652.8
8615.3
8202.3
7998.7
7918.2
8136.2
8565.7
8832.6
8750.5
8698.8
8414.5
7878.4
6674.2
5630.6
4994
4879.2
5030.5
5215.8
5445.2
5860.8
6277.9
6768.8
7455.6
7788.2
7795.5
7404.2
6993.6
6821
6810.7
7143.3
7449
7309
7207.8
7388.4
6730.5
5834
4651.5
3779.7
3179.4
3060.7
3137.7
3020.6
2918.4
2993.3
3127.1
3596.2
3678.8
3914.7
4002.9
3797.4
3533.2
3445.2
3539.9
3775.2
3953
4223.9
3897
3860.1
3687.4
3401.9
2689.1
2164.9
1848.3
1864.3
1919.4
2036.7
2062.8
2055.5
2181.2
2373.3
2612.4
2735.9
2860.6
2760
2554.2
2346.1
2290.7
2493.5
2416.1
2503
2453.2
2403.2
2288.3
2261
1990.9
1652.1
1503.6
1386.1
1357.4
1359
1447.8
1485.6
1639.6
1840
2074
2417.1
2586
2962.6
3143.4
3344.8
3423.7
3309
3241.6
3094.8
3228.4
3206.9
3346.4
3410.3
3292.1
3053.9
3057.6
3083.5
2723
2209.5
1968.1
2017.5
2159.3
2112.6
2054.9
2205.1
2346.2
2744.9
3108
3518.7
3960.5
4505
4999.5
5504.8
5664.3
5872.2
5620.7
5323.6
5226.6
5369.7
5517.4
5694.8
5929.7
5699.2
5364.7
5176
5246.3
4943.9
4039.7
3176.3
3057.6
3255.8
3347.5
3187.7
3245.7
3255
3621.2
4037
4575.8
5207.8
5915.5
6604.9
7272.5
7869.3
8413.1
8537.5
8166.8
7696.4
7462.8
7863.5
8167
8265.1
8562.2
8295.4
7948.7
7359.4
7711.6
7322.2
6165.2
4756
4390.7
4593.7
4724
4567
4415.8
4417.9
4662.3
5252.3
5720.8
6436
7088.4
8075.6
9058.5
10064.2
10597
11212.9
11261.7
10856.9
10232.1
9942.6
10340.5
10847.1
11254.6
11511.2
11312.9
10608.2
9987.4
10326.6
9936.4
8445.6
6518
5819.2
5872.8
6039.9
6040
5919.1
5832.5
6031.1
6620.4
7202.4
8095.9
8990.6
9997.9
11258.5
12513.1
13602.8
14419.5
14962.7
14917.7
14356.6
13549.5
13407.7
14073.7
14408.9
14942.9
15394.4
14953.9
14190.2
13576.7
13664.6
13178.6
11435.4
9047.9
8026.3
8094.8
8870.7
11157.8
13846
15226.5
14353.3
11777.2
10525.8
10851.3
11778.5
12912.4
14422.3
15841.7
17304.6
18512.5
19514.6
19964.4
19729.6
18863.3
18157.8
18028.4
18809.4
19269.1
20004.5
20208.6
19806.7
18811.9
18156.2
17926.3
17120.4
14780.7
11779.4
10010.5
9463.1
9393.3
9274.3
8879.9
8565.4
8384.7
8427.2
8933.4
9663.7
10676.7
11668.2
12827.6
14073.6
15431.7
16595.9
17799.3
18310.3
18516.5
18206.4
17439.6
16966.8
17052.8
17094.3
17590
17985.9
18038.5
17689.8
17141.5
16433.6
15995.5
14952.9
12929
10645.9
8797.8
7970.4
7530.8
7412
6907
6675.1
6271.1
6147.4
6289.2
6546
6996.7
7540.4
8306.3
9050.8
9908.5
10717.7
11461.3
12030.6
12549.8
12572.1
12389.5
11910.9
11708.2
11590.7
11700
11956.9
12161.7
12132.6
11936
11577.9
11115.2
10544.2
9907.4
8579.5
7289.2
6104
5225.4
4606.7
4272.6
3900.6
3694.8
3364.7
3119
2965.8
2948.2
3077.3
3149.8
3354.4
3729.9
3882.5
4223.2
4521.7
4725.1
4905.7
5033.2
5102.4
4998.5
4914.7
4831.4
4776.6
4709.1
4899.7
4815.6
4919.8
4722.9
4693.5
4458.6
4228.2
3934.5
3417.7
3033.1
2527.8
2023.5
1676.7
1440.5
1269
1131.6
964
755.3
777.2
573.5
421.2
409.7
304.2
300.3
303.8
387.9
337
294.5
267.2
231.7
233.4
263.6
253.8
268.9
319.7
236.8
245
263
375.8
276.8
247.3
318.6
338.6
394.8
289.6
488.8
370
289.2
304.8
393
338.2
447.4
370.8
376.7
340.6
385
525.6
490.7
597.6
601.4
667.9
744.7
662.8
617.3
567.1
615.4
665.7
812.7
699.5
698.5
732.3
794.1
922.1
898.9
925.3
928.4
1045.3
1112.7
1364.6
1359.4
1479.1
1558.7
1858.7
2002.4
2129.1
2325.7
2488.1
2674.3
3270.5
4693.5
5387
4688.9
2841.9
1324.3
1133.9
1315.9
1200.3
1249
1388.9
1530.7
1664.7
1868.8
2021.3
2327.4
2678.4
2905.6
3380.7
3753.3
4303.6
4791.3
5441.7
6078.9
6767.4
7541.5
8399.7
9344.8
10429.5
11481.5
12459.9
13589.2
14958.5
17674.1
22100.2
26654.8
27481.3
22890.4
14452.1
8065
4683.4
3594.2
3211.9
2959.3
2693.3
2561.8
2527.8
2401.9
2474.9
2351.3
2505.1
2370.5
2461.4
2444
2702.9
2706.1
2985.1
3173
3480.5
3710.1
3993.4
4321.4
4670.5
5045.2
5545.2
5911.2
6321.8
6706.8
6946.6
7309.5
7411
7706.2
7827.1
7906.7
8033.4
8091
8235.5
8344
8236.2
8199.4
8226.9
8185.3
8161.3
7977.4
7799.7
7525.1
7275.9
7093.4
6786.9
6497.7
6248.3
5904.6
5667.5
5423.5
5208.3
5026.8
5073.1
4928.4
5034.9
5248.3
5315.1
5584.4
5916.4
6409.2
6737.2
7256.2
7886.9
8520.1
9177
9912
10793.3
11638.9
12425.8
13105
13754.5
14183.7
14571.6
14763.6
15026.5
15103.4
15120.4
15150.9
15081
15224.2
15166.6
15026
14943.9
14892.1
14890.6
14679.8
14265.3
13848.2
13667.7
13448
12964.5
12489
12196.3
11702.8
11464.7
11084.6
10877.7
10777.5
10960.9
10943.5
11039.9
11051.5
11076.8
11164.1
11160.6
11025.2
10949.7
11013.8
11050.7
11250.1
11482.6
11763.8
12363.8
12909.6
13648.2
14530.2
15453.4
16427.2
17244.8
18077.7
18857.6
19422.9
20211.1
20639.5
21353.8
21839.5
22529.2
22975.3
23470.9
23784.5
24168.2
24553.3
25074.1
25446.4
26049.2
26257.7
26442.3
26457.9
26373.5
25850.7
24845.3
23678.6
22342.9
20723.8
19225.9
17940
16405.6
15020.3
13641.4
12374
11179.7
10212
9414.8
9130.7
9052.1
9195.7
9378.2
9666.5
10102.2
10706.2
11475.9
12099.3
13027.9
14043.6
15047.3
16133.4
17149
18535.6
19536.1
20594.1
21771.5
22843.9
23848.5
25047.1
26372.7
27501.1
28720.6
29931
30914.6
31189.5
31211.2
31282.7
30775.3
29974.4
28981.2
27961.2
26589.9
25382.4
24124.7
22836.4
21344.4
19512.2
17845.6
16304.7
14892.7
13317.7
12370.7
11346.7
10534.8
9819.6
9226.8
8698.6
8308.3
7922.6
7651.3
7408.9
7373.6
7413.2
7604.6
7697.3
7869.6
8195.4
8594.1
9225.4
9643.9
10197.4
10861.6
11612.4
12230.9
12886.9
13457.6
14095.8
14623
15019.5
15437
15692.1
16124.2
16542.5
16510.3
16650.8
16954
17103
17125.5
17280.5
17093.1
16873.9
16603
16492.2
16124.3
15656.8
15231
14893.4
14581.3
14362.6
14405.2
14502.2
14699.9
15013.4
14969.2
14984
14889.7
15180.5
14289.6
13600.4
12807
12127.4
11452.8
10799.1
10143.4
9655.4
9135.1
8473.7
7638.7
7011.8
6477.8
5861.3
5204.5
4566
3793.6
3368.3
2929.3
2708.4
2450.4
2359.2
2234.7
2293.4
2214.8
2221.1
2273.9
2353
2419.9
2581.3
2597.1
2716.6
2866.2
2884.6
3076.4
3223.7
3344.4
3528.1
3798.2
3968.1
4000.6
4029.7
4095.6
4168.2
4195.8
4211.7
4120.7
4107.5
3839.6
3669.7
3582.1
3485.5
3229.2
3343.4
2888
2800.2
2544.1
2409.6
2171.5
2041.8
1823.8
1695
1540.2
1375
1355.2
1314.9
1343
1233.6
1234.4
1297.8
1351.4
1367.9
1452.7
1481.8
1608.4
1738.2
1848.6
1947.9
2165
2353.3
2392.8
2647
2813.9
3068.6
3442.1
3684.3
3898.7
4011
4213.1
4458.3
4404.4
4414.3
4483.3
4443.4
4464.6
4393.3
4379.8
4164.4
4078.7
3908.2
3807.1
3574.6
3435.4
3216.7
2830.1
2619.1
2520.2
2269.7
1963.6
1851
1559.1
1440.1
1327.3
1202.7
1177.9
1152.1
1150.6
1036.7
1115.7
1066.9
1005.1
1013.5
990.2
1069.2
982.1
1109.7
1157
1124.8
1277.6
1248.1
1350.2
1433.1
1528.1
1599.4
1828
2060.5
2112.1
2329.5
2447.8
2545.1
2895.1
2883
2738.5
2741.9
2741
2816
2820.3
3166
2718.5
2695.2
2651
2534.2
2401.3
2394.8
2286.3
2020.1
1718.8
1627.7
1632.6
1386.8
1275
1058.9
979.1
811.7
697.5
637.3
664.7
646.6
627.5
589.3
617.8
645.8
450.9
602.6
526.6
483.7
618.2
497.1
409.9
423.5
424.8
422.1
397
420.8
327.2
274.6
284.5
292.5
281.1
207.6
299.1
162.9
207.9
190
203.3
68.9
200.5
49.3
109.7
134.8
155.3
128
183.6
163.7
230.6
153.7
211.6
285.9
266.4
355.6
422.6
388.2
426.9
450.1
397
340.6
457.5
381.9
455.6
394.1
372.1
386.8
323.3
320
344.7
339.9
336.3
278.4
414.8
215.2
220
402.7
145.4
117.9
174.6
76
105.7
69.2
37.5
16.8
17.3
53.3
71.5
64.5
288.7
77.4
0
39.5
50.4
140
26
30.2
52.1
67.4
121.3
81.8
82.4
158.3
179.1
191.7
167.6
194.6
241
260.7
276.6
273.5
338.3
375.6
345.2
324.9
394.9
378.9
403.2
330.9
380.2
370.5
223
225.8
271.5
248.7
217
295.2
267
154.6
172.2
176.8
160.1
224.8
346.3
560.9
664
751.1
829.4
819.4
738.4
730.9
732
828.8
827.8
734.7
692.1
781
619.5
734.8
555
520.3
519.9
399.5
414.4
344.9
345.6
315.9
322.5
368.5
338.8
306.5
545.6
346
289.9
311.3
277
385.2
394.6
284.5
370.5
340.6
411.7
473.7
399.8
389.4
444
446.5
383.4
426.8
355.3
377
283.8
285.9
305.6
319.1
228.9
301.2
NaN