NaN
NaN
3816.8
2141
1144.5
1323.6
1544.3
1825
2351.7
2847.5
3573.5
4521.1
5763
7219.5
9071.7
11135.4
13661.8
16200.9
18311.2
18694.1
14749.3
9116.1
4152.8
1993.7
1852.4
2025.9
2477.8
2896
3462.5
4207.9
5385.5
6739.8
8329.3
10665.2
12964.7
15878.8
19327.8
23594.2
27660.1
30985.4
29838.8
21821.3
12203.6
4191.9
1410.7
1103.2
967.3
953.1
894.1
770.6
808
943.9
783.1
776.3
881
1122.3
1109.1
1338.1
1578
1832.7
2174.7
2372.6
2100.4
1729.6
1201.6
924.7
826.6
953.4
1040.6
1241
1672.1
2137.3
2725.9
3316.6
4078.1
4799.9
5548.5
5878.6
5096
3617.3
2146.9
1235.2
1165.4
1214.2
1356.9
1696.1
1766.8
2147.9
2512.8
3016.6
4090.5
5172
6538.1
7937.3
9598.9
11489.3
13290.2
14153.2
12525.9
8773.5
5046.1
2356.4
1700.9
1694.6
1873.9
2154.3
2506.3
2819.3
3392.2
4057.8
4962.5
6012.2
7424.8
8982
10878.3
13228.6
15751.5
18721.4
22990.7
26546.3
28238
25304.1
17777.5
10274.3
4084.6
1785.1
1686.1
1665.6
1741.9
2013.2
2186.9
2617.3
2969.2
3587.8
4278.2
5168.5
6306.9
7474.4
9129.9
10843.9
12965.1
15290
18167
21691
25985.4
28611.7
28325.9
22755.2
15085.4
7945.2
3055.6
2041.3
2039.7
2104
2411.2
2666.3
3036.1
3466.1
4131.9
4892.2
5000.4
4613.4
3612.5
2464.5
1618.7
1205.1
1220.6
1314.5
1417.5
1559.8
1774.3
2155.9
2707.8
3196.7
3813.5
4529
5106.3
5864.6
7148.5
7961.3
8298
7486.5
5533.1
3532.7
1850.1
1076.1
1062.9
1047.2
1061.5
1143
1264
1310.2
1536
1634.6
1870.6
2290.4
2883.2
3682
4635.8
5475.1
6491.5
7457.4
8786.6
10621.6
12148.8
12446.9
11206
8425
5364.2
2622.7
1302.6
1186.9
1210.4
1286.3
1282.4
1413.2
1517
1524.4
1727.2
2046.6
2158.6
2414.9
2770.1
3211.4
3759.3
4382.9
5151
6015.1
6945.6
8097.8
9422.3
11331.3
13128.2
14014.5
13415.9
11083.7
7691.1
4232.8
1708.7
798
706.8
735.4
682.2
711.5
663.5
797.8
816.6
1023
1113.4
1180.4
1293.9
1473.4
1704.6
1900.9
2149
2541.8
2888
3340.1
3924.6
4441.7
5144.4
5968.1
7039.8
8422.1
9509.6
9780.5
9301.7
7754.6
6120.1
4406.3
3285.8
2855.4
2258.7
1561
1128.2
719.8
662
841.8
673.3
735.5
688
676.3
662.1
800.1
930.7
1098.7
1239.1
1476.1
1646.8
1954.2
2178.6
2452.6
2908.2
3456.1
3893.2
3865.8
3493.2
2888.9
1811.4
1024.6
387.1
329.1
282.6
268.2
282.4
302.1
365.2
395.6
435.8
470
510.9
473.3
858.3
584.2
699.8
903.1
1160.2
1573.2
1654.3
1971.5
2299
2547.2
2974.2
3538.5
4319
4881.1
4951.5
4542.7
3854.4
2632
1568.5
880.2
748.3
763.9
768.7
751.7
675.9
590.2
552.2
569.4
433.6
565.3
536.2
587.1
617.5
673.9
708.6
841.9
949
1033.9
1203.7
1549.5
1532
1776.8
2072.1
2356.6
2696.9
3175.2
3649.4
4353.9
4786.1
4884.7
4473.4
3878.5
2763
1712.3
821
398.9
370.5
421
335.3
368.1
422.6
435.1
419.3
424.1
500.6
570.4
536.9
548.5
671.6
691.4
753.5
796.5
863.7
967.4
1123.1
1416.7
1490.9
1758.5
2089.2
2457.2
2574.4
2626
2572
2557.6
2433.8
2408.5
2593.5
2732.3
2711
2548.3
2195.6
1679.7
1163
664.3
479.5
546.1
430.6
455.4
395.9
458.8
588.9
649.9
704.3
817.6
902.6
1046.4
1204.8
1344.1
1499.1
1746.5
2041.9
2117.8
2100.9
1917.5
1673.5
1161.9
711.2
385.5
222.1
230.7
242.2
285.6
285.5
253.6
261.5
272.5
260.3
395.9
274.4
295.1
361.9
376.9
362.2
481.5
396.8
405.2
425.1
537.6
536.9
687
793.6
942.5
1060.3
1302.5
1393.6
1578.2
1771.3
1994
2421.5
2623.6
2709.5
2592.4
2421.8
2146.5
1703.1
1383
1155.3
1243
1142
1056.8
897.9
806.3
571.2
412.4
343.9
243.5
235.9
285.1
502.2
564.6
599.7
682.9
751.5
820.1
702.8
704.2
487.9
497
508.2
572.3
679
740.3
798.1
849.9
972.8
974.9
1179.4
1206.1
1274.9
1453.4
1551.9
1755.5
1876
1914.5
1792.1
1710.8
1458.3
1221.5
859.4
476
399.8
360.8
305.8
294.3
315
285.3
287.9
350.8
293.1
360.7
398.8
417.2
412.6
464.2
588.6
673
679.8
711.4
662.2
600.8
532
423.7
402.9
187.8
190
212.5
251.6
238.9
267.2
288.6
440.6
362.8
357.2
442.5
448.7
499.8
503.8
608
598.6
684.6
806.8
771.4
762.4
818.1
788.5
693.6
631.3
596
586.8
591.9
593.1
709.4
684.7
793.4
887
914.7
994.3
968.8
859.3
805.7
707.2
580.4
554.2
389.4
335.8
313.9
327.5
396
288.6
258.5
308
269.8
273.9
234.8
323.6
211.3
231
267
221.7
278.4
343
398.6
551.4
443.1
469.3
459
554
555.5
605.5
676.8
628.3
698.8
769.6
788.6
877.6
903.2
946.4
1180.8
1107.2
1200.2
1236.4
1418
1497.4
1610.3
1625.2
1625.9
1625.9
1616.2
1545.1
1474.4
1407.9
1266.2
1191.6
1143.5
998.6
816.9
697.4
602
568
528.4
474
457.6
378.4
333
301
416.9
368.6
400.3
263.6
280
268.2
270.1
340.3
420.3
482
310.8
259.6
291.1
244.7
249
307.5
262.8
276.6
273.6
264.2
304.8
247.4
268.7
276.4
250.3
266.9
250.8
410.3
347.7
278.1
322.7
425.7
395.9
419.1
498.1
496.3
424.8
405.4
354.1
290.2
347.5
497
423.8
533.6
645.9
681.4
838.5
861.8
1036.4
1064.4
1171.4
1336.7
1383.2
1432.6
1474.4
1552
1590.6
1609.8
1611.3
1705.5
1643.6
1640.8
1670.9
1635.9
1685.8
1796.3
1727.7
1674.4
1695.9
1755.3
1837.8
1774.9
1830
1889.1
1834
1770.6
1747.7
1704.4
1713.6
1622
1603.5
1602.5
1674.8
1683.1
1814.6
1717.1
1770
1755.8
1787.4
1807
1719.2
1758.6
1759
1657.2
1766.9
1742.7
1699.3
1648.2
1721.6
1649
1651
1561.5
1574.7
1575.9
1593.6
1478.2
1386.7
1357.7
1281.9
1173.4
1135.3
1103.6
1116.2
1218.4
1220.2
1341.2
1247.1
1285.9
1345.1
1434.7
1412.7
1309.1
1287.6
1293.3
1191.9
1148.5
1048.9
1031.5
1024.4
998.7
947.5
908.3
941.8
910.3
938.4
1021.1
1035.4
1026.2
967.5
1030.1
960.5
931.2
971.6
965.8
949.3
886.4
908.2
858.7
885.8
862.4
888.9
919
966.4
991.5
1072.7
1118.2
1107.1
1058.1
1008.3
986
946.6
846.5
748.1
605.1
706.3
415.7
400.7
429.6
376.6
421
415.2
415.6
432.4
417.2
484.4
418.6
536.5
518.4
512.2
520.8
543.1
593.3
610.3
615.6
627.1
678.1
764.6
723.2
806.6
818.7
902.7
866.5
926.8
872.4
1000.6
982
996.8
1076.6
1126.1
1258
1398
1479.9
1606.7
1731.7
1969.5
2179.5
2507.8
2904.8
3436.2
3975.5
4391.7
4810.1
4998.9
5212.1
5234.5
5249.9
5417.9
5530.4
5587
5758
5807.1
5552.8
5288.2
4858.8
4725.3
4573.5
4610.6
4991
5418.9
6058.7
6621.9
7240.5
7499.7
7645.1
7718
7746.4
7833.8
8155.8
8012.2
8218.5
8259.3
7958.1
7557.5
7011.8
6287.4
5935.5
5639.3
5687.7
6031.2
6560.7
7096.4
7740.9
8281.9
8561.2
8787.2
8737.6
8758.9
8762.3
9088.5
9191
9272.4
9295.1
9138.1
8572.1
7745.6
6931.1
6405.9
5985
5882.5
6216.9
6673.9
7266.6
7856.3
8625.5
9083.2
9308.4
9251.3
9246.5
9159.3
9286.5
9569.1
9709.5
9885.9
9872
9347.7
8669.3
7562.9
6808.2
5979.2
5579
5634
5922.6
6226.7
6763.1
7256.4
7936.8
8457.2
8746.1
8667
8424.3
8357.1
8235.2
8485.8
8783
8790
8908.7
8650.4
8172.6
7076.1
6207.9
5450.7
5124.7
4910.4
5195.4
5472.5
6020.3
6447.4
7081.5
7743.5
8117.5
8346
8166.3
7932.6
7835.8
7752.9
8211.5
8452
8520.5
8589.2
8560.4
8100.2
7147.9
6027.1
5336.6
4966.5
4750.3
4951.8
5205.5
5440.8
5818.2
6311.4
6946.3
7410.9
7647
7736.7
7269.8
6943.4
6776.7
6810.8
7322.8
7335.9
7228.2
7193.7
6919.7
6446.7
5655.2
4349.6
3592.6
3171.4
3085.8
2959.5
2863.6
2999.9
3090.5
3212.9
3399.6
3706.6
4083.3
3888.2
3765.8
3555.2
3462.4
3477.2
3782
3977.3
4031.2
3822.5
4017.9
3642.3
3144.3
2433.6
2066
1841.9
1876.6
1916.9
1933.2
1991.5
2143.7
2252.3
2321
2559.8
2672
2717.7
2487.2
2445.2
2389.4
2335.7
2335.4
2378.5
2497.8
2323.5
2308.4
2288.7
2122.9
1776.6
1493.8
1322.3
1276.7
1387.1
1364.6
1348.7
1474.1
1637.9
1800.1
2016.5
2313
2611.6
2924.3
3085.7
3263.6
3207.3
3073.5
2992.3
3036.9
3134.7
3160.4
3318.6
3155.1
3036.2
2967.9
2898.9
2763.9
2453.8
2085.4
1881.5
1958.4
2060
2016.1
2066.5
2152.2
2388.1
2709.4
3061.8
3558.4
4003.5
4490.8
4934.6
5357.1
5571.1
5609.8
5294
5085.9
5041.2
5255.5
5415.5
5573.9
5581.8
5278.6
5048.2
5058.6
5002.1
4496.2
3539.4
3001.7
3024.4
3112.9
3115.5
3070
3099
3204.6
3716.7
3976.8
4602.1
5137.2
5838.2
6552.9
7301.4
7714.3
8133.7
8081.7
7769.1
7328.8
7259.3
7657.2
7862.8
8158.4
8251.2
7804.3
7347.2
7128.4
7384.1
6748.9
5440.3
4357.6
4382.1
4480.1
4482
4426.8
4308.8
4290.1
4673.4
5220.5
5734.6
6536.3
7235.4
8187.1
9056.2
9841.9
10467.6
10996.9
10782.8
10339.8
9669
9758.1
10343.9
10614.5
10998.8
11178
10777.4
10072.9
9782.5
10012.5
9190.4
7576.7
5834.1
5654.1
5872.1
5996.3
5829.5
5779.9
5809.3
6082.3
6622.9
7299.8
8219.9
9149.9
10268.7
11541.1
12661.9
13511.9
14381.5
14868.3
14535.1
13693.1
13045.5
13407.8
13966.4
14327.9
14960.6
14923
14495.2
13735
13223.2
13343.4
12652
10458.9
8264.4
7839.6
8212.9
9774
13669
17269
18389.2
15775.2
11915.6
10654.8
11133.4
12050.1
13257.7
14797.8
16267.8
17691.8
18661.7
19599.6
19779
19407.4
18360
17793.1
18069.8
18780
19343.8
19988.2
20058.2
19481.7
18388.6
17812.2
17548.4
16279.8
13529.4
10755.3
9632.1
9346.8
9243.5
9050.5
8696.5
8464
8216.8
8564.3
9084.4
9850.3
10819.2
11872.6
13201.5
14558.8
15786
16847.7
17843.4
18350.2
18512.1
17756
16946.8
16683.3
16851.1
17317.2
17870.4
18066.6
17991.3
17445.5
16606.3
16094.4
15732
14295.7
12130.7
9754.2
8279.6
7661.8
7356
7133
6769
6549.8
6137.2
6186.4
6247.4
6657
7141.1
7751.6
8465.9
9318.3
10176.3
10879.3
11741.1
12190.7
12546.7
12422
12188.5
11725.2
11592.3
11382.7
11693
11969.8
12165.4
12097.4
11774.6
11291
10935.2
10484.2
9431.3
8049.2
6831.1
5612.8
4894.9
4507.6
4075.2
3773.6
3530.4
3200.1
3042.6
2943.9
2921.7
2990
3183
3516.3
3729.1
3951.2
4413.8
4545
4862
5025.8
5145.7
5101.2
5046.7
4883.1
4791.1
4747.1
4829.4
4898.3
4792.6
4879.9
4721.6
4657.3
4410.2
4193.8
3802.7
3310.4
2822.5
2290
1981.9
1694.7
1365.8
1187.2
1045.5
896.4
770.5
668.2
475.5
515.6
371.5
354
359.5
289.5
308.5
308.9
376.5
328
310.4
299
236.3
246.1
272.3
263.4
252.4
336.3
241
275.8
242.3
390.1
306.3
298.9
340.1
387.3
413.5
343.6
522.7
372.8
324.4
329.9
408.5
347.1
477.9
426.7
446.3
418.7
478.9
642.2
693.6
690.4
590.2
582.7
633.3
642.8
699.8
637.8
728.4
730.7
860
771.5
796.2
841.6
881.9
1028.5
1029
1085.8
1152.6
1231.4
1382
1682.7
1712.5
1848.7
2005.2
2298.9
2461.5
2609.2
2857.1
3772.1
5269
5386.1
4288.6
2085.9
1228.3
1175.6
1159.2
1237.3
1460.4
1418.5
1526.5
1748.4
1926.4
2157.3
2496.9
2738.7
3093.3
3557
3942.2
4499.6
5077.2
5752.6
6375.4
7198.2
8034.3
8981.3
9964.4
10966
12069.5
13242.8
14473.2
15947.7
19204
24559
28871.3
27821.6
20722.9
11696.7
6405.4
4016.5
3437.3
3067.5
2824
2647.2
2500.4
2315.4
2296.7
2309.9
2286.4
2418.1
2331.2
2591.6
2528.2
2665
2761.2
2994.4
3153
3457.6
3707.7
4030
4401.6
4758.8
5104.8
5558.9
5944.5
6348.9
6748.9
7001.8
7299.5
7453.9
7716.6
7796.6
7944.3
7972.4
8030.7
8150
8162.4
8158
8139.8
8166.2
8149.5
8003
7741.6
7606.7
7373.8
7203.1
6845.3
6568.7
6285.4
6009.7
5763.2
5496.4
5236.6
5075.3
4836.8
4805.2
4783.3
5087.7
5109.2
5289.9
5720.2
5963
6355.7
6818.2
7462.6
7983.4
8659.6
9382.1
10129.6
10833.1
11728.7
12582.2
13312.7
13851.6
14134.5
14468.9
14672.4
14939.2
15030.2
15052.3
14994.2
15010
15150.3
14993
14795.4
14814.4
14803.6
14769.5
14462.4
14057.9
13643.6
13359.1
13115.8
12828.2
12293.4
11800.3
11468.1
11272.2
10846.4
10745.9
10637.3
10810.7
10838.2
10995
10906.4
11034.6
10992
10907.3
10829.4
10783.1
10884.2
11002.1
11244.5
11335.3
11790.5
12285.8
12932.7
13940.3
14745.7
15664
16594.1
17391.4
18183.5
18715.3
19571.5
20275.5
20882.3
21536.4
21882.8
22433.9
23126.2
23693.9
23893.9
24051.5
24551.4
25110.3
25570.8
26060.9
26219.4
26471.2
26522.7
26133.1
25547
24606.3
23294.7
21634
20209.3
18659.8
17213
15703.3
14423.7
12943.6
11737
10667.3
9841.8
9136.5
8955.5
8859.4
9073.1
9420.5
9789.7
10323.4
10827.4
11520.3
12377.6
13480.6
14263.4
15372.4
16526
17733.3
18790.6
19989.8
21119.1
22160
23230.3
24526
25600.4
26783.3
28192.6
29379.8
30294.8
31093.4
31559.9
31607.9
31259.9
30770.4
30163.2
28735
27482.9
26342
25090
23724.7
22200.2
20568.8
18847.4
17364.6
15725.7
14160.7
12884.2
11836
10909.4
10169
9472.5
8951.8
8492.1
7991.1
7772.3
7550.7
7374.3
7314.1
7350.1
7550.4
7703.6
8096.8
8386.6
8698.4
9208.3
9751.4
10503.7
11021.5
11709.2
12401.3
13244.7
13779
14337.5
14803.6
15169.7
15633
15885.9
16288
16341.6
16653.8
16876
16979.9
17147.1
17114.1
17054.4
16928.8
16836.7
16632.2
16372.5
15768
15463.8
15017
14499.8
14219.2
13914.6
13680.7
13610.5
13518.5
13399.3
13230.1
13040.2
12687.7
12305.6
11697.5
11380.1
10298.9
9805.1
9202.9
8654.2
8096.2
7452.3
7012.1
6484.2
5983.1
5440.2
4957.8
4484.4
4019.3
3472.5
3092.9
2778.6
2475.8
2332.5
2181.4
2169.9
2067.9
2135.8
2089.1
2200.6
2161.4
2264.1
2333.5
2485.8
2590.7
2759
2764.6
2887.1
3081.2
3106.7
3361.1
3617.9
3752.7
3882.3
4007.9
4079
4120.6
4106.1
4107.2
4067.2
3960
3886.5
3737.8
3746.2
3479.3
3283.2
3130
3052.1
2846.2
2889.8
2369.2
2209.9
2043
2016.1
1746.8
1591.4
1427.6
1351.5
1306.7
1242.6
1288.6
1298.8
1329.5
1261.9
1346.6
1357
1518.6
1593.4
1672.2
1720.6
1881.6
2029.6
2199.3
2307.9
2574.6
2834.7
2941.1
3262.2
3506.9
3726.7
4036.3
4136.8
4369.1
4401.7
4483.5
4607.7
4526.8
4500.3
4428.7
4357
4342.8
4186.4
4079.2
3815
3704.5
3621.3
3415.2
2984.4
2746.6
2614
2389.6
2165.8
2004.3
1726.1
1487.4
1480.8
1259.3
1244
1132.1
1081.2
1096.2
1058.8
1090.7
1043.5
1094.8
1065.4
1020.1
1061.7
1061.6
1125.5
1142.3
1248.6
1324.6
1314
1470.3
1509.5
1615.6
1693.3
1855.6
2022.2
2266.1
2595.3
2689.8
2837.3
2767.7
2793.3
3042.2
2994.1
2827.2
2865.3
2828.2
2909.6
2860.4
3101.6
2604.3
2530.5
2474.9
2387.7
2139.8
1946.2
1803.9
1615.2
1448
1379.3
1209
977.2
905.8
769.5
741.5
670
534.5
592.1
630.1
627.2
622.9
575
579.3
602.3
395.9
549
506.3
449.9
559.2
463
409.2
408.6
393.6
421.4
342.3
336.5
259.7
211.8
231.8
270.8
251.7
155.5
285.2
123.5
183.5
148.6
185.9
87.1
219.8
86.8
146.8
175.7
201.5
157
214.4
193.4
227.5
198.5
273.7
328.3
325.9
432.9
490.7
413.7
433.6
445.8
380.8
369.4
439.6
360.2
447.2
374.7
378.3
384.3
280.9
262.4
284.5
326.3
302.9
244.7
343.9
127.6
162.8
381.8
104.4
87.6
156.3
49.9
70.5
68
50.8
9
0
52.1
54.9
91.3
286.8
81.9
9
51.6
81.9
157.8
82.2
90.5
92.9
120.9
168
121.4
105.7
182.5
209.3
231.3
214.7
246.3
348.2
361.5
346.5
351.9
408.9
372.6
385.3
354.8
389.8
377
365.6
269.6
344.5
352.1
216.5
208.1
267.2
172.1
171.1
250.6
203.2
134
189.3
200.6
252.8
372.3
508.8
655.5
618.2
546.3
503.6
526.1
477.6
538.4
543.3
639.5
619.3
479.6
407.9
492.2
346.2
503.4
357.5
385.3
356.5
301.6
372.2
305.8
301.4
314.5
302.9
313.3
337.1
330.3
556.3
336.6
298.6
329.1
315.3
370.3
449.2
328.7
396.8
388.1
456.3
491.1
472.5
401.7
436.1
395.9
330.4
400.5
300.7
351.7
265.4
198.8
240.2
275.7