NaN
4569
2785.1
1421.5
1303
1498.8
1717.7
2156.6
2669.8
3381.1
4237.9
5403.8
6780.1
8624
10457.8
12886.5
15632.9
18158.8
19445.5
16838.8
11155.2
5889.6
2456.3
1855.7
1985.3
2338.8
2704.7
3215.8
3909.7
4935.1
6175.5
7652.1
9757.8
12009.5
14749.1
18127.4
22222.9
26593.1
30538.4
31076.1
24885.3
15195.2
6744.7
1852.8
1199.8
1098.6
1025.8
943.8
889.7
889.8
1001
852.5
873.4
945.7
1166
1187.7
1397.3
1647.5
1931.3
2295.1
2542.5
2421.5
2079.9
1494.9
1133.5
908
1006.9
1086.4
1288.7
1628.5
2194.4
2792.1
3401.1
4169.3
4978.7
5829
6297.2
5835.6
4332.9
2808.2
1615.7
1251.9
1280.1
1413.9
1741.9
1812.7
2122.9
2432
2921.1
3916.8
5046
6413.9
7812.9
9555.7
11512.7
13445
14605.5
13749.2
10319.2
6455
3245
1778.9
1679.2
1876.9
2115.2
2467.3
2778.1
3338.5
3960.3
4793.8
5845.1
7162.2
8649.1
10493.9
12828
15262.6
18207.5
22455.8
26431.7
28355.2
26773.7
20399.6
12722.5
6039.4
2150.7
1785
1715
1771.6
2007.5
2135.4
2532.3
2902.8
3437.3
4103
4957
5980.7
7102.3
8696.2
10358.9
12330.1
14619.2
17292
20813
25211
28099.6
28328.8
24395.2
17418.6
10149.9
4422.4
2272.2
2218.5
2302.8
2561
2773.8
3147.8
3627.1
4312.3
5117.2
5317.9
5078.3
4236.7
3094.3
2037.8
1408.6
1308.3
1403.1
1459.1
1596.1
1796.7
2176.8
2764.9
3200.9
3870.5
4579.9
5278.5
6058.6
7259.5
8242.2
8632.8
8178.9
6406.9
4441.7
2563.2
1320.1
1152.4
1128.6
1147.3
1210
1333.8
1419.5
1606.9
1659.2
1907.5
2273.9
2809
3623.1
4548.3
5435.8
6418.5
7375
8687.1
10534.5
12014
12638.2
11869.4
9640.3
6572.6
3610.7
1667.5
1275.7
1293.1
1337.7
1351.4
1458.3
1542.3
1614.9
1753.9
2039.7
2136.7
2376.9
2727.3
3140.6
3672.6
4269.3
4990.9
5843.8
6696.6
7868.8
9146.3
10936.6
12773.1
13790.8
13503.3
11936.3
8912.6
5403.3
2608.1
1002.2
797.3
798.3
730.1
714.1
771.7
845.4
808.8
1059.9
1146
1198.5
1303.2
1461
1653.6
1914.1
2095
2470.8
2790.8
3222.5
3743.5
4247.1
4961.3
5788.3
6763.3
8126.5
9211
9643.3
9383.5
8364
6835
5146.5
3789.1
3100
2564
1929.1
1403.6
854.6
738.3
860.9
707.2
760.4
731.2
719.2
735.5
799.1
921.5
1121.7
1299.8
1510.5
1740.1
1942.9
2236.4
2548.9
2997.2
3561.1
3983.6
3986.9
3787.9
3338.1
2290.7
1379.2
648.1
414
342.6
329.5
332.8
349.8
382.2
398.9
459.4
536.3
566.7
571.8
881.2
670.9
756.4
935.8
1158.8
1527.4
1635.7
1985.4
2292.3
2559.4
2985.9
3580.8
4330.1
4850.7
5046.3
4743.9
4253.6
3108.6
2005.1
1137.8
796.9
791.5
814.6
746.3
743.5
663.5
608
617.5
517.4
556.3
591
633.8
660.8
717.6
747.2
868.1
944.6
1045.9
1193.8
1515.4
1550.9
1783.1
2047.6
2326.9
2675.5
3089.5
3556.5
4250.6
4697.6
4853.3
4576
4068.6
3190.8
2107.5
1189.2
593.7
446.9
464
436.3
442.8
475.4
504.7
495.5
521
564.5
599.5
591.9
608.2
727.9
747.6
814.2
871.5
951.1
1060.1
1186.8
1467.4
1536.5
1859.2
2124.5
2542.1
2649.9
2731.6
2743.5
2723.3
2580.8
2502.3
2604.7
2693.9
2675.6
2549.2
2289.7
1900.2
1401.9
871.1
603
547
444
486
499.1
525.5
648.2
699.9
790.2
920
997.1
1115.5
1255.7
1408.1
1604.7
1827.2
2156.6
2210
2200.9
2058.5
1861.8
1441.3
923.9
563.2
328.8
270.7
290.8
351.8
335.9
301.1
300.6
325.1
336.7
433.6
323.2
389.7
411.9
422
411.6
500.4
435.4
428.8
476.7
593.3
609.3
686.3
824.8
994.9
1090.9
1316.7
1407.7
1615
1771.9
2078.1
2420.1
2621.9
2685
2548.7
2451
2263.9
1863.4
1477.4
1155.3
1149.3
1087.2
985.4
867.2
821.3
611.2
512.9
366.7
278.4
306.7
380.2
529.1
593.3
652.6
740.3
770.4
850.3
792.2
799.2
586.2
555.3
546.1
608
709.1
772
831
903.6
1008.5
1025
1170.1
1231.3
1321.5
1500.6
1641.6
1792.3
1897.9
1984.1
1859.6
1741.2
1583.6
1383.9
1025.4
669.4
488.8
439.3
388.5
379.4
407.1
357.2
326.8
387.9
366.8
434.7
454.2
486.8
466.2
546.1
676.4
776.2
800.4
776.4
757.8
695.6
643.3
536.5
517.4
318.2
245.4
268.3
304.7
282
323.9
337.7
490.3
416.4
417.4
503.1
499.8
553.8
556.5
676.9
693
756.1
893.7
840.7
848.2
846.6
836.5
781.8
751.2
692.6
682
643.9
694.3
756.5
738
864.4
929.2
983.7
1015.9
1001.3
952.1
890.4
790.9
687.9
610.3
446.4
433.2
372
372.5
437.9
335.9
327.2
352.7
342.8
322.4
285.6
389.6
287
299.2
318.8
286.2
383.8
431.9
421.8
609.5
504.3
531
526.8
587.4
629.6
683.2
723.2
703.4
753.4
814.5
889.6
951.7
965
1021.1
1245.1
1194.5
1282.5
1300.9
1510.5
1572.2
1643.5
1653.6
1691.9
1705.3
1648
1595
1507.1
1447.9
1275.1
1231.1
1181.7
1078.8
961.9
823
714
695.8
589.9
613
561.3
524.7
448.5
381.8
500.9
450.4
428.6
349.3
370.3
348
332.5
387.6
487
497.3
398.7
327.2
345.9
300.8
322.1
354.2
318.4
305.3
301.8
312.9
321.8
306
342.7
327.4
330.9
307.9
299.6
450.5
389.3
348.6
391.1
510.7
462
473.1
569.5
546.6
486
492
439.5
394.7
400.1
561.4
501.8
582.7
660.3
742.7
872.8
930.5
1126.7
1158.3
1237.3
1395.7
1488.5
1524.5
1525.7
1617.5
1720.1
1736.9
1730.8
1803.4
1774.6
1788.8
1817.6
1787.6
1863.6
1906.9
1842
1812.6
1828.2
1911.1
1995.1
1930.6
1956.9
1979.5
2014.9
1918.9
1905.7
1856.1
1834.1
1753.9
1744
1711.4
1804.8
1803.7
1922.9
1827.7
1881.3
1875.6
1911.9
1931.1
1865.6
1872.2
1842.6
1810.7
1899.1
1830.1
1829.8
1797.7
1842.5
1793.5
1774.7
1740.9
1732.6
1738.2
1731.6
1619
1564.8
1494.6
1447.5
1309.4
1315.7
1244.9
1277.1
1330.8
1294.2
1445
1372.2
1389.8
1454.8
1561.1
1553.5
1497.4
1423.7
1433.9
1323.8
1264.6
1213.6
1160.7
1130.5
1100.5
1010.6
994.9
1035.6
991.1
1027.4
1074
1152.4
1091.6
1068.9
1120.5
1059.1
1002.8
1017.8
1029.5
1016.5
961.3
989.9
905.8
922.6
933.2
910.6
946.4
1005
1018.7
1084.6
1114.4
1102.6
1071.7
1044
984.1
980.2
903
789.4
681.4
767.2
512.5
481
547.8
454.9
483.4
502.4
469
500.7
488.5
565.7
485.2
576.3
590.1
580
599.8
607.5
681.6
655.2
678.5
694.6
709.3
825.9
759.6
831.7
858.3
911.1
916.9
971.1
949.6
1020.8
1043.6
1060
1117.8
1186.5
1330.3
1474.9
1548.4
1698.9
1829.9
2059.9
2345.1
2634.9
3075.2
3615.5
4139.7
4592.7
5028.1
5241.2
5472.5
5540.1
5574.2
5714.4
5812
5902.5
6079.7
6163.4
5884.6
5546
5211
5100.7
4924.5
4867
5217.9
5656.7
6284.2
6840.3
7537.9
7777.8
7929.9
8089.8
8167.1
8232.3
8449.9
8394.6
8614.4
8667.2
8380.2
7883.5
7452.8
6726.8
6345.5
5955.4
5994.4
6260.1
6775.7
7366.9
8035.7
8580.7
8831.7
9089.7
9091.9
9121
9149.4
9409.1
9529.6
9602.4
9737.6
9548.2
8977.5
8191.8
7384.7
6764.9
6371.1
6164.1
6387.3
6848.9
7442.2
8127.8
8878.9
9362.7
9558.9
9557.7
9556.9
9526.4
9625.6
9894.9
9965.7
10134.7
10193.8
9735.7
9024
7980.7
7178.2
6403.5
5919.2
5829.7
6036.7
6416.1
6937.8
7452.2
8102.9
8653
8946.6
8912.9
8706.7
8650.8
8432
8771.7
8998.4
9014.2
9146.8
8971.7
8453.4
7400.2
6463.4
5756.4
5377.8
5076.2
5297.9
5607.8
6118.6
6566.8
7161.1
7829.3
8277.9
8528.7
8374.2
8097.3
8023.6
7955.7
8320.7
8559.5
8683
8776.8
8756.5
8240.7
7383.4
6292.3
5661.5
5169.9
4873.2
5025.9
5282.3
5494.4
5863.8
6321.2
6950
7388.3
7676.4
7747.9
7439.4
7096
6909.7
6881
7288.2
7407.6
7349.7
7265.4
7002.3
6548.1
5695.3
4529.2
3791.4
3288.7
3090.7
3023.3
2919
3074.2
3143.9
3256.2
3467.1
3777.8
4132
3964.5
3828.1
3653.5
3579.3
3538
3845.6
4046.9
4104.6
3962.5
4117
3772.8
3259.2
2605.1
2275
1943.2
1953
1997
2018.7
2104.7
2215.2
2362
2449.9
2692.7
2837.4
2867.8
2702.3
2615.6
2520.4
2461.7
2446.7
2485
2670
2472.5
2449
2419.2
2282.7
1896.3
1628.4
1470.5
1408.2
1493.2
1491.7
1473.4
1607.9
1738.8
1928.5
2166.2
2467.9
2803.5
3082.9
3289.7
3430.2
3446.9
3311
3193.9
3210.1
3339.1
3364.1
3462.4
3372.5
3258.3
3196.6
3134.3
3027.9
2703.3
2267.4
2066.2
2080.2
2140.8
2186.8
2155.7
2297.2
2518.1
2831.2
3201.7
3646.4
4117.4
4632.9
5109.8
5585.5
5823.8
5848.3
5582.3
5304.5
5271.5
5502.5
5630.8
5829.2
5887
5584.6
5315.3
5262.7
5305.4
4759.3
3809
3237.4
3153.4
3301.2
3275.9
3197.5
3272.5
3357.4
3817.6
4149.8
4726.1
5309.8
6038.9
6807.1
7612.8
7971.2
8388.4
8433.1
8072.2
7597
7485.9
7895.9
8146.2
8395.3
8592.4
8139.5
7666.4
7392.4
7692.6
7042.4
5815.4
4568.4
4489.6
4643.1
4681.6
4545.5
4439.9
4424.8
4772.8
5323
5861.3
6676.1
7390.7
8300.4
9296.7
10109.9
10712.4
11331
11146
10687.1
9994.2
9959.1
10587.3
10902.7
11300.1
11537.8
11099.5
10357
9957.7
10370.9
9621
7934.2
6091
5754.4
6002.2
6160.4
5957.5
5854.5
5837.3
6120.8
6764.6
7351.2
8286.3
9189.2
10269.1
11647
12822.3
13717.6
14586.9
15153.4
14907.4
14053.3
13254.1
13478.8
14207.2
14475.1
15124.5
15344.1
14855.2
13989.2
13337.2
13706.2
13066.8
10832.6
8363.6
7888.1
8155.2
9512.6
13529
17773.2
19054.4
16539.6
11978.3
10681.3
11136.8
12113.3
13217.2
14850.5
16325.8
17848.2
18835.6
19726
20106.8
19689.3
18546.9
17783.7
18183.5
18979.2
19401.5
20194.9
20284
19800.7
18693.7
17894.9
17889.2
16796
13902.5
10850.3
9611.8
9403
9329.2
9234.9
8880.6
8521.1
8264.7
8556.6
9121.6
9876
10794.1
11938.6
13271.3
14597.9
15890.9
16909.7
18029.9
18522.2
18723.6
18050.4
17133.7
16760.8
16841.5
17303.4
17925.2
18246.4
18259.5
17729.8
16739.1
16227.1
15909.2
14709.6
12456.6
9863.1
8296.8
7699.7
7466.2
7230.1
6893.5
6595.8
6198.8
6193.4
6247.4
6643.9
7149.4
7771
8485.9
9316.8
10282
10978.3
11813.6
12290.5
12659.9
12589.6
12351.2
11819.8
11608.3
11440.6
11775.2
12057.6
12235.3
12289.3
11952.6
11447.2
11029.9
10544.2
9683.5
8281.5
6885.5
5657.1
4929.7
4505.7
4156.9
3863
3585.1
3233.3
3071.2
2978
2972.2
3061.9
3184.7
3521.2
3725.6
4022.8
4420.5
4638.2
4909.7
5040.9
5191.2
5181.9
5116.8
4923.7
4785.5
4786.5
4780.9
4905.8
4820.9
4946.1
4759.7
4699.4
4437.4
4256.6
3880.8
3418.5
2911.4
2317.2
2041.4
1718.3
1457.6
1264.3
1110.7
982.5
840.2
721.2
534.5
566.4
456.7
437
407.5
343.3
387.4
345.4
437.6
410.6
363.5
374
310.1
323.9
335.8
330.8
344.3
406
310.7
347.8
329.8
436.4
373.7
378.9
405.4
451.6
448.8
393.5
553.3
466
408.2
409.9
473.2
420.3
546.6
502.1
502.7
497.8
566.9
725.5
751.8
799.2
660.9
648.4
721.2
734
766.9
708.4
760.6
786.8
929.8
862.1
864.2
930.1
994.1
1060.8
1094.6
1132.8
1233.7
1353.1
1461.3
1751.5
1801.5
1904.4
2111.1
2382.3
2584.7
2739
2928.4
3876.1
5508.9
5619.6
4484.1
2208.6
1272.3
1248.8
1211.5
1297.7
1507.2
1481.4
1606.6
1772.4
2008.2
2191.3
2544.1
2825.6
3147.7
3625.1
4043.8
4569.8
5111.2
5799.7
6462.8
7308.7
8141.3
9033
9997.2
11096.6
12158.4
13354.9
14571.3
15861
19012.6
24726.5
29442.7
28637.4
21124.2
11463.9
6093.7
3968.9
3459.5
3136.4
2878.6
2702
2605.9
2393.2
2354.1
2427.1
2341.2
2480.6
2423.5
2623.2
2578.4
2715.5
2853.8
3076.5
3197.2
3536.7
3770.6
4149.5
4436.8
4813.4
5215.1
5624.2
6020.4
6474.8
6836.8
7109.5
7350.4
7514.9
7875.7
7886.6
8043.9
8089.7
8133.7
8263.1
8264.7
8241.2
8262.4
8190.4
8268.6
8165.8
7912.4
7652.3
7480.1
7274.1
6987.9
6642.4
6365.7
6044.2
5837.7
5561.6
5314.1
5107.1
4928.7
4850.5
4839
5046.5
5121.9
5322.2
5772
5978.4
6443.3
6875.5
7531.1
8027
8701.6
9425.8
10183.1
11056.2
11813.9
12748
13516
14071.4
14416.8
14703.7
14815
15100.1
15146
15190.9
15050.5
15083.7
15227.6
15155.4
14977.6
14841.2
14884.8
14830.6
14506.2
14161.4
13739.6
13561.5
13124
12889.4
12417.5
11933.6
11559.1
11368
10943.3
10834.8
10677.8
10892.8
10969.3
11110
11066.2
11201.6
11172.2
11080.3
10894.7
10844.3
10913.5
11042.1
11200.7
11414.4
11791.7
12261.5
12959.3
13972.1
14770
15704.4
16645.4
17463.6
18317.3
18930
19661.2
20465.9
20969.9
21614.2
21937.7
22425
23168.6
23701
23831.3
24194.7
24645.1
25295.2
25645.7
26206.5
26359.6
26684.3
26631.6
26383.6
25723.4
24829.3
23453
21758.1
20237.5
18536.7
17218
15664.7
14331.3
12780.2
11605.3
10537
9617.4
9072
8901.6
8782.4
8990.5
9329.5
9760.1
10231.7
10730.4
11434.3
12345.6
13324.4
14185.9
15238
16492.5
17592.6
18669.2
19866.1
21067.3
22099.1
23168.7
24406.6
25565.3
26706.6
28038.5
29218.7
30101
30994.6
31512.6
31584.1
31077.2
30642.7
30033.6
28755.9
27453.7
26289.9
24878.8
23493
21989.7
20296.5
18611.6
17016
15464.3
13904.8
12658.9
11716
10763.6
10025.9
9345.1
8826.2
8337.2
7929.2
7655.1
7463.2
7267.4
7225.2
7238.5
7455
7624.8
8021.2
8298.7
8619
9079.7
9785.2
10420.3
11033.9
11596.6
12381.4
13130.7
13701.7
14197.8
14751.7
15108.8
15548.4
15859
16210.9
16261.9
16574
16832.8
16826.3
16908.7
17011.4
16996.8
16775.7
16682.2
16458.4
16227.6
15695.5
15320.3
14974.2
14422.9
14190.2
13941.9
13814.5
13848.2
13905.5
13930.8
13840.6
13800.6
13551.5
13261.6
12626.3
12274.4
11211.5
10605.2
10028.5
9429.1
8918.7
8268.6
7669.4
7105.6
6543.5
5909.1
5416.6
4864.4
4315.1
3675.3
3230.5
2948
2596.5
2460.4
2261.8
2218.3
2146.6
2205.4
2140
2318
2276.4
2329.3
2443.8
2553.6
2670
2802.2
2868.6
2985
3130.9
3199.6
3432.3
3681
3884.2
3991.2
4142.5
4193.8
4208.1
4239.9
4234.3
4182.1
4079.6
3972.1
3824.1
3817
3580.1
3358.3
3259.4
3146.5
2875.5
2889.5
2388.2
2228.9
2098.4
2014.4
1744.3
1575.6
1426.2
1353.1
1332.4
1257.1
1288.8
1324.3
1320.2
1276.3
1330.5
1379.3
1520.7
1580.7
1669.1
1741.3
1925.3
2053.8
2212.4
2386.7
2599.4
2844.9
3008.1
3311.5
3515.3
3776.3
4096.5
4215.6
4388.6
4467.8
4498.8
4693.2
4556.1
4511.6
4494.9
4431.1
4350.5
4247.9
4083.5
3821.6
3676.6
3634.9
3394.9
3034.4
2763.7
2572.6
2397.1
2164.1
1978.7
1704.4
1440.2
1441.6
1233.1
1225.5
1109.6
1104.5
1114.6
1096.1
1078.2
1016.5
1108.3
1068.8
1043.8
1066.3
1094.4
1145.9
1133.1
1241.6
1278.4
1305.1
1450.6
1493.6
1620.8
1731.4
1815.2
1989.2
2255.1
2545.7
2641.2
2766.8
2786
2780.4
2973.5
2983.7
2811
2784.7
2810.7
2860.4
2831.1
3037.1
2574.4
2495.3
2450.7
2359.7
2103.2
1868.5
1781.5
1627.5
1475
1317
1217.3
956.8
865.2
761.1
740.4
649.8
559.5
589.1
672.9
638.5
653.7
614.3
615.9
642.1
469.9
582
560.8
477.5
592.7
460.2
448.2
461.6
390.3
427.5
393.5
366.1
288.1
240.5
241.1
257.4
245.8
154.9
260.5
115.3
167.3
167.3
177.7
79.4
204.8
79.3
167.6
149.3
165.8
167
230.8
198
254.6
227.7
273.1
360.1
341.3
440
521.6
416.3
446.2
474.6
404.5
374.7
438.5
374.2
439.4
398.1
356.9
365.2
287.2
283.7
273.2
291.7
276.1
238.2
324
132
131.3
314.8
90.2
88.5
123.3
38.9
73.3
45
14
0
4.6
44.9
57.6
78.3
274.2
102.7
26.7
37.6
53.5
115.1
94.6
56.6
81.8
99.9
158.9
117.9
125.8
165.8
208.5
216
197.2
260.6
320.5
339.4
351.9
329.4
357
358
367.9
320.3
389.7
331.1
335.3
268.2
326.6
273.2
232.8
218.8
231.4
177.4
161.3
213.7
191.1
143.8
207.2
262.5
294.2
434.6
580.3
732.4
691
658.2
595.6
593.5
560.3
620.8
632
710
664.3
518.9
484.3
510.5
385.4
483.6
344.8
366.8
341.2
304.3
311.3
269.9
300.3
292.9
268.5
342
304.7
322.4
497
323.3
306
318.8
265.8
340
375.6
291.7
377
339.2
422
469.3
421.7
386
414.2
358.4
299.3
345.5
297.9
321
227.3
185.2
172.9
230.3
123.3