NaN
NaN
3417.4
1853.8
1120.9
1385.7
1576.7
1912.8
2469.1
3002.1
3749.5
4751.5
6081.8
7611.5
9571.6
11638.4
14261
16637
18640.3
18109.2
13553.6
7938.4
3341
1911.7
1874.6
2060.2
2535.5
2996.9
3604.7
4439.3
5602.6
6912.2
8688.7
11018.8
13311.1
16276
20024.9
24189.2
28103.1
30902.4
28033.9
19418.6
10087.6
3001.5
1277.2
1081.5
956.8
942.2
849.4
794.7
809.7
968.2
825.1
794.9
914.4
1183.2
1203.5
1415.5
1737.1
1961.9
2314.7
2465.3
2097.9
1716.1
1130.6
907
872.4
1005.3
1102.5
1370.6
1775.7
2334.5
3010.5
3605.8
4393.8
5163
5831.6
6016.3
4945.6
3379.9
1932.7
1204
1239.6
1282.2
1461.6
1764.6
1846.1
2246.7
2652.9
3268.9
4405.7
5610.8
6946.6
8396
10296.7
12075.3
13752.1
14241.1
11887.8
8039.3
4392.2
2076.3
1675.4
1706
1919.5
2222.7
2610.6
2968.8
3577.7
4284.1
5247.3
6339.6
7797.8
9358.5
11384.7
13802.5
16391.5
19609.7
23918.5
27171.2
28073.5
23828
15942.9
8757.5
3129.3
1656
1648.8
1694.3
1745.8
2059.7
2217.8
2650.5
3078.3
3743.1
4420.9
5369.2
6518.1
7765.5
9488.4
11222.2
13252.2
15748.5
18584
22564.3
26429.7
28443.4
27172.9
20781.3
13244.3
6534.4
2607
2038.5
2114.9
2269.7
2551.6
2848.7
3215.6
3766.1
4482.2
5142
5208.8
4640.7
3494.1
2355.7
1516
1243.7
1229.8
1353.8
1486.8
1580.6
1873.5
2319.3
2926.3
3477.6
4101.1
4761.1
5503.7
6414
7614.1
8429.5
8505.9
7331.2
5239.5
3244.3
1642.5
1077.1
1071.5
1084.2
1119.9
1205
1325.5
1377.8
1578.9
1709.7
2014.5
2427.5
3131.4
3962.6
4934.1
5816.1
6787.4
7779.2
9296.3
11217.7
12463.8
12501.2
10795.7
7837.2
4783.6
2245.3
1271
1218.9
1264.9
1355.9
1347.7
1480.6
1563.7
1616.6
1790.7
2122.9
2206.8
2516.9
2881
3381.1
3927.6
4588.1
5397.4
6230.5
7165.2
8462.2
9796.4
11889.6
13415.8
13986.7
12951.2
10325.3
6866.4
3583.5
1383.6
747.1
676.5
702.2
669.6
723.2
734.7
818.1
833.9
1095.1
1148.1
1233.5
1379.5
1510.6
1750.7
2025.6
2203.8
2584.7
3012.4
3423.5
3991.5
4508.9
5292.9
6188.9
7338.2
8721
9558.5
9649.9
8942.3
7395.3
5778.7
4195.2
3249.8
2838.2
2117.4
1481.3
1040.4
666.3
641.2
870.4
665
724.9
673.2
621.5
680
794
997.1
1147.9
1309
1581.1
1771.7
2004.6
2310
2646.5
3106.9
3731.5
4033
3916.7
3460.2
2804.7
1674.3
861
342.7
315.7
302.8
289.7
281.1
296
329.4
385.5
411.8
454.6
509.6
521.8
853.5
607.4
712.7
956.3
1206.5
1661
1710.7
2043.9
2408.8
2627.8
3146.4
3798.4
4568.2
5011.6
5045.2
4418.4
3714.1
2385
1356.8
801.4
720.7
728.4
727.9
682.6
646.5
585.6
510.1
546.1
491.2
524.2
515.4
576.7
616.9
686
702.6
888
954.2
1076.8
1242.7
1589.4
1582.4
1822.3
2166.5
2467.2
2783.3
3242.1
3745.5
4515.7
4781.9
4793.6
4368.6
3650.3
2525.7
1488.9
682.9
378
392.3
417.3
378
376.6
409.5
499.2
432.6
445.4
485.7
565.4
539.8
590
667.3
714.2
762.4
842.7
894.9
1031.6
1188.7
1502.1
1622.8
1892.1
2209.6
2544.6
2670.2
2681.9
2594.8
2573
2408.6
2396.7
2630.1
2693.4
2689.2
2414.7
2090.9
1521.2
1016.4
579.8
475.3
522.4
409
422.4
447.4
473.2
622.5
675
758.3
870.1
946.6
1106
1231.9
1392.1
1603.5
1875
2141.7
2189.6
2164.3
1935.6
1573.5
1110.9
592.1
322.2
236.2
201.7
225.2
284.4
244.1
221.6
242.7
287.8
264
393.5
266.8
310.5
372.5
354.1
384
469.7
370.5
356.3
399.1
550.6
579.7
664.1
797.1
958.2
1056.6
1354.4
1402.8
1628
1818.1
2104.9
2456
2660.4
2683.2
2511.1
2348.6
1976.5
1547.1
1204.8
1050.6
1109.7
1007.4
882.1
758.2
712.6
489.7
346.3
299.7
198.3
232.2
301.6
468.5
526.9
586.6
636.3
678.3
724.3
667.2
632.5
479.8
491
496.5
532
680.6
738.9
789.9
851.8
971.8
990.9
1174.7
1204.8
1306.1
1502.3
1655.4
1787.3
1898.4
1916.8
1781.8
1673.1
1426.1
1114.8
829.1
448.2
366.4
345.4
312.6
292
330.3
318
281.3
361
312.1
384.4
401.6
424.4
408
501.4
640.3
731.4
705.3
719.5
659.9
584.2
525.8
412.5
343.6
165.5
175.6
212.4
274.5
250.4
284.9
293.5
477.1
361.5
370.4
452.1
465.4
514
527.5
620
671.1
706.2
855.5
756.7
775.7
807.4
750.4
676.7
610.1
586.2
612
604.2
624.1
710.8
701.9
809.6
912.3
942.8
982.9
968.6
868.4
763.2
646.3
546.9
495.9
368.2
323.5
322.3
313.5
365.4
268.7
267.8
322.1
277.5
307.1
232
314.7
232.5
243.3
269.5
232.3
302.1
360.6
405.9
586.5
453.9
501.7
477.1
536.4
578.6
643.1
714.9
640
725.5
765.9
802.2
922.5
945.1
989
1213.2
1160.5
1251.6
1278.2
1494.2
1541.7
1599.6
1602.8
1633.3
1599
1556.8
1494.5
1400.7
1334.4
1190.3
1135.4
1062.6
946.4
832.4
703.4
633.8
572.8
509.5
507.4
484.4
373.4
341.1
296.5
400
395.8
388
278.8
299.2
282
292.9
336.2
430.8
473.3
339.4
243.3
255.8
255.8
225.6
283.4
248.9
248
272.4
262.9
292.7
223.7
248.8
291.9
242.9
260.6
232.4
394.2
304.5
303.6
344
466.6
422.6
426.3
510.5
547
376.5
393.8
333.7
310
336.8
511.2
429.7
555.5
655.1
724
834.6
919.4
1102.9
1153.5
1265.1
1395.4
1401
1487.3
1537.4
1627.5
1665.9
1689
1658.8
1738.9
1744.5
1713.7
1724
1728.1
1784.5
1847.1
1791.5
1775.1
1782.1
1825.7
1893.3
1876.5
1891.7
1938.7
1919.9
1885.6
1801
1746.3
1754.2
1663.2
1662.9
1680.6
1766.9
1745.1
1918.1
1785.4
1859.6
1845.1
1883.6
1856
1795.4
1860
1790.4
1748
1886
1808.6
1774
1695.1
1781.1
1686.2
1699.4
1629.8
1641.4
1689
1684.1
1552.4
1444.1
1411.3
1329.3
1216.8
1225
1155.6
1220.1
1276.6
1270.4
1413
1320.4
1376
1438
1505.3
1509.3
1409.6
1332.9
1317.1
1224.6
1206.8
1130.3
1106.2
1050.7
1025.2
941.7
936.9
1001.1
931.3
946.5
1028.4
1086.4
1040.1
998.6
1065
975.8
961.5
947.7
965.8
944.6
893.2
924.6
857.3
896.4
853.4
880.7
902.7
956.1
953.4
1074.9
1071.4
1046.8
1005.7
966.9
903.4
898.8
779.8
679.5
580.3
682.5
415.8
413.3
489.3
389.6
453.3
430.6
416.8
425.4
425.5
486.1
439.3
529.4
527.3
516.2
567
546.9
616.8
635.7
636.5
663.9
678.5
795.5
732.5
811.6
836.4
896.8
863.4
897.9
917.4
990.5
1068.9
1014.7
1112.5
1132.9
1308.6
1484.5
1548.8
1753.4
1887
2105.9
2384.4
2773.9
3204.8
3776.8
4357.6
4723.1
5107.1
5266.1
5469.2
5502.5
5591
5694.3
5838.2
5897.1
6080
6016.6
5769.5
5439.2
5083.9
4885
4778.1
4852.1
5318.6
5759.5
6418.3
7062.2
7636.1
7891.5
7977.5
8099.7
8080.5
8241
8498.5
8379.9
8651.5
8613.5
8204.5
7670.2
7192
6428.2
6199.7
5798.1
6028.3
6441.6
6932.4
7602.2
8312.6
8749
8946.6
9166.8
9117.3
9112.4
9216.8
9450.9
9542.2
9704.4
9722.3
9357
8773.4
7868.7
7076.7
6579.3
6256.7
6206.1
6598.3
7065.7
7729.7
8398.5
9184.6
9514.8
9684.6
9586.8
9518.3
9518
9699.8
10031.2
10076.2
10279.4
10082.2
9554
8716.2
7583.4
6876.1
6102.1
5766.2
5991.6
6206.2
6590.4
7154.6
7682.2
8366.5
8809.7
9026.3
8882.8
8664.5
8613
8533.2
8943.7
9045.4
9143.4
9268.6
8874.6
8270.2
7023.2
6215.1
5494.7
5237.8
5159.5
5464.7
5779.8
6304
6832.6
7449.3
8149.1
8448.1
8599.3
8333.2
8086.3
8015.2
7975.6
8546
8644.6
8760.1
8783.2
8652.8
8119.4
7037.1
5995.9
5285.4
5037.2
4905.6
5105.2
5377.7
5671.1
6055.5
6517.3
7200.1
7619
7798.7
7754.2
7297.3
7051.8
6909.1
6984
7445.1
7417
7335.2
7239.9
6896.9
6242.1
5288.2
4206.3
3440.9
3209.4
3078.5
3023.5
2888.7
3077
3150.8
3249.1
3562
3842.5
4202.9
3875.5
3737.5
3541.1
3540.1
3572.5
3875.2
4031.6
4055.5
3891.9
4008.7
3594.8
3017.4
2382.4
2035
1862.2
1938.9
1968.1
2019.5
2063.8
2202
2365.9
2445.2
2679.7
2814.6
2797
2565.2
2493.8
2457.7
2455.5
2436.8
2487.9
2540.9
2419.3
2391.5
2318.7
2181.6
1744.4
1513.1
1377.7
1386.5
1428.3
1451.3
1434
1579
1778.9
1985.5
2229.2
2504.7
2845.6
3180.1
3232.3
3460.8
3322.8
3213.4
3140.5
3223.4
3332.2
3369.3
3469.9
3282.4
3100.1
3096.1
3030.6
2837
2458.5
2121.9
1981
2068.7
2091
2124.2
2210.9
2346.9
2629.2
2964.8
3308.3
3797.1
4282.1
4795.2
5231.6
5655
5811.1
5835
5404.6
5251.8
5322.8
5528.9
5742.2
5850.1
5746.8
5426.6
5218.3
5274.4
5136
4504.7
3496
3098.3
3154.8
3291.3
3245.5
3231.1
3338.3
3490.7
3987.3
4292.4
4945
5532.9
6289.2
7109.5
7780.2
8127.9
8518.5
8392.2
7969.2
7545.6
7672.6
7997
8178
8586.3
8535.3
8046.3
7510.4
7547.9
7611.6
6682.4
5295.6
4422.7
4563.3
4719.4
4662.8
4565.7
4461.7
4538.7
5027.6
5489
6102.3
6948.7
7737.8
8705.2
9594.2
10400.1
10987.9
11327.3
11020.9
10528.8
9944.1
10314.8
10775.9
11057.1
11481.5
11401.2
10946.1
10197.2
10193.3
10177.1
9104.5
7309.3
5922.4
5862.9
6072.2
6178.1
5946.3
5919.1
5983.3
6397.5
7035.4
7696.7
8625.6
9570.3
10833.5
12144.2
13163.5
14121.1
14929.2
15159.3
14837.9
13779.8
13369.9
13873
14384.1
14799.4
15361.7
15227.3
14721.4
13780.3
13577
13547.6
12455.1
10051.8
8132.1
8051.1
8505.4
10410.6
14081.4
16832.8
17174.8
14113.2
11267.2
10758.8
11461.2
12514.9
13860.9
15438.1
17052.5
18329.8
19283.4
20073.2
20100.1
19456.4
18284.8
18070.2
18538.1
19240.8
19780.2
20394.3
20242.1
19536.8
18412.6
18069.4
17583
15944
12951.8
10491.9
9677.5
9536.1
9380.6
9125.3
8819.5
8518.9
8397.3
8797.8
9513.6
10300.1
11234.1
12437
13791.2
15147
16321.5
17371.4
18281.7
18742.1
18660.4
17869.8
17086.6
16915.1
17123.1
17641.1
18267.3
18329
18220
17524.5
16716.8
16150.3
15732.5
13945.4
11707.7
9460.8
8181.3
7637.1
7439.1
7187.2
6824.1
6587.8
6225.4
6306.7
6441.5
6862.7
7454.3
8125.9
8782.8
9671.9
10557.5
11308
12060
12477.1
12745.8
12492.2
12282.8
11800.7
11723.5
11634
11972.7
12187.9
12293.6
12171.1
11771.6
11404.8
10984.1
10385.1
9243.8
7867
6554.7
5481.2
4833.6
4446
4077.7
3766.4
3481.2
3159.2
3042.9
3002.1
2990.7
3109
3327.4
3612.2
3821.8
4121
4570.1
4682.4
5001
5131.3
5190.4
5141.9
5036
4889.8
4790
4767.7
4908.9
4977.6
4832.8
4953.1
4692.5
4702.7
4367.7
4152.5
3701.9
3223.7
2710.2
2197
1930.3
1655.4
1364.6
1176
1038.8
886.5
766.5
657.6
473.5
510.1
363.1
335.4
369.5
286.8
319.1
318.5
396.2
376.2
316.4
303.2
268.7
269.1
280.4
292.4
311.2
357.5
243.4
299.9
291.5
397.6
299
322.4
351.3
397.9
423.6
322.7
534.9
379.8
344.8
368.1
407.1
407.2
516.3
461.5
483.4
417.9
545.5
690.1
692.4
708.5
579.2
596
677.5
689.7
718.1
668.9
740.8
757.6
921.4
806.4
828.3
890
913.5
1055
1068.8
1100.6
1168.6
1320
1450.4
1733.1
1805.9
1915.2
2075.3
2376.4
2540.4
2696.7
3015.9
4221.4
5567.1
5253.3
3803.9
1698.8
1225.5
1225.4
1235.5
1268.1
1501.2
1481.3
1642.4
1815.8
2028.8
2233.5
2576.1
2827.2
3207.8
3759.3
4139.6
4710
5307.7
5941.8
6654.6
7447
8336.7
9252.3
10224
11243.1
12317.5
13542.2
14717.6
16351.8
20318.5
25826.4
28926.1
26460.3
18299.7
9922.4
5519.3
3832.2
3390.2
3066.8
2842.4
2666.8
2530.2
2380.3
2342.3
2399.9
2360
2499.6
2437.6
2680.2
2600.9
2769.9
2900.7
3128.8
3312.9
3567.4
3900.7
4213.3
4586.6
5023.3
5331
5750.3
6147
6602.6
6933.2
7164.3
7465.7
7592.7
7905.7
7908.9
8079.1
8133.4
8181.5
8351.1
8273.5
8274.9
8304
8213.9
8328.7
8161.8
7805.6
7628
7459.5
7247.9
6951.9
6642.2
6328.9
6003.1
5773.3
5564.1
5308.8
5126.2
4986.4
4966.3
4980.4
5165.8
5214.9
5466.6
5896.1
6161
6629
7122.2
7774.1
8323.9
8992.1
9758.5
10546.3
11329.9
12104.8
13008.2
13708.9
14203
14540.9
14841.7
14924.5
15185.5
15309.2
15293.8
15184
15303.2
15355.1
15304.7
15124.6
15009.3
14958.7
14901.1
14606.3
14151.8
13765.4
13503
13179.1
12837.3
12385.6
11866
11587.9
11319.2
11038.5
10923.8
10904.5
11068.1
11042.1
11210.8
11161.9
11239.9
11198.8
11101.8
11027.4
10952.3
11127.6
11327.7
11467.9
11669.1
12175.9
12660.9
13357.4
14380.5
15268.8
16133.6
17083.9
17880.9
18652.9
19206
20074.9
20771.5
21312
21957
22203.6
22969.7
23591.1
24055.7
24185.2
24473.1
25078.8
25626.7
26024.4
26467.8
26559.5
26779.6
26666.9
26370.6
25526.6
24533.5
23055.3
21459.5
20067
18428.8
17008
15485.1
14258.3
12711.7
11578.7
10507.5
9734.3
9240.4
9082.3
8986.5
9254.3
9606.4
10063.6
10594
11114.5
11867.1
12768.6
13867
14667.1
15772.5
17040.1
18167.3
19256.3
20436.3
21665.1
22672.3
23683.8
24952.2
26084.6
27338.5
28584.8
29731.2
30620.5
31256.7
31747.1
31635.1
31207.3
30661.7
29898
28667.3
27301.6
26083.3
24809.5
23425
21920.6
20154.2
18489.8
16989.6
15410.1
13903.7
12656.3
11755.7
10773.6
10063.4
9453.8
8924.7
8432.1
8035.2
7784
7594.6
7482.1
7438.8
7446.3
7700.1
7925.4
8287.4
8564.9
8967.5
9450
10071
10785.5
11412.5
12019.3
12732.6
13557.7
14099.9
14561.5
15130.5
15457.9
15849.4
16180.3
16584.1
16677.7
16875
17122.9
17170.8
17243
17260.1
17281.2
17013.3
16915.4
16715.7
16444
15865.7
15481.5
15046.1
14582.8
14444.6
14123.5
14087
14042.8
14150.9
14114.2
13982.6
13841.7
13588.7
13281.8
12545.7
12126.2
11106.6
10479
9926.1
9341.7
8785.1
8139.1
7572.9
7059
6449.9
5865.9
5367.3
4795.8
4245.6
3674
3265.2
2933.6
2554.8
2446.8
2275.1
2187.8
2116.4
2234.9
2188.2
2292.1
2267.9
2385.5
2443.1
2562.4
2653.6
2859.3
2892.6
3004.2
3198.7
3257.7
3542.7
3749.7
3889.8
3999.8
4109.4
4153
4246.1
4217.6
4184
4198
4064.2
3937.5
3787.8
3749.7
3506.8
3333.3
3185.1
3088.4
2862.8
2864.2
2387.6
2254.3
2058.1
1981.2
1718.1
1574.3
1421.7
1364.4
1334.9
1261
1314.8
1321.7
1366.4
1306.1
1356.4
1420.3
1555.3
1648.5
1706.2
1784.8
1932.7
2091.1
2281.4
2436.1
2695.7
2933
3044
3333.6
3607.1
3826.5
4138
4254.3
4437.2
4468.6
4496.2
4668.3
4541.5
4502.3
4451.8
4392.7
4293.7
4205.1
4105.6
3789.3
3646.2
3587.4
3357.6
2934.8
2745.3
2581.9
2369.7
2137.1
1944.4
1697.8
1474.1
1438.6
1220.9
1219.3
1142.7
1081.5
1097.7
1086.6
1106.4
1061.1
1120.3
1064.6
1097.3
1069.2
1083.3
1158.8
1143.7
1283.5
1326.7
1295.8
1482.7
1515.1
1657.6
1752.6
1900.1
2034.4
2292.5
2626.4
2695.6
2817.9
2801.5
2770
2989.7
2947.2
2816.6
2782.7
2812.5
2867.1
2815.7
3076.6
2575.1
2493.1
2439.6
2327.2
2108.6
1875.9
1759.2
1613
1445.5
1333.9
1168.2
940
867.9
752.6
740.4
650.1
557.6
543.2
627.1
638.9
623.8
588.7
605.6
615.8
416.4
593.7
542.5
468.1
587.4
466.4
416
414.5
440.4
413.1
341
332.4
286
208
234.6
250.6
243.8
170.3
277.2
132.2
150.3
191.8
185.5
84.9
216.5
80.9
155.5
188.9
190.9
183.7
223.8
224.9
266.7
227
301.7
349.6
338.6
429.2
498.4
444.3
474
471.2
409.4
365
442.1
397.8
451.1
398.6
372.2
360.6
287.8
280.6
297.7
320.2
311
256.6
352.6
112.3
118.8
355.7
101.2
107.7
148
30
83.3
70.4
26.7
0
23.5
69.9
64
109.3
294.2
100.6
24.1
42.6
49.8
168.7
82.8
96.7
79
106.9
170.7
103.1
133.3
195
194.2
236.8
220.3
253.9
356.1
352.4
386.8
359.4
365.7
388.8
375.6
324
390.4
374.2
354.6
279.9
334.9
308.7
228.2
219.5
231.4
197.5
157.9
234.5
235.3
155.5
244.1
250.5
329.9
479.9
613.3
751
707.2
629.3
603.8
615
572
601.5
632.7
720.9
711.5
535.4
472.1
523.3
406.8
525.7
395.4
387
374.8
320.8
363.6
325.2
320.8
332.5
313.5
359.6
347.4
335
535.1
361.3
325.5
364.7
311.2
391.1
442.4
330.6
410.6
366.6
464.7
516
468.7
427
410.6
414.2
341.2
375.9
320.9
328.4
245.9
223.1
234.3
274.7