NaN
NaN
3869.6
2201.8
1148.2
1282.8
1504.8
1775.6
2265.2
2780.1
3505.7
4449.5
5641.3
7070.1
8853.7
10796.7
13392.3
15760.4
17827.8
18439.6
14750.4
9238.1
4327.1
1975.1
1816.7
1975.2
2396
2767.9
3310.1
4102.7
5155.9
6451.6
8052.2
10161.2
12409.3
15213.5
18542.5
22709.1
26543.3
29868.2
28928.8
21695
12282.1
4420
1406.2
1088.4
988.7
941.2
875.4
793.7
817
950.6
783.3
808.2
907.4
1114.6
1161.2
1360.2
1603.2
1885.1
2220.3
2468.4
2213.6
1837.4
1269.4
973.3
863.1
977.8
1020.6
1282.1
1651.9
2167.1
2817.1
3372.7
4145.5
4905.1
5627.5
6060.2
5319.3
3720.9
2279.7
1313.2
1169.6
1220.9
1371.6
1664.4
1763.7
2134.4
2488
2963.1
4061.4
5132.9
6452.4
7893
9565.7
11399.7
13186.7
14117.1
12660.5
9005.2
5250.7
2468.3
1680.2
1622.4
1792.4
2083.3
2448.1
2791.1
3330.5
4006.9
4892.7
5869.9
7232.7
8708.8
10634.8
12885.9
15351.7
18179.4
22325.8
25911.3
27699.9
25170.8
17951.9
10514.3
4297.9
1751.4
1682
1669.4
1698.2
1944.8
2085.3
2524.5
2850.3
3424.5
4119.3
4992.6
6043.6
7196.1
8849
10414.5
12444.2
14710.5
17389
20836.7
25042.1
27633.9
27602.8
22473.6
15032
8094.2
3145.1
2057.5
2077.4
2198.6
2424
2703.3
3092.7
3577.2
4232.4
4964.7
5170.5
4782
3801.6
2624.8
1667.4
1228.8
1197.5
1327.2
1370.8
1517.2
1744.8
2120.3
2731.2
3145.4
3839.1
4562
5214
5973.4
7198.4
8144.5
8510.8
7751.7
5754.8
3742.9
1956.8
1097.8
1075.7
1019.3
1090.2
1151.9
1259.5
1338.2
1517.9
1592.4
1860.1
2227.7
2848.9
3661.3
4565.5
5447
6389.5
7398
8633.7
10504.4
12025.8
12529
11352.4
8623.3
5511.7
2775
1325.9
1167.5
1196.3
1258.1
1278.3
1348.8
1473.8
1534.3
1685
2001.3
2094.3
2334.4
2718.1
3160
3663.2
4274.4
5065.3
5832.2
6767.5
7959
9144.8
10997.1
12793.7
13776.3
13209.6
11005.7
7745.3
4293
1815.8
766.7
708.3
717.4
638.3
691.3
662.1
785.4
748.9
1019.4
1053.8
1156.3
1241.4
1404
1599.9
1891.7
2081.8
2454.8
2778.8
3248.9
3739.5
4228.9
4979.2
5748.5
6798.8
8182.3
9222.3
9520.9
9156.8
7686.6
6102.3
4499
3380.1
2941.9
2310.3
1669.3
1173.5
703.4
651.1
804.8
632
689.6
652.8
611.8
643
755.7
879.2
1038.6
1228.1
1492.8
1658.8
1917
2226.3
2502.1
2922.8
3543.7
3990.8
3914.1
3589.5
3022.4
1859.7
1052.6
404.5
302.6
286.1
264.7
248.7
273.4
331.9
352.1
367.5
445.7
513.3
489.6
809.8
587.2
674.7
874.5
1137.2
1546.6
1574.7
1936.7
2255.5
2496.4
2985
3489.2
4266.2
4832.1
4962.6
4507.2
3892.3
2662.1
1565.2
801.3
634.7
662.4
670.6
632.6
622.2
531.6
514.9
525.2
422.5
464.4
489.8
541.8
590
616.4
663.7
790.2
892.7
985.9
1135.7
1505.8
1468.7
1731.9
2008.1
2305.7
2634.8
3061
3518.5
4228.1
4689.6
4767.7
4445
3801.2
2776.9
1729.6
833.9
388.9
338
419.9
350.2
365.7
377.2
438
378.5
415.7
481.6
486.3
496.2
530.2
659.3
664.6
745.5
784.3
867.8
963.3
1116.1
1392.9
1494.8
1763.9
2087.9
2458.9
2600.6
2628
2612.6
2531.9
2380.7
2336.8
2515.1
2646.7
2601.8
2446.7
2085.3
1630.9
1143.2
632.1
430.3
485.7
364.9
394.8
379.6
446.7
548.7
615.2
686
813.8
899.4
1009.8
1189.2
1341.1
1470.7
1708.3
2028.3
2165.7
2141.7
1941.8
1678
1188.9
686.1
376.6
185.7
177.2
184
245.7
224.2
223.5
191
231.8
225.5
364.1
237.5
305.4
317.2
330.4
336.1
430.5
361.5
307
370.6
517.7
523.2
609.5
737.5
869.8
967.3
1250.7
1302.9
1526.8
1651
1957.5
2265.9
2511.4
2575.2
2494.4
2325.2
2005.6
1541.8
1186.2
970.4
1014.2
942
838.3
735.5
679.6
442.7
353.1
266.9
173.5
223.4
255.4
425
473.5
541
594.3
660.6
695
679.5
639.9
429.7
422.9
452.1
515.3
623.7
654.4
735.2
787.9
900.7
897.5
1087.2
1133.7
1211.6
1383.8
1498.2
1650.4
1790.1
1870.4
1726.8
1638.1
1465.1
1194.8
836.8
472.3
356.9
328.3
275.1
276.2
292.4
262.7
276.6
316.6
246.2
318.1
323.8
378.9
399.4
453.3
582.2
676.1
706.9
695.3
647
591.1
497
389.9
378.8
192.6
148.7
169.8
233.4
172.9
222.9
256.7
420
354
305.1
400.6
411.6
421
468.8
603.8
607.1
649.8
771
728.5
726.8
783
746.4
659.7
586.5
569.5
540.5
543.7
555.4
650.4
642.8
742
838.3
906.1
942.7
928.6
847.5
775.5
660.4
577.1
469.9
326.1
287.5
281.5
280.4
354.8
242.4
224.8
275.7
254.1
227.8
187.8
317.2
208.5
201
223.2
225.4
263.4
325.7
356.9
535.3
415.5
441.1
438.4
467.7
508.1
570.4
656.2
568.2
693.5
711
755.4
855.3
850
925.4
1163.8
1092.9
1195.3
1182.2
1407.7
1449.4
1496.4
1518.2
1549.9
1572.3
1504.2
1406.9
1341.3
1286.7
1158.2
1089
1054.6
957.5
819.5
707.7
619.9
591.1
535.4
535.8
459.2
400.3
299.3
296.8
388.9
397.8
366.4
276.8
255.9
285.3
279.1
336.2
407.4
474
288.8
225.4
248
245.8
228.5
255.9
206.4
225.8
213.6
252
252.8
194.5
219.9
244.6
254.3
243
238
387.2
320.4
241.4
309.2
419.2
364.7
381.9
467.9
485.5
393.2
388.4
348.1
265.8
308
468.1
385.7
468.6
597
671.3
791.1
870.2
1026.5
1062.6
1139.3
1331.9
1377.3
1399.5
1439.4
1522.6
1609.6
1613.5
1593
1692.8
1657.3
1657.7
1663.3
1632.1
1674.4
1820.5
1679.8
1727.1
1727
1799.7
1833.7
1790
1854
1901.1
1887.8
1850.9
1794.6
1712.2
1699.4
1603.8
1614.5
1634.1
1736.7
1689
1819.2
1745.7
1764
1757.1
1780.4
1814.8
1758.4
1777.2
1728.1
1698.7
1801.4
1764.5
1734.7
1693.6
1772.8
1658.3
1676.8
1607.9
1590.8
1651.2
1625.2
1503.8
1421.6
1387.9
1288.7
1192.6
1159.8
1117.3
1172.8
1231.5
1192.2
1360.8
1300.5
1306.9
1356.7
1441.3
1449.6
1367.3
1339.3
1306.8
1194.6
1161.9
1091.4
1067.9
1055.9
989.4
913.8
889.9
921
891.3
945.9
987.2
1049.8
996.7
942.1
980.8
946.8
876.5
926.8
912.3
931.1
835.1
884.2
786.1
828.9
814.4
833.9
828.7
896.2
911.1
1005.1
993
1003.5
936.9
893
877.9
846.2
746.1
670.2
554.1
677.9
374
366.9
433.4
339.4
381.5
400.5
369.3
394.7
403.7
454.3
378.5
500.1
471.1
442.5
457.7
498.3
564.5
586.4
575.6
580.6
595.8
712.5
626.7
726.9
750.6
798.9
798.3
843.4
836.2
931.7
946.1
943.9
1016.7
1054.9
1228.1
1360.5
1425.1
1609.3
1708.3
1957.6
2211
2505.6
2942.1
3453.2
4019.8
4485.8
4906.2
5124.9
5318.7
5375.9
5422.8
5517.1
5672.2
5723.2
5934.5
5995.3
5693.5
5439.7
5036.5
4821.9
4687.1
4667.6
5027.6
5503.8
6064
6715.1
7357.3
7688.2
7825.3
7913.6
7922
8002.2
8318.2
8211.9
8387.4
8467.3
8139.7
7726.2
7284.8
6424.7
6093.3
5767.9
5766.7
6125.6
6668.2
7223.4
7873.3
8504.2
8720.4
8978.1
8909.1
8916.8
8941.5
9190.4
9368.3
9446.8
9623.5
9328
8812.9
8024.5
7132.6
6499.3
6123
5932.4
6318.3
6686.4
7329.8
7971.8
8770.2
9238.5
9463.9
9450.9
9332.2
9343.5
9422.3
9743.8
9837.8
9979.8
10001.8
9529
8885.2
7765.3
6935.9
6077.7
5685.4
5750.1
5957.9
6300.9
6790.7
7312.6
7980.7
8547.8
8830.2
8859.4
8513
8458.7
8287.3
8592.1
8903.8
8886.6
9037.1
8736.3
8315.7
7315.8
6296.2
5493.8
5154.8
4972.3
5172.3
5522.8
6012.3
6485.4
7087.5
7752.8
8152.9
8412.8
8187.5
7928.8
7776.8
7762.8
8152.8
8436.8
8532.9
8559.8
8559.4
8086.8
7207.4
6023.8
5327.7
4887
4683.4
4842.5
5144.9
5396
5700.4
6138.2
6710.8
7306.2
7510.6
7567.4
7210.7
6891
6708.9
6718.9
7159.2
7268.5
7145.9
7085.6
6805.7
6340.1
5579
4287.1
3547.3
3107.9
3008.2
2921.3
2843.4
2982.8
3031.3
3187.7
3366.5
3628.9
4035.4
3845.3
3713.4
3557.3
3400.9
3424.5
3717.5
3912.3
4023.5
3803.5
3970.7
3591.7
3162.1
2410.4
2058.6
1798.9
1856.6
1876.9
1929.9
1972.4
2107.2
2206.5
2302.8
2566.7
2693.6
2754
2546.1
2495.6
2381.5
2361.1
2338.9
2400.3
2570.3
2367.1
2335.1
2266
2167.8
1804.3
1534.3
1361.4
1333.1
1410.3
1406
1392.3
1520.5
1697.8
1848.2
2081.9
2334.5
2654.3
3001.8
3152.5
3323.8
3293.5
3198.5
3051.5
3090.5
3273.8
3232.6
3410.3
3265
3101.3
3071.1
2984.7
2865.9
2550.9
2178.7
1939.9
1957.2
2045.1
2034.8
2102.6
2188.8
2422.9
2743.2
3117.4
3526.9
4030.4
4508.5
4999.8
5383.6
5683.1
5739.9
5402.8
5184.7
5102.6
5382.7
5541.1
5680.1
5741.9
5459
5148.9
5104.8
5137.1
4666.6
3718.6
3106.5
3068.1
3198.9
3195.9
3099.8
3214.8
3242.3
3741.3
4027.4
4607.1
5221.5
5914.4
6689.8
7406.1
7877.8
8289.7
8329.2
7915.7
7499.4
7393.2
7805.8
7965.3
8270.9
8405.8
8030.2
7563.9
7259.6
7558.8
6907.1
5665
4440.7
4358.1
4528.5
4558.1
4463.2
4346.7
4355.9
4720
5205
5735
6464
7246.1
8157.6
9066
9933.4
10608.5
11127.8
10952.1
10488.7
9852.9
9860.9
10390.7
10710
11166.1
11316.8
10884.3
10200.4
9825.9
10100.9
9345.5
7745.2
6016.2
5637.9
5862.8
6025.7
5878.9
5784.4
5805.6
6062.3
6623.6
7264.1
8213.2
9119.1
10275.9
11487.2
12633.5
13591.2
14366.8
14856.2
14629
13848.3
13230.4
13330.6
13993.4
14334.5
14971.5
14970.4
14610.7
13786.9
13212
13351.3
12757.1
10633.8
8370.4
7842.4
8097.7
9542.1
13020.3
16588.6
17782.5
15552.8
11940.7
10639.2
11024.7
11996.3
13110.4
14676.6
16130
17567.7
18644.3
19492.3
19774.3
19342.5
18299.5
17696.9
18058.2
18671.8
19131.2
19920.2
19853.6
19461.4
18425.9
17862.6
17476
16311
13718.8
10918.1
9722.9
9369.4
9227.4
9075
8749
8481.4
8201.3
8521.3
9084.9
9785.1
10688.4
11824.2
13188.4
14455.9
15748.3
16708.1
17844.2
18238.5
18499.7
17769
17071.1
16589
16760.4
17149.7
17776.4
17957.4
17981.3
17406.3
16661
16063.2
15653.4
14351.5
12236
9946.6
8352.6
7669.6
7353.2
7102.2
6793.6
6543.3
6175.9
6162.5
6215.1
6660
7091.9
7675.7
8417.1
9237.3
10089.9
10829.4
11590.3
12082.6
12429.8
12379.6
12226.3
11691.3
11521.8
11371.9
11648.5
11918.9
12116.7
12055.6
11676
11363.2
10930.9
10397.2
9455.5
8173.9
6879
5644.1
4866.7
4509.4
4088.3
3759.8
3522.5
3192.2
3050.4
2974.6
2887.7
2988.1
3131.9
3457.6
3670.7
3905.2
4345.2
4501.8
4787
4929.7
5051.4
5030.1
4978.7
4847.9
4721.9
4710.9
4744.5
4810.4
4738.8
4891.4
4684.3
4643.2
4351.6
4176
3743.6
3280.8
2813.5
2290.8
2003.1
1683.6
1382.1
1179.2
996.9
887.2
754.3
680.2
505.1
529.7
383.3
322.2
344.2
288.4
321.2
273.7
360.7
317.4
303.1
269.9
241.2
234.1
247.4
256
269.6
314.2
237.6
259.2
275.2
354.6
281.6
275.9
308.4
362.8
391
320.2
485.9
371.4
312
320.9
395.3
357.3
473.1
380.5
439.8
411.9
447.2
620.1
641.5
726.1
575.9
533.3
645.1
645.2
658.1
623.7
688.2
698.1
852.2
760.5
781.9
831.3
875
1002.2
977.5
1051.5
1116
1259.7
1323
1627.2
1671.1
1803.4
1969.5
2269.1
2421.1
2548.8
2774.7
3613.5
5166.1
5334.1
4330.4
2176
1217.5
1188.6
1136.6
1236
1454.5
1418.2
1495.1
1668.5
1903.6
2106.5
2438.1
2652.7
3025
3502.1
3873.4
4432
4947.7
5596.5
6243
7021.1
7822.6
8722.8
9742.1
10645.3
11753.9
12856.8
14022.8
15274.9
18450.8
23504.9
27848.3
27178.5
20767.1
11992.6
6622.8
4069.7
3445
3098.3
2836.7
2615.4
2533.9
2339.3
2261.6
2331.9
2252.1
2425.6
2375.6
2609
2490.2
2653.1
2763.3
3005.6
3131.7
3458.4
3698.1
4057
4402
4705.1
5053.1
5517.2
5885.7
6330.5
6687.1
6917.3
7216.1
7329.9
7658.9
7746.3
7905.2
7919.2
7969.3
8089.8
8114.6
8164.7
8114.5
8045
8116.2
7998
7716.3
7530.9
7369.2
7186.5
6863.9
6506.1
6298.4
5994.9
5753.7
5487.1
5255.9
5052.3
4878.8
4829.8
4765.3
4986.3
5028.3
5287.7
5693
5919.9
6376.6
6786.2
7427.2
7954.4
8589.7
9180.7
10007.9
10848.8
11640.8
12414.9
13227.7
13768.8
14043.5
14422.9
14550.4
14913.8
15009.5
15029.4
14891.2
14949.3
15030.6
14994.3
14812
14741.9
14682.4
14656.5
14366.4
13965.2
13563.4
13372.8
13001.8
12777.5
12265
11776.5
11499.9
11194.7
10922.7
10759.8
10616.9
10767.1
10835.7
10995.5
10924.5
10973.6
11014
10917.6
10840.8
10735.8
10891.4
11051.1
11163.2
11377.3
11758.9
12226.6
12864.9
13866.4
14624.1
15511.4
16510.3
17270.6
18064.3
18760.5
19498
20163.1
20717.7
21396.2
21745.4
22293.8
22982.5
23441.7
23579.5
23921.4
24436.5
24994.6
25384.3
25807.1
26019.7
26266.6
26135.4
25912.8
25338.2
24488
23128.8
21521.5
20101.1
18544.3
17112.7
15702.1
14464.2
12910.2
11766.2
10632.6
9767.2
9120.2
8918.5
8769.4
8948.8
9336.5
9677.2
10166.4
10665.2
11371
12266.5
13328.3
14054.1
15073.2
16247
17464.4
18566.5
19631.3
20847
21804
22893.8
24024.7
25142.7
26362.7
27576.4
28871.7
29706.7
30382.3
30936.5
31137.5
30744.8
30228.7
29700.6
28390.6
27143.2
26002.2
24840.8
23369.4
21927.4
20383.2
18635.3
17149
15641.4
14070.6
12787.6
11772.8
10830
10129.5
9407.7
8895.8
8373.1
8010.1
7702.2
7521.5
7238.8
7296.1
7325.4
7461.7
7635.7
7975.7
8238.5
8553.3
9049
9654.7
10376.7
10941.4
11516.5
12245.3
12982.7
13584.4
14115.8
14656.9
14990.5
15433.9
15679.5
16073.5
16183.2
16410.2
16740.4
16748.8
16864.7
16900.4
16894.7
16779.1
16621
16398.5
16189.1
15639.9
15302.5
14850.7
14380.8
14183.4
13819.6
13662.9
13601
13548
13593.1
13295.5
13287.6
12968.2
12648.2
12048.5
11759.8
10635.1
10038.4
9531.5
8989.9
8459.5
7857.1
7296
6809.7
6255.3
5735.6
5234.2
4754
4206.8
3613.9
3240.1
2881.3
2537.4
2413.7
2209.6
2190.2
2052.4
2161.1
2073.8
2234.2
2192.6
2273.5
2329
2454.3
2557.4
2783.5
2756.5
2941.9
3065.8
3120.4
3357.1
3561
3779.4
3878.6
3996.6
4023.1
4126.4
4094.9
4085.8
4089.4
4011.7
3943.9
3753.2
3750.8
3491.7
3305.2
3160
3071.4
2852.1
2874.4
2376.8
2213.6
2055.9
2019.3
1741.5
1586.2
1414.3
1365.8
1281.7
1244
1288.6
1268.7
1340.1
1236.2
1272.5
1353.6
1467.7
1583.3
1605.5
1671
1868.8
2018.9
2134.9
2293.2
2525.4
2760
2911.2
3239.8
3389.7
3691
3960.2
4132.6
4268.5
4324.1
4383.8
4551.9
4421.5
4453.8
4379.6
4358.3
4271.2
4210.8
4050.4
3774.9
3607.4
3560.3
3354
2995.4
2762.7
2556.3
2413.6
2223.5
1978.9
1755.6
1479
1458.4
1256.3
1218.7
1140.1
1081.9
1057.6
1054.7
1081.1
1007.9
1113.6
1050.6
1016.3
1044.2
1054.6
1118.9
1082.1
1213.2
1303.5
1280.9
1412.1
1450.3
1566.8
1677
1792.6
1957.6
2187.2
2473.3
2595.6
2716.5
2715.3
2714
2911.4
2883.8
2742.9
2743.3
2742.9
2845.3
2798.4
3083.5
2555.3
2472.5
2413.6
2336.7
2146.2
1907.8
1764.8
1600.5
1457.1
1356
1273.7
958.4
890.3
769.5
762.6
671.6
547.4
595.8
661
641.7
611.2
583.7
612.3
623.2
461.2
582.7
536
479.3
596
484.2
444.4
435.1
401.3
424.4
351.4
367.1
284.5
245.6
260.4
255.9
262.9
141.6
274.1
144.4
190.9
169.7
164.6
93.5
229.7
82.6
146.2
164.7
159.6
150.4
256.4
234.7
267.2
225.5
284.8
367.5
341.4
449.5
527
437.9
485.3
461.4
409.2
356.9
438.5
386.5
444.3
412.5
377.6
406.1
314.5
279.5
298.8
330
340.1
269.4
359.2
148.4
158.8
367.2
114.6
134.4
165.5
76.1
83.6
81.3
63.8
0
41.3
56.1
67.8
124.7
304.7
113
45
57.2
71.3
168.9
81.1
95.2
88.5
119.5
164.9
155.1
126
208.6
208.5
241.9
203
247.7
341.5
333.6
359.5
356.7
395.9
422.3
360.8
353.6
407.8
384.6
395
305.6
359.1
328.9
266
236.9
253.2
189.4
187.3
277.6
233.7
155.3
212.1
216.7
252.1
402.3
547
680.9
636.4
597.4
556.6
555.9
536.1
565.9
579.4
677.8
656.3
540.3
445
499.3
379.5
543.3
379.6
398.7
394.4
329.3
384.1
313.5
326.8
322.3
303.6
362.7
357.8
327.6
572.4
401.4
339.4
342.6
319.7
418.4
434.5
334.5
376.5
399
464.8
514.9
468
422.4
441.9
420.8
368.4
408.1
347.4
373
264.6
221.3
244.2
242.5