NaN
NaN
4387
2608.1
1378.4
1403.9
1558.1
1845.9
2346.5
2893.8
3612.7
4516
5739.7
7242.1
9111.3
11121.8
13657.7
16393.5
18902.3
19762.7
16276
10420.3
5304.7
2304.9
1925.3
2084.8
2477.8
2919.1
3442.2
4247.3
5349
6608.1
8229
10474.1
12722.5
15624.6
19153.5
23540.3
28112.4
31751
31115.9
23646.2
13879.7
5700.6
1682.8
1222.9
1099.2
1046.5
998.7
914.4
941.4
1050.7
891.9
896.5
978.3
1260.1
1288
1483.8
1753.2
2033.2
2438.6
2614.7
2394
2050.8
1474.5
1134.7
948.8
1116.4
1193.4
1395.3
1806.2
2348.4
3017.9
3616
4430.3
5276.5
6073
6409.6
5712.3
4165.3
2622.3
1540
1320
1359.7
1496.6
1852.6
1891.8
2262.5
2626.8
3149.5
4260.3
5462.7
6832.6
8299.8
10109.4
12234.4
14021.9
14869.6
13388
9785.9
5950.4
2928.3
1842.1
1791.1
1960.5
2260.8
2647.8
2951.2
3563.5
4236.1
5127
6243.5
7606.4
9160.9
11164.1
13525.5
16127.3
19360.4
23874.9
27446.8
28930.2
26366.4
19336.4
11737.9
5260.8
2049.1
1798.4
1809.5
1855.3
2121.9
2275.7
2657.3
3053.8
3660
4370.9
5210.9
6377.4
7540.3
9218
10957.9
13056
15419.1
18350.6
22196.1
26346.6
28853.9
28365.4
23621.7
16356.5
9258.5
3866.4
2281.9
2263.2
2415.2
2658.5
2944.1
3333.8
3849.1
4575.4
5262.6
5399.1
5046.9
4137.5
2971.7
1946.3
1414.1
1343.5
1484.7
1550.1
1705.7
1950.8
2311.3
2913.1
3405.4
4079.5
4852.4
5554.6
6429.7
7657.4
8463.6
8770.3
8083.2
6271.4
4160.7
2364.3
1320.6
1216.2
1178.2
1244.2
1292.8
1396.8
1468.4
1658.1
1781
2017
2437.6
3012
3870.1
4786.8
5718
6724
7722.4
9122
11078.2
12381
12725.4
11730.5
9214.4
6102.3
3263.5
1607
1336.4
1351.8
1431.6
1454.7
1530.2
1653
1686.5
1835.6
2180.9
2246.4
2539.6
2875.7
3316.2
3883.6
4524
5298.2
6100.2
7062.5
8220
9574.1
11503.8
13239
14050.9
13505.7
11625.8
8403.7
4921.4
2235.8
954.8
806.2
791.9
774.3
812.4
781.2
906
877.4
1133.7
1201.8
1292.8
1390.3
1557.4
1759.3
2008.1
2201.2
2592.8
2956.9
3388.2
3962
4503.7
5245.2
6094.7
7222
8520.1
9461.3
9765.4
9391.3
8198.7
6691.6
4958.3
3642.4
3122.2
2520.8
1850.8
1354.7
894.8
739.4
904.9
735
828
774.8
757.2
766.6
881.9
1033.3
1200.1
1403
1605.8
1860.6
2067
2343.2
2660.4
3152.9
3742.4
4064.9
4017.4
3761.1
3261
2172.2
1302.6
621.4
405.2
395.1
385.8
382.4
390.9
432.1
479.5
492.9
549.5
614.7
623.8
923.6
733.8
831.1
1002
1222.3
1617.7
1733.1
2107.7
2409
2721.7
3184.8
3753.6
4510.5
5002.2
5117.2
4731.4
4145.1
2999.3
1867.4
1116.8
829.6
843.3
877.9
811.1
769.7
694.6
683.3
652.6
567.9
614.8
644.7
661.6
734.5
769.4
816.4
963.2
1036.2
1132.1
1286.1
1620.7
1637.8
1863.3
2209.3
2467.5
2834.5
3266.1
3791.2
4491.5
4803.2
4915.1
4563.7
4081.7
3092.1
2039.1
1122.9
567.5
475.8
526.7
479.8
490.1
531.5
566.3
532.7
563.4
608.6
637.5
669
687.2
791.3
806.8
865.5
891.3
1004.4
1108.7
1258.2
1544.2
1707.8
1963.2
2256.1
2627
2737.3
2802.1
2782.6
2763.3
2644.4
2568.7
2726.5
2783.6
2748.6
2568.2
2336.8
1871.8
1309.7
850.8
565
594
480.1
547.4
536.5
577
729.3
777.6
832.3
949
1034.4
1200.4
1356.9
1500.7
1681.2
1947.2
2196.9
2286.1
2238.2
2081
1829.5
1405.8
883.4
571.1
350.3
322
318.7
374.7
383.5
380.1
316.3
359.1
362
478.9
350.1
428.1
481.4
455.5
475
552.9
494.6
488.5
531
645
651.6
751.4
916.7
1037.2
1159.6
1425.2
1481.3
1716.4
1945.4
2203.2
2525.5
2698.6
2770.4
2646.5
2506.5
2261.8
1826.9
1481.1
1203.5
1214.5
1141.9
1038.4
941.3
868.6
668.7
514.6
433.4
335.1
355.3
415.8
612.8
652.3
730.3
747.4
817.6
890
823.5
813
630
615.4
614.9
661.6
786.6
847.9
902.6
981.5
1072.9
1072.1
1257
1323.8
1412.5
1587.2
1712.7
1879.8
1991.5
2007
1877.5
1813.9
1585.9
1372.8
1019
686.3
532.1
482.8
426.4
413.8
449.2
413.9
401.8
420.9
412.9
439.7
504.2
527.2
526.5
588.3
754.9
833.7
831.5
848.2
789.7
734.9
662.5
576.4
501.3
379.2
298.1
321.1
343.8
334.3
356.8
395.7
535.8
472.3
466.5
595.7
549.8
585.1
645.9
714.6
765.2
828.9
927.2
906.6
890.1
911.5
868.8
802.7
778.7
710.4
719.2
702.4
723.3
805.1
813.7
928.7
1004.8
1037.1
1077.7
1051.2
974
920.8
822.9
723.8
639.4
513.2
464.8
457.3
433.2
484.6
371
358.4
398.1
398.9
398.5
337.9
430.1
347
328.5
375.2
332.2
423.2
471.3
483.3
654.1
556.6
596.6
584.3
613
658.7
703.6
797.2
758.9
838.8
868.5
913.3
1024.9
1022.6
1087
1309.3
1275
1390.9
1398
1593.3
1667.7
1720.5
1750.9
1732.7
1733.9
1713
1653.6
1555.3
1517.5
1301.4
1266.6
1209.6
1132.3
993.2
872.1
743.7
705.1
631.8
628.8
572.9
578.5
469.3
439.8
513.5
470.6
472.8
381
416.1
367.7
389.4
468.1
518.6
585.7
423.5
359.7
387.4
337.7
371
387.3
373.7
363.5
330.6
377.1
355.3
340.7
383.2
372.9
375.6
364.7
356.1
509.9
438
392.8
445.9
554.1
515.4
518.5
598.5
604
526.7
501.9
500.2
428.3
447.9
580.8
574
606.5
768.3
804.6
961.1
1027.9
1188.6
1249.7
1342.7
1514.3
1554.2
1560.5
1641.8
1725
1801.4
1818
1833.2
1873.6
1855.4
1816.2
1841.2
1868.2
1911.3
1975.4
1868.3
1855.8
1899.2
1954
2064.4
1996.6
2017
2048.3
2029.7
2001.8
1941.5
1907.8
1910.5
1814.4
1773.6
1756.4
1840
1864
1996.8
1907.2
1973.3
1921.8
1959.9
1952.7
1908.4
1976.7
1933.6
1861.6
1948.4
1908.3
1881.1
1847.2
1909.6
1834.5
1817.1
1759.3
1792.6
1762.7
1769.8
1649.6
1572.4
1563.2
1442.5
1365.2
1325.7
1275.8
1331.4
1384.2
1377.9
1496.8
1440.5
1491.3
1511.1
1624.2
1564.1
1510.4
1483.1
1457.9
1400.9
1310
1255.7
1221.4
1187.9
1123.8
1058.7
1056.2
1077.7
1067.1
1046.2
1132.7
1148.3
1153.6
1093.9
1168.4
1084.5
1066.5
1085.4
1078.1
1041.1
981.2
1049.3
988.7
968
954.1
1016.7
1003.5
1083.1
1077.3
1150.3
1173.4
1167.6
1139
1085.6
1032.6
1029.2
918.3
840.3
699.4
812.4
523.4
519.4
560
500.8
531.4
545.4
509.4
538.4
529.3
630
548.6
647.2
624.1
607.5
680.7
676.8
723.4
747.8
742.1
771.9
778.8
889.7
812.1
909.2
937.6
967.6
982.8
1009.8
1004
1108.8
1123.5
1138
1212.8
1267.1
1408.3
1575.9
1640.1
1819.7
1935.3
2229.9
2471.9
2818.5
3234.4
3801
4315
4795.6
5178.7
5338.3
5567.4
5638.6
5690.4
5833.8
5914.9
6041.6
6215.4
6174
5929.9
5603.3
5245.4
5105.4
4996.2
4987.2
5380
5875.4
6480.1
7042.7
7653.5
7953.4
8078.7
8210.9
8316.8
8397.3
8633.5
8494.8
8739.1
8759.8
8413.6
7925.5
7416.3
6765.3
6427.6
6062.7
6129.5
6463.2
7030.6
7569
8227.9
8795.5
8979.3
9280.9
9224.8
9261.2
9357
9592.6
9701.8
9738.6
9886.6
9568.7
8974.4
8083.6
7380.9
6790.1
6415.3
6251.6
6587.6
7095.4
7684.3
8382.9
9108.7
9532.1
9699.7
9661.6
9666.3
9686.9
9786.5
10030.6
10129
10333
10276
9735.9
8951.4
7854.4
7137
6386.7
5988.3
5985.1
6235.5
6631.3
7118.1
7682.5
8344.1
8839.2
9074.4
8971.1
8782.4
8754.6
8630.9
8958.3
9189.5
9193.5
9287.8
9007.3
8439.6
7243.2
6445.1
5794.9
5439.9
5219.9
5482.2
5828
6334.6
6792.2
7409.2
8095.5
8420.7
8629.8
8472.6
8199.8
8149
8124.1
8498.7
8725.8
8858.7
8872.4
8821.5
8266
7221.8
6224.3
5562.5
5202.4
4974.5
5140.5
5427.7
5687.6
6089.6
6544.5
7162.7
7608.4
7814.9
7834.9
7442.8
7172.1
7044.9
7059.4
7485.8
7478.3
7422.5
7313.5
6977.8
6434.8
5553.3
4451
3759.4
3316.2
3169.9
3100.1
3017.9
3150.6
3236.7
3352.2
3614.2
3896.2
4209
4041.2
3882.2
3689.6
3658.9
3636.6
3974.5
4110.7
4184.9
4049.7
4141.2
3746.6
3171.4
2537.5
2234.5
2004.3
2024.3
2063.3
2128
2160.5
2284.8
2446.5
2529.2
2811
2957.2
2923.2
2678.1
2628.4
2552.3
2579.4
2554.1
2596.4
2704.3
2540.1
2490.3
2482.7
2311.7
1897.1
1662.6
1489.8
1442.5
1542.6
1542.1
1535.9
1668.5
1873.4
2058.3
2288.2
2597.5
2881.8
3209.3
3402.7
3520.5
3482.7
3313.5
3252.2
3330.7
3463.4
3470.4
3538.8
3428.9
3281.5
3230.2
3208
3011.9
2627.2
2286.7
2092.7
2136.6
2225.1
2248.1
2279.3
2374.5
2654.6
2986.3
3371.8
3800.2
4303.7
4863.4
5308.7
5711.8
5926.9
5932.5
5600.3
5405.4
5394.9
5622.8
5803.4
5913.3
5922.2
5594.2
5320.6
5379.8
5303.3
4648.6
3703.5
3237.8
3243.3
3389.4
3318
3269.4
3383.1
3534.7
3959.7
4329
4943.1
5516.9
6301.4
7030.9
7781.6
8204.8
8564.2
8534
8131.3
7653.4
7710.3
8102
8255.1
8642.7
8656.5
8184.9
7644
7608.5
7753.3
6945.3
5538.7
4533.1
4635.4
4757.8
4764.2
4652.6
4502.5
4605.2
5030.3
5478.8
6061.3
6901
7683.3
8667.9
9577.3
10413
10970.7
11541.6
11198.7
10665
10002.4
10185.9
10864
11056.8
11469.7
11600.1
11132.7
10355.6
10224.1
10428.6
9403.3
7607.5
5960.5
5860.3
6135.5
6246.2
6020.3
5951.7
5973.6
6345.3
6978.5
7680.5
8604.6
9477.2
10827.6
12066.6
13133.6
14060.7
14938.1
15302.5
15011.6
14087.9
13395.1
13806.2
14450.3
14665.4
15495.8
15427.1
14844.2
13923.8
13576.6
13824.8
12797.8
10365.7
8113.9
8000.3
8453.3
10170.4
14621.8
18329.7
19001.7
15524.5
11514.3
10705.6
11397.6
12488.6
13755.4
15374.7
16874.6
18263.8
19206.2
20058.4
20240.7
19717.4
18506.6
17949.7
18538.1
19312.3
19753.6
20471.9
20415.3
19842.8
18493.1
18131.9
18055
16490.3
13340.5
10472.5
9638.4
9553.1
9439.2
9254.8
8898.7
8559.8
8438.9
8758
9440
10206.8
11272.7
12300.1
13733.1
15065.6
16304.4
17283.4
18332
18810.6
18876.4
18047.8
17126
16782.7
17154.3
17580.2
18176.7
18481.6
18411
17631.6
16749.3
16215.5
15902.4
14444.9
11918.9
9466.9
8179.7
7715.1
7518.3
7227.3
6883
6602.8
6184
6306
6403.8
6876.9
7409.7
8011.4
8754.8
9663.1
10614.2
11273.9
12008.9
12604.7
12803.4
12688.4
12442.6
11813.9
11685.6
11637.8
11915.2
12241.4
12419.1
12344.9
11897.3
11492.8
11088
10570.5
9504.3
8031.2
6636.5
5461.2
4850.8
4509.9
4180.2
3847.5
3631.3
3278.5
3112.3
3023.7
3020.6
3131.2
3322.7
3639.8
3895.9
4166.7
4573.5
4771.5
5022.1
5227.8
5319.9
5218.4
5120.6
4980.3
4825.2
4838.4
4891.4
5030.1
4943
5018.5
4819.6
4754.8
4446.1
4272.9
3828.2
3345.6
2791.5
2269.4
1998.7
1718
1445.4
1253.7
1127
964.7
825.4
727.2
564
599.6
487.3
460.5
478.4
386.9
414.7
384.8
469.2
437.1
414
411.9
354
344
363.7
379.5
393.8
423.6
353.8
361.7
358.9
489
418.1
389.6
464.7
505.1
510.8
450.4
584.8
492.2
423.9
451
480.4
473.9
591.1
531
589.6
577.1
616.6
815.5
776.9
820.5
696.7
696
764.4
792.9
807.7
753.4
819.2
854.5
987.7
904.4
928.5
977
1025.6
1153.4
1165.1
1253.8
1296.5
1429.2
1548.6
1858.9
1929
2034.5
2232.8
2526.9
2685.9
2839.6
3154.1
4382.6
5836.5
5588.6
4133.1
1860.8
1332.4
1289.7
1321.4
1367.3
1606.5
1590.6
1707.1
1886.1
2107.2
2327.4
2697.6
2975.9
3330.3
3849.1
4229.6
4794.4
5351
6121.5
6792.9
7673.7
8531.5
9443.1
10476.2
11573.6
12699.2
13884.9
15071.6
16618
20552.2
26625.8
30352.2
28104.5
19140.3
9927.5
5432.9
3870.5
3465.9
3138.3
2928.3
2747.5
2675.5
2435.5
2413
2500.6
2435.5
2560.5
2501.1
2735.9
2649.8
2823.2
2929.9
3179.2
3370.6
3629.7
3947.9
4280.1
4594.2
4998.8
5422.8
5845
6212
6637.6
7061.6
7243.4
7559.1
7624.3
7995.2
7984.5
8157.1
8138.4
8246.3
8328.9
8356.8
8383.6
8333.2
8350
8351.1
8217.1
7921.5
7791.3
7541.5
7358.8
7012.8
6656.4
6376.6
6074
5828.1
5604.5
5367.4
5156.2
4948
4963.2
4951
5190.6
5218.8
5511.5
5911.5
6168.8
6658.5
7076.1
7778.1
8289.8
8991.4
9694.3
10484.9
11341.5
12151.8
13151.2
13818.5
14378.3
14626.8
14836.9
15041.5
15280.4
15350
15291.6
15237.4
15258.1
15310.9
15237
15109.2
15081.8
14991.9
14967.1
14560.5
14210.8
13838.5
13569.3
13216.1
12844.5
12420.6
11933.1
11612.6
11383
11036.4
10922.4
10843.5
11068.1
11090.6
11326.7
11251.3
11407.6
11314.9
11170.5
11036.1
10996.7
11071.3
11235.5
11414.4
11594
12070.1
12547.2
13409.3
14338.4
15141.3
16152.8
17061.5
17915.6
18682.7
19321.5
20100
20774.4
21353.8
21964.6
22295
22946
23594.1
24024.8
24272
24531.6
24990.1
25577.1
26019
26503.8
26769.7
26945.1
26893.7
26543.5
25843.5
24628.7
23311.3
21630
20055.6
18568.7
17027.3
15478
14181.6
12604.8
11415.7
10341.8
9590
9107.5
8951.1
8953.9
9195
9538.9
9915.6
10500.3
11062.5
11797
12686.2
13707.4
14621.6
15798.9
16925.1
18167.6
19244.7
20425
21633.5
22652.7
23676.5
24927.8
26096.8
27313.8
28614.9
29826.5
30830.5
31449.4
31915.5
31908.5
31458
30844.2
30018.1
28723.5
27448.8
26175.9
24837.1
23418.4
21776
20092.1
18376.7
16848.2
15159.5
13710.7
12519.9
11607.3
10667.9
9932.3
9320.1
8823.9
8359.8
7957.2
7665.2
7531.9
7284
7348.3
7413.2
7581
7825.6
8218.8
8459.3
8889
9297.7
9964.6
10715
11264.2
11911.3
12617.6
13446.6
14000.2
14507.8
15024.8
15344.7
15740.5
16135.3
16402.9
16550.2
16799.7
16991.3
17099
17095.9
17121.2
17062.3
16917.8
16786.5
16553.9
16334.2
15725.5
15362.1
14987.8
14550.8
14302.7
14095.2
14007.8
14076.5
14187.3
14231.5
14098.4
14039.5
13759.4
13519.2
12832.6
12442.8
11324.3
10799.5
10186.3
9589.7
9026.4
8426.8
7794
7148.2
6618.2
6036.9
5485.8
4893.6
4252
3684.2
3251.5
2908.1
2609.1
2450.4
2307.5
2277.6
2186.5
2275
2220.9
2335.5
2327.5
2412.8
2475.1
2587.3
2761.3
2906
2935
3110.3
3267.2
3347
3590.7
3822
3980.3
4082.5
4204.5
4268.9
4336.2
4310.7
4291.5
4237.9
4152.7
4007.8
3863.1
3812.7
3565.4
3394.4
3232.9
3148.9
2880.1
2881.6
2419.8
2230.4
2102.8
1983.8
1743.9
1594.4
1419.1
1387
1346.5
1270
1331.6
1365.3
1370.2
1330.5
1381.6
1453
1585.2
1673.5
1739.8
1858.1
2013.9
2141.3
2280.5
2487.3
2723.4
2965.6
3094.9
3440.4
3701.9
3936.5
4215.5
4367.5
4521
4567.2
4623.2
4721.7
4616.5
4629
4549.1
4488.5
4393.8
4274.3
4092.8
3882.9
3729
3593
3354.3
2994.1
2777.6
2604.4
2340.5
2112.4
1945.5
1696.6
1458.3
1442.3
1259.1
1230.1
1151.1
1126.4
1113.2
1098.4
1107.8
1063
1114.9
1087.1
1082.9
1103.4
1127.2
1192.7
1188
1291.9
1370.6
1368.8
1509.7
1543.1
1669.5
1806.4
1920.3
2079.8
2341
2651.9
2709.3
2850.9
2854.6
2845.6
3051.5
3023.9
2850.1
2844.9
2855.9
2904
2874.6
3072.1
2594.5
2520
2463.2
2321.5
2087.3
1882.3
1801.6
1657.7
1485.2
1338
1170.7
935.3
870.3
767.1
733.8
644.1
580.1
609.8
685
631.3
622.3
626.2
610.9
640.4
452.3
591
559.5
486.5
598.5
511.4
432.9
445
439.4
426.1
374.1
350.8
289.7
241.4
258.4
259.6
246.7
167
267.3
132.8
181.4
161.9
200.7
62.9
227.1
73.8
143.1
175.1
194.2
166.9
264.8
237.8
279.7
247
309.8
379.7
366.8
437.7
510.1
463
467.7
489.3
419.2
379.6
457.7
386.5
445.8
399.3
379
401
301.8
243.6
260.7
325.8
286.2
231
307.4
150
125
343.1
108.8
101
130.6
62.4
85.2
57.3
50
14.5
0
73.8
81.1
85.6
267.7
89
24.9
31.4
88.4
115.9
82.6
80
94.2
135.1
148.8
143.6
127.9
202.2
217.8
244.1
187.6
247.7
339.9
347.4
348.8
350.4
379.9
388.7
364.5
363.5
369
357
335.6
269
325.9
311.1
222.2
217.2
210.4
179
151
211.6
209.8
160.1
226.4
264.8
344.1
491.7
647.9
765.9
727.9
653.2
585.5
645.9
602.3
650.4
637.9
742.1
674.4
538.9
448.9
506.6
407.4
497.4
369.6
345.7
363.8
291
306.4
278.5
270.7
289.2
267.4
293.9
313.6
290.8
498.5
338.5
308.8
300.6
267
355.4
360.8
273.6
366.1
358.1
436.6
462.9
415
367.8
412.9
360.1
302.1
367
269.9
297
223
159
189.2
193.1