6635.2
5087.2
3171
1677.4
1380.4
1552.9
1845.8
2263.4
2881.1
3590.6
4591.3
5720.8
7170.4
8941.7
11072
13776.5
16788.9
19562.8
21047.5
18586.2
12741.3
6928.5
2817.9
2056.9
2197.4
2439.8
2969.2
3532.5
4291.8
5505.8
6648.4
8300.8
10454.7
12983.7
15918
19515.6
23895.6
29021.5
33185.4
34343.8
28140.4
17811.3
8334.3
2309.6
1411.5
1179.6
1093.7
1175.3
970.7
893.1
882.8
1013.6
922.7
1031.6
1157.3
1291.3
1495.8
1768.3
1956.9
2363.5
2524.8
2664.2
2228.7
1706.7
1172.9
916.8
1009.2
1124.1
1354.7
1644.4
2191.1
2847
3558.7
4304.3
5207.8
6004.4
6450.5
6195.8
4739.4
3131
1776
1485.5
1431.9
1698.7
1800.4
1825.5
2179.5
2505.9
3057.7
4057.6
5443.9
6712
8201.2
9816.1
12053.1
14368.8
15719.8
15167.5
11570.4
7350.6
3662.8
1966.3
1920.6
1965.5
2209.7
2509.3
2985.1
3521.6
4313.8
5049.9
6149.8
7567.3
9227.2
11189.9
13535.4
16256.6
19447.3
23605.2
28177.3
30695.8
29783.6
23105.4
14854.3
7485.3
2636.4
1991.3
1843.8
1987.7
2109.4
2343.1
2715.7
3145.4
3776.6
4360.9
5317.9
6351.9
7614.9
9181.8
11134.6
13364.2
15761.9
18520.1
22126.2
26846.5
30605.1
31335.1
27933
20089
12091.7
5436.9
2572.3
2310.7
2395.4
2629
2896.3
3388.6
3722.1
4386.1
5109.4
5453.1
5391.9
4571.1
3364.7
2407.5
1590.6
1399.2
1481.2
1610.7
1829.3
1924.3
2266.8
2724.3
3318.9
3989.8
4723.3
5373.1
6115
7337
8430.5
9032
8736.8
7083.6
4962.2
2841.9
1474.2
1177.8
1167.7
1188.5
1343.5
1393.3
1505.3
1595.1
1709.9
2007.8
2378.4
2877.8
3677
4573.8
5588.6
6635.7
7712.6
8965.4
10671.8
12594.3
13541.6
13112.7
10760.6
7340
4259.6
1976.5
1341.7
1398
1430.8
1397.4
1459.4
1648.5
1658.9
1786.7
1971
2220.6
2451
2841.1
3307.8
3816.4
4434.3
5254.9
6081.8
7133.9
8121.5
9430
11172.3
13391.9
14961.3
14997.2
13505.5
10094.5
6422.2
3222.1
1275.5
918.3
803.7
795.3
724.9
902.7
935.2
989
1037.2
1114.5
1196.4
1342.2
1486.2
1721
1947.6
2182.4
2536.9
2905.3
3352
3940.8
4519.8
5216.6
6047.4
7148.5
8595.8
9839.8
10526.4
10466.2
9332.3
7599.7
5744.5
4185.9
3443.6
2885.8
2225.9
1708.8
1027.8
843.4
744.5
693.1
720.4
782.9
827.1
865.2
952.4
1029.9
1146.8
1320.2
1593.7
1803
2047.5
2356.5
2640.5
2945.6
3535.7
4145.1
4151.4
4202.8
3500.6
2622.3
1622.1
790.1
448.2
375.2
414.2
425.2
378.5
469
495.6
523.2
800.6
577.2
642.1
670.8
758.1
1024.3
923.8
1153.8
1449.2
1696.1
2054.7
2319.1
2682.7
3126.3
3707.7
4400.1
5304.9
5441.4
5256.5
4609
3495.2
2328.3
1381.2
949.8
931.1
922.2
951.3
937.2
797
759.3
658.1
616.3
648.5
640.7
669.8
767.4
796.6
826
917.2
1185.7
1145.6
1308.5
1513.2
1680.4
1916.6
2212.2
2480.6
2877.6
3191.9
3714.9
4375.8
5081
5317.1
5181.7
4641.2
3641.8
2527.7
1466.1
693.7
475.4
484
497.7
474
513.3
572.9
590.8
575.7
581.8
666.8
672.4
712.5
716.1
747
794.7
891.2
1066.7
1097.8
1264.1
1435
1656.5
1853.9
2215.3
2504.5
2848.2
2943.6
3003.5
2940.8
2767.6
2695
2777.3
2972
2997.3
3008.7
2686.5
2257.2
1675.6
1066.7
674.3
531.3
492.7
555.3
583.1
588.4
682.5
719
825.5
958.5
1105.2
1163.4
1286.4
1430.5
1616.5
1909.8
2192.1
2455.8
2381.1
2269.5
2069.9
1624.8
1116.1
660.7
489.4
385.8
379
344.9
385.4
374.5
477.9
390.2
405
458.9
456.7
451.1
573.9
518.4
484
488.1
555.7
523
534.7
588.1
682.2
771.6
987
1040.7
1245.3
1352.7
1494.2
1665.7
1884.6
2222.2
2556.9
2902.8
3066.3
2971.5
2864.8
2578.7
2270.5
1795.6
1536.5
1409.2
1485
1320.4
1205.4
1077.1
816.9
671.7
473.5
460.9
325.9
340.6
540.9
694.4
895.4
961.2
1060.1
1020.8
987.8
856.4
691
671.8
706.2
761.9
795.2
888.1
861.6
1011.7
1119.5
1142.7
1301.2
1381.6
1440
1552.7
1690
1875.5
2098.4
2159.3
2141.7
2015.6
1747.2
1543.9
1202.2
812.8
575.8
477.7
437.6
406.1
456.9
411.1
435
423.7
463.1
413.5
494.7
554.5
584.6
614.5
649.9
770.9
844.6
856
841.1
882.2
728.4
661.8
557.1
450.5
352.6
299.7
294.2
442.1
394.3
396.8
481.8
482.1
513
540.4
623.1
634.6
678.4
760.9
745.5
781.5
900.8
948
919.6
913.3
935.5
935.5
846.4
750.8
710.3
669.7
742.6
795.2
808.1
968.6
1024.2
1085.2
1122
1095.2
1088.8
1071.8
947.3
808.5
689.3
611.1
581.9
469.1
443.1
443.5
449.1
408.1
366.8
453.3
370.8
356.1
369.6
325
365.6
386.3
402.6
553
450
491.2
503.3
521.9
582.9
648
674
635.2
728.6
774.2
786.2
876
866.5
906
1105.1
1076.3
1168.9
1149
1345.7
1332.9
1467.2
1537
1684.5
1825.6
1871.9
1841.7
1872.1
1953.7
1857.7
1836.3
1763.8
1628.4
1479
1369.4
1218.3
1142.2
960.1
808.4
756.1
684.9
627.8
600.8
645.8
591.3
510.8
393.8
376.9
361.4
367.1
453.4
506.6
598.2
460.3
402.5
462.9
388
388.9
406.8
365.1
352.9
345.1
371
411.4
379.5
377.5
418.1
428
395.6
395.6
499.8
399.3
328.3
373.8
434.9
343.5
395.9
565.1
616.3
573
611.9
613.7
576.2
556.5
597.9
456.1
455.6
512.1
522.5
637.1
698.7
890.9
902.2
998.5
1144.9
1248
1359.2
1451.2
1542.1
1629.4
1666.8
1719.9
1767.8
1818.4
1853
1869.6
1850.8
1908.9
1948.5
1874.8
1876
1854.1
1888
1907.6
1916.9
1971.4
2018.2
2037.2
2036.5
2061.1
2085.1
2037.6
1928.6
1905.4
1849.6
1879.6
1805.5
1923.2
1805.6
1903.7
1851.3
1895.8
1935.7
1950.2
2017.2
2030.2
1992.2
2054.4
1951.8
1923.7
1839.7
1932.9
1875.9
1930.7
1861.3
1845.5
1858.8
1821.4
1771.5
1771.2
1764.4
1750
1633.3
1548.8
1446.2
1375.3
1363
1298.3
1370.4
1314.2
1308
1400.7
1445.1
1477.9
1507
1538.6
1564.4
1540.2
1493.9
1461.3
1380.4
1350.2
1291.6
1221.9
1181.1
1131.6
1059
1054
1081.4
1125.9
1122.7
1156.8
1261.1
1217.5
1164.3
1152.7
1149.3
1135.7
1085.7
1163.8
1087.9
1096.3
1082.2
1028.7
1001.1
1032.9
1035.9
1126.2
1195.1
1250.5
1259
1245.3
1247.9
1299
1265
1269.4
1160.1
1247.8
939.6
819.6
795
618.9
557.2
531.6
505.6
526.4
529
608.1
511.8
613.5
589.2
605.2
620.4
598.8
671.4
667.6
707.5
696.5
705.9
839.6
779.2
856.7
865
915.3
916.4
980.6
1010.7
1047.2
1121.6
1083.3
1139.4
1138.3
1189.3
1277.4
1286.9
1360.2
1425.4
1601.4
1692.3
1906.7
2085.3
2363.5
2669.1
2979.8
3523.6
4018.1
4682.9
5147.8
5395.4
5526
5648.6
5707.6
5838.6
5960.7
6034.2
6216.2
6258
6165.3
5855.2
5425.3
5265.1
5026.7
4924.1
5153.2
5659.4
6170.9
6811.9
7536.4
8031.9
8222
8379.9
8260.9
8376
8549.2
8592
8777.9
9108
8802
8453.5
7634.7
7028.2
6505.1
6196
6051.1
6275
6756.5
7224.9
7968.8
8639.5
9095.8
9361.2
9351.1
9374.5
9332.6
9523.2
9745.7
9808.7
10162.3
10016.2
9500.6
8769.6
7681.3
7063.6
6517.6
6311.3
6479.7
6974.7
7487.9
8067.6
8753
9569.8
9917.3
10047.8
9881.4
9794.5
9889.6
10073.3
10249.8
10374.9
10500.7
10424.1
9724.5
8711.5
7609.3
6721.2
6172.6
5926
6126.5
6459.3
6910
7492.3
8169.1
8818.7
9336.7
9265.6
9053.2
8835.2
8784
8957.7
9338.7
9340.9
9305.6
9463.5
8926.2
8317.8
6964.6
6115.5
5472.1
5296.9
5343.5
5747.1
6098.2
6542.8
7306
7910.3
8661.4
8920.3
8930.7
8667.1
8320
8323.7
8447.7
9055.3
9051.9
9135.8
9128.5
8859.2
8316.3
6933.1
6010.1
5323.9
5096
5231.8
5479.9
5808.3
6087.9
6585.1
7206.2
7799.3
8124.4
8193.1
7891.9
7519.2
7316
7278.9
7644.8
7924.1
7756.2
8039.5
7599.9
7356
6471.9
5157.8
4282.9
3510.9
3493.2
3358.1
3220.5
3158.6
3228.9
3577.4
3583.1
3915.7
4153.4
4229
4095.3
3889.2
3754
3853.9
3939.1
4455.5
4290.2
4253.6
4180.2
4044.7
3729.9
2977
2462.8
2091.2
2054.6
2210
2214.6
2163.9
2256.5
2374.4
2560.2
2699.7
2895.2
3000.2
2895.6
2706.2
2551.1
2605.3
2586.9
2632.3
2739.9
2637.3
2529.9
2522.2
2486.7
2202.3
1897.6
1599.4
1454.8
1473.3
1525.5
1539.2
1627.5
1733.2
1922.2
2207
2436.5
2764
2990.1
3286.5
3532.1
3548.4
3540.6
3221.2
3277.4
3273.1
3363.8
3500.4
3549.2
3348.1
3232.5
3326.7
3166.1
2863.4
2401.8
2154.1
2111.4
2204.1
2231.7
2238.6
2317.1
2545
2868.7
3194.3
3631.1
4115.1
4621
5223.9
5537.8
5961.2
5998.5
5836.9
5564.1
5346.7
5500
5712.1
5918.1
6075.8
5876.6
5541.5
5337
5485.2
5089
4294.5
3411.7
3197
3373.5
3368.2
3322.9
3245
3362.1
3642.8
4163
4628.9
5315.5
5892.6
6706.5
7458.2
8019.2
8541.2
8678.9
8374
8010.4
7672.8
8053.7
8226.1
8503.5
8816
8587.2
8125.3
7695.3
7879.3
7599.9
6528.3
5008.4
4583.4
4730.7
4832.2
4746.8
4565.3
4567.8
4775.1
5343.1
5838
6523.4
7322.5
8238.7
9351.5
10219.9
10907.9
11551.1
11616.4
11263.3
10586.1
10219.4
10776.6
11130.5
11512.3
11933
11544.8
11062.2
10523
10624
10360.7
8967.4
6931.8
5974.1
6093.4
6347.7
6270.9
6064.4
6025.6
6175.4
6769.3
7454.4
8309.6
9170
10330.5
11649.4
13000.1
14073.2
14799.1
15587.5
15566
15014.4
14093.7
14000.2
14522.6
15038.6
15641.2
15880.3
15580
15001.8
14251.9
14289.7
13915.1
12134.4
9734.6
8541.7
8615.3
9775.8
13442.1
18738.7
21390.1
20259.2
15209.8
12040.3
11779.4
12489.2
13646.6
14933.3
16651.4
18100.3
19500.8
20404
21049.8
20818.3
20093.9
19020.7
19102.1
19647.6
20367.7
21049.6
21307.4
20860.2
19985.5
19218.5
19038.3
18167.8
15816.6
12533.8
10570.9
10008.5
9905.2
9697.3
9405.7
8970.4
8667.9
8846.9
9286.3
10139.7
11049.6
12207.5
13371.8
14754.9
16074
17541.3
18440.5
19234.7
19506.9
19169.7
18542.9
17900.3
17712.9
17988.7
18531.4
18884
19091.2
18776.4
18070
17458.2
16913.5
15892.6
13815.5
11312.8
9424.7
8346.9
8013.9
7655.3
7412.8
6930.9
6665.8
6495
6597.2
6816.6
7287
7928.2
8611.9
9464.5
10354.5
11253.4
11904.8
12735.8
13069.1
13315
12946.9
12637.5
12303.9
12174.2
12286.3
12569.4
12676.5
12881.2
12513.3
12171
11780.9
11326.2
10449.6
9240
7906.7
6444.3
5483.3
4960.5
4553.3
4226.3
3940.7
3552.4
3278.1
3158.2
3224.5
3232.9
3341.6
3699.9
3798.5
4132.9
4418.3
4755.9
5015.9
5266.1
5399.8
5358.1
5372.1
5285.3
5204.1
5005
5160.8
5107.6
5216.4
5145.7
5110.4
4938.3
4854.3
4573.8
4203.8
3797.4
3355.2
2691.1
2239.8
1905.8
1670.8
1473.6
1306.1
1064
1020.4
788.3
675.2
635.7
510.5
514.1
450
496.1
469.8
434.9
415.2
392.4
373.1
343.7
367.4
392.3
422.4
357.2
400.9
369.2
471.1
365.8
367
392
430
450.7
391.4
588.3
481.5
438.8
467.5
512.9
441.7
560.8
485.4
492.5
467.4
524
605.3
565.8
644.6
637
770.3
888.1
828.2
756.7
653.4
710.9
741.6
880.3
793.8
838.6
857.6
883.8
1030.3
966.9
1007.5
1025.8
1156.4
1178.8
1426.6
1436.4
1515.4
1650.3
1879.5
2073.7
2202
2417.6
2642.9
2831.7
3069.9
3649.3
5281.3
6028.6
5399.5
3241.8
1504.3
1418.5
1276.5
1334.3
1413.9
1558.3
1675.2
1899.4
2025.4
2257.1
2593.1
2809.9
3229.3
3600.5
4164.4
4599.7
5224.1
5880.6
6576.2
7381.1
8277
9192.5
10357.1
11556.4
12648.3
13801
15172.4
16656.8
19320.3
24285.1
29683.9
30803.1
25720.3
16412.9
8885.8
5151.4
3932.1
3494.2
3078.4
2877.2
2818.9
2609
2660.4
2505.1
2633.2
2451.8
2520.6
2529.1
2665.6
2769.1
2945.3
3103.1
3371.1
3602.8
3858.8
4138.4
4499.1
4887.1
5337
5803.4
6162.8
6626.1
6995.7
7422.4
7524
7818
8045.6
8226.6
8380.7
8394.1
8546.6
8638.9
8690.8
8688.3
8677.2
8601.3
8677.9
8597.1
8440.3
8163.3
7883.2
7773.9
7402.5
7221.3
6828.9
6544
6254.7
5921.3
5656
5410.8
5345.5
5196.5
5116.8
5272
5326.9
5542.7
5745.9
6194.5
6524.4
7003.5
7590
8207
8800.3
9551.6
10326.8
11179.3
12026.6
12807.1
13676.4
14371.8
14924.6
15203.3
15571.6
15637.1
15778
15828.3
15735.8
15803.5
15874.7
15874.6
15721.7
15668.2
15679.5
15586
15432
14969.2
14718.6
14319.8
14013.6
13594.3
13172.5
12632.8
12410.7
11940.1
11634.4
11406.5
11306.7
11374.5
11473.3
11543.1
11492.6
11652
11722.4
11674.5
11585.9
11441.7
11379.8
11536.5
11630.4
11827.2
12289.8
12686.5
13333.5
14203
15014
16058.6
16966
18058.8
18830.6
19525.9
20359.6
20997.4
21683.7
22309.9
22971.7
23341.9
23937.1
24464.3
25050.9
25322.6
25754.9
26281
26985.1
27388.5
27786.1
27916
28092.3
27902.7
27224.6
26541.4
25100.6
23550.1
21936
20543.4
18864
17424.3
15878.3
14438
12902.8
11686.4
10533.4
9863.1
9525.4
9422.3
9457.5
9644
9977.3
10456.7
11213
11697.8
12539
13543.1
14560.7
15565.1
16664.2
18087.6
19221.3
20450.5
21669.3
22803.8
23921.9
25141.7
26415.4
27660.1
29000.6
30507.1
31772
32647
33051
33352
33060.6
32552.3
31907.7
30844.5
29459.3
28171.3
26917.9
25549.3
24157.8
22423.5
20654.7
18806.7
17175.2
15458.8
14141
12811
11851.1
10947.9
10207.7
9553.6
9067.5
8555.4
8155.2
7811.1
7678.9
7653.1
7770.4
7770.4
7928.8
8141.8
8487.3
9040.4
9421.4
9887.3
10533.5
11378.5
11970.5
12704.8
13353.9
13977.7
14666.1
15177.5
15740
15904.3
16419.2
16812.8
17017.7
17166.7
17418.1
17654.5
17772.3
17900.6
17835.9
17798
17446.6
17375.6
17143.7
16751.5
16361
15819.3
15359.4
14986.4
14617.9
14382.8
14129.1
14107.2
13939.3
13867.4
13424.6
13613.7
12926.1
12476.2
11776.2
11031.5
10383.8
9687.3
9087.8
8523.3
8031.1
7467.1
6917.2
6319.6
5813.3
5339.6
4944.6
4419.8
3796.9
3357.3
2993.1
2745.1
2515.8
2378.4
2241.5
2249
2201.1
2215.8
2283
2341.1
2375.5
2512.3
2507.4
2685.5
2847.3
2873.1
3050.6
3203.6
3306.8
3434.5
3766.3
3951.1
4064.7
4133.4
4180.9
4284.7
4348.8
4437.6
4395.9
4411.3
4191.4
4028
3908.7
3815.3
3627.3
3631
3232.4
3151.5
2910.7
2767.7
2478.1
2271.3
2104.9
1996.1
1783.4
1586.1
1511.2
1435
1423.2
1319.9
1281
1317.9
1391.6
1427.5
1457.4
1517.7
1615.7
1712.9
1824.3
1968.6
2099.7
2311.7
2338.2
2578
2784.6
2992.2
3418.1
3630.2
3930.9
4129.6
4331.9
4663.5
4620
4731.3
4779.3
4767.9
4791.3
4789.3
4812
4585.9
4526.8
4448.1
4225.6
3981
3927.4
3712.3
3362.3
3043
2889.7
2662.4
2357.7
2216.1
1896.5
1727.4
1538
1391.6
1349.2
1277.7
1263.8
1175.2
1229.1
1161.2
1117.1
1067.1
1077.9
1119
1073.1
1173.7
1188.3
1219.6
1295.2
1266.5
1408.7
1458.4
1528.7
1649.1
1840.1
2056.3
2102.8
2272.9
2406.4
2637
3000.4
3036.8
2999.7
2987
3016.1
3079.1
3090.2
3366.6
2956.5
3034.1
2960.9
2856.4
2740.1
2672.4
2681.6
2442.8
2138.5
1917.4
1825.9
1658.4
1560.1
1314.6
1185.5
1000.2
819.3
756.2
762.3
688.4
660.6
648.5
663.2
696.5
524.5
619.3
574.2
545.9
657
540.5
496.9
496.6
468.5
489.7
490.9
455.3
391.9
332.7
363.5
374.1
342.3
278.5
373
211.2
246.8
206.1
198.2
95.1
226.9
96
134.9
150.7
159.8
123.2
192
172
229.5
171.8
188.6
271.6
249
314.6
373.8
344.2
392.7
442.7
438.3
368.7
453.8
435.3
485.6
461.8
415
423
356.2
347.5
363.1
424.2
365.7
320
434
237.3
236.4
452.2
177.6
157.8
202.1
98.1
77.3
87.2
51.9
31.2
4.9
71
101.3
94.2
243.2
85.3
8.3
28.8
31.8
112.3
43
0
57
87.4
128.3
104.2
79.5
132.7
156.9
155.5
138
174.3
256.1
213.1
223.9
230.7
311.2
367.4
359.9
351.2
404.3
386.6
417.4
348.8
427.7
372.6
267.7
247.6
284.9
233.6
226.7
309.4
245.7
191.8
162.2
142.3
96.6
148.8
208.7
324.3
346.6
400.6
485.1
594.5
513.8
543.7
506.9
588.8
553.7
487.1
507.9
553.7
459.9
566.9
433.9
458.5
415.8
361.2
374
303.6
296
276.5
255.2
315.7
315.6
289.1
492
307
236
302.6
269.2
327.6
374.3
276.8
334.2
329.8
378
420.2
375.3
338.5
413.3
393.8
380.6
409.1
330.2
375.1
305.1
279.3
310.1
330.2
248.1
290.4
NaN
NaN