NaN
5388.9
3572.4
1923.7
1298
1352.5
1605.2
1930.4
2367.4
2944.1
3759.4
4763
6004.3
7592.4
9317.5
11519.1
14187.1
16906
18997.5
18528.3
13912.2
8240.3
3747.1
1878.6
1869
2162.4
2426.9
2885.3
3532.5
4424.2
5492.5
6887.9
8779.2
10739.8
13372
16345
19959.9
24448
29006.1
31281.1
28533.8
19803
10671
3518.2
1352.6
1126
1056.7
952.7
891.3
874.9
982.3
834.1
823.2
888.4
1077.4
1116.7
1319.5
1507.6
1751.5
2092
2448.3
2406.6
2280.6
1728.9
1298.1
945.4
946.8
989.6
1160.9
1423.7
1853.9
2465.4
3030.6
3741.4
4560.9
5333.1
6037.7
6077.7
4961.3
3479.8
2104.4
1318.1
1210.3
1343.9
1627.8
1673.4
2001.5
2248.4
2556.9
3386.7
4457.3
5685.5
7116.7
8668.7
10364.5
12448.9
14031.5
14329.9
12039.5
8151
4669.6
2181.3
1650.7
1792.4
2003.3
2292.1
2557.7
3047.9
3597.4
4412.2
5266.5
6455
7818.5
9545
11631.2
13893
16531.8
20167
24596.4
27476.2
27737.2
23612.7
16320.5
9178.4
3502.5
1856.2
1707.8
1704.8
1928.3
1995.8
2364.5
2630.1
3139.4
3713.8
4496.7
5448.9
6478.6
7887.5
9439.2
11262.8
13394.6
15912.4
18837.8
22957.5
26794.5
28475.8
26564.8
20960.1
13457.2
7051.5
2802.3
2186.4
2182.9
2418.2
2589.4
2938.5
3351.4
3958.5
4745.4
5137
5149.1
4614.2
3570.7
2463.6
1661.6
1311.5
1349.1
1388
1495.3
1677.2
1983.4
2465.3
2848.8
3457.6
4164.4
4826.1
5517
6528.2
7676.6
8380.9
8384.3
7236.8
5359.4
3386.4
1758.9
1175.7
1085
1125.4
1176.9
1264.6
1324.2
1494.7
1568.8
1734.8
2025.6
2475.2
3164.1
3979.1
4883.2
5842
6756.9
7816.9
9406.7
11203.4
12199.5
12156.9
10751.9
7996.3
4911
2426.9
1342.2
1249.4
1301.6
1286.4
1398
1473.6
1486.5
1622
1898.9
1996.1
2218
2509.1
2908.4
3331.7
3893.9
4569.3
5302.8
6147.6
7202.1
8269.4
9836.5
11651.6
13211.3
13657.2
12728.3
10337.4
6967.6
3882
1525.1
821
797.1
716.6
736
680.2
783.5
770.9
1011.6
1031.1
1114.5
1209.9
1350.8
1525.4
1765.5
1924.7
2301.9
2559.1
2914.9
3407.1
3931.2
4569.3
5309.1
6137.2
7299.7
8586.1
9356.6
9495.1
8816.3
7463.3
5857.4
4290.6
3307.8
2830.7
2200.3
1666.1
1048.2
766.1
867.5
680.2
740.4
710.2
692.3
706.6
774.8
889.4
1032.4
1141.2
1366.2
1555.2
1794
2075.9
2342.7
2672.1
3173.9
3738.1
3923.7
3875.7
3609.7
2699.2
1827.4
941.4
512.3
357.7
309.9
328.2
321.8
368.9
398
417.2
506.4
542.4
546.8
816.7
599.7
693.1
822.8
1042.4
1401.4
1453.4
1790.4
2116.5
2339.9
2749.1
3145.5
3858.1
4592.3
4923.5
4760.7
4535.8
3592
2480
1467.9
870.8
784
787.3
785.9
751.9
693.5
616.1
619.3
513.8
554.6
549.9
589.5
633.7
664.4
681.4
846
888.6
972
1115.5
1424.3
1437.5
1616.9
1874.6
2149.8
2440
2852.3
3239.1
3859
4407
4784.8
4643.5
4270.7
3616.2
2656.5
1585.3
798.3
476.9
460.7
396.2
420.8
430.9
484.9
475.9
506.8
515.7
564.7
554.9
610.3
695.9
698.2
763.5
788.3
872.5
956.7
1114.8
1364.8
1438.6
1669.7
1918
2308.8
2499.9
2647.5
2653.6
2719.3
2605.3
2487.5
2514.4
2621.8
2672.1
2634.8
2394.8
2092.5
1641.6
1076
687.5
579.6
422.3
481.7
480.9
474.1
575.8
639.8
711.4
806.3
906
1062.8
1188.8
1278.9
1434.5
1606.5
1990.2
2135.8
2188.4
2089.6
1928.6
1598
1138.8
731.8
393.7
270.2
270.9
320.2
314.5
303.7
279.9
317.9
327.2
433
299.1
339.1
385.9
401.5
421.5
493.1
436.3
379.4
433.2
561.6
530
649.2
748.9
887.4
991.1
1234.5
1283.3
1520.4
1645.5
1858.8
2219.3
2480.1
2635.2
2571.9
2494.1
2363
2025
1616.6
1277.6
1172.9
1084.7
1053.3
921.2
880.2
666.3
569
457.1
317
299.7
322.5
441.8
501.1
612.3
699.2
740.4
808.4
832.8
815.6
640.5
543.5
526.4
565.9
664.3
698.9
774.1
841.7
958.6
962
1122.9
1193.1
1231.3
1422.2
1489.4
1657.8
1803.2
1936.2
1873.3
1810.5
1639
1481.4
1208.9
798.3
585.8
426.8
354
349.1
360.6
354
347.5
374.3
345.2
398.1
407.5
451.5
468.3
497.7
608.4
711.8
725.7
753.3
736.8
706.5
625
577.7
568.8
337.3
255.1
261.3
294.2
274.4
290.4
321.5
466.8
395
404.8
490.7
470.4
500.6
545.9
624.1
667
703.3
838.2
815.4
813.5
849.1
815.5
789.3
739.8
706.1
661.9
603.7
620.1
695.1
717.8
799.4
853.1
917.7
1003.6
1032.4
938.8
881.1
804.6
742.2
669.3
491.6
417.6
390.7
395.7
416.6
314.3
317
342.4
328.1
290.6
296.6
361.5
243.5
272.4
305.7
280.4
312.5
388.9
403.3
574.6
467.8
499.8
510
548.2
589.6
645.3
660
645.2
743.3
788
855.6
893.6
880.4
967.2
1181.3
1086
1206.4
1232.1
1407.1
1458
1554.5
1585.1
1609.3
1670.7
1587.4
1586.6
1555.8
1543.3
1309.8
1253.8
1176.2
1097.6
1019.2
869.3
726
715.8
638.9
604.2
598.4
526
429.1
456.2
492.6
452.4
434.5
358.2
331.7
329.5
351.3
385.9
468
542.8
363.1
300.6
325.6
288.3
285.8
353.8
319.6
283.4
304.6
320.9
324.7
315.6
302
342.9
318.9
305
305.1
426
384.5
336.8
360.3
473.7
439.8
446.6
572
546.8
485.8
478.8
447.3
381.8
374.8
483.1
455.5
519
604.3
657.2
779.3
900
1023.2
1057.1
1166.5
1322.1
1390.1
1415.6
1500.4
1567.3
1665.9
1649.6
1669
1724.2
1731.5
1727.6
1725.4
1711
1764.5
1866
1788.6
1745.9
1771.1
1813.5
1913.6
1871.8
1897.3
1930.1
1963.4
1896.5
1867.7
1803
1806.1
1728.4
1646.1
1688.7
1740.7
1714.2
1847.6
1753.9
1828.1
1808.4
1837.4
1853
1840.5
1864.5
1842.7
1777.1
1872.8
1819.1
1816.4
1750.2
1806.8
1726.6
1741.2
1691.3
1679.3
1692.8
1712.5
1633.3
1551.7
1492.8
1420.3
1283.2
1270.9
1212.5
1217.9
1272.9
1275.3
1396.8
1328.9
1320.2
1391.1
1491.4
1499.3
1466.6
1397.8
1388.7
1324.7
1250.2
1211
1169
1108.1
1090.7
992.8
968.9
993.1
953
982.3
1042.6
1103.8
1051.9
1057
1068.7
1029.9
987.7
975.1
1021.9
997.4
929
978.3
889.8
926.7
912.3
890.5
920.1
965.4
981.2
1077.2
1085.4
1073.2
1062.1
1015.8
1014.6
984.4
870.5
823.2
751.3
792.6
532
505.3
507.7
447.4
457.2
473.7
490.6
456.3
477.2
538.5
440.3
556.3
558.8
523.4
548.1
595.8
644.8
648.7
607.7
657.6
681.3
799.9
745.4
797.4
812.9
876.8
848.3
885.2
927
969.3
1040.1
1003.1
1057.4
1086.9
1217.3
1385.3
1458
1641.8
1686.2
1880.4
2101.3
2388.6
2795.8
3225.8
3776
4219.9
4729.6
4967
5246.5
5322.1
5386.4
5517.8
5624.1
5667.7
5864.5
6016.8
5875
5630.3
5225.5
5046.3
4810.9
4709.6
4955.7
5256.8
5750
6336.7
7040.8
7385.9
7723.6
7882.8
7944.8
7996.3
8226.6
8159.9
8287.8
8415.5
8345.5
8016.5
7598.5
6747.4
6357.7
5981.5
5790
5901.1
6307.4
6893.3
7442
8102
8489.8
8839.7
8903.7
8895.2
8907.3
9055.9
9297.6
9276.5
9400.7
9518.5
9099.4
8470.5
7518.8
6864.9
6392.6
6067
6063.8
6399.6
6996.3
7623.5
8277.1
8924.8
9240.3
9417.5
9364.3
9325.4
9323.4
9551.2
9732.8
9858.2
9895.8
9765.5
9256.1
8353.8
7409.5
6584.9
5979.9
5710
5768.9
6080.4
6536.9
6994.9
7516.7
8205.9
8616.4
8788.2
8586.9
8480.1
8313.7
8354.9
8787
8777.6
8887.4
8976.7
8577.9
7769.6
6860
5959.8
5494.7
5020.5
5015.2
5357.1
5726.9
6143
6713.9
7336.4
7948.9
8272.1
8384
8118.3
7876.9
7806.8
7987.9
8340.9
8442.9
8429.7
8695.1
8285.6
7784.7
6657.7
5830.1
5295.5
4776.2
4821.4
5046.4
5296.2
5541.4
5960.5
6451.1
7023.4
7426.4
7671.6
7460
7055.2
6804.4
6709
6971.1
7276.6
7273.6
7181.5
7060.4
6655.6
6276.3
4821.4
4123.3
3479.9
3119.9
3034.6
2917
2999.9
3026.5
3104
3294.5
3580.1
4004
3883.8
3873.4
3635
3532.5
3456.8
3625
3917
4047.6
3886
4081.4
3724.6
3553.9
2857
2391.9
2071.7
1869.9
1927.8
1989.9
2022.4
2088.4
2216.8
2278.4
2528.1
2707.9
2794
2649.7
2630.4
2490.2
2431.9
2401
2474.6
2578.2
2477.8
2384.7
2413.4
2338.3
2024.2
1791.5
1562.3
1374.4
1422.7
1444
1415.7
1479.6
1633.5
1785.3
1996.8
2209.8
2534.9
2911.2
3071.6
3347.2
3377
3288.9
3147
3088.5
3284.2
3200.7
3404.3
3334.1
3277
3079.6
3091.6
3027.9
2807.3
2422.5
2065.9
1940.4
2060.2
2135.7
2111.6
2160
2283.8
2611.9
2946.6
3331.9
3767.8
4254.7
4776.1
5218.9
5560.8
5762.1
5608.3
5333.9
5122.3
5279.3
5467.3
5549.1
5713.4
5597.5
5357.5
5136.8
5165.4
4985
4243.1
3385.1
3051.2
3128.5
3207.1
3202.9
3217.8
3199.3
3523.9
3798.2
4327.4
4857.7
5553.4
6280.6
7072.2
7530.6
8009.7
8335.2
8091.4
7732.8
7263.3
7509.9
7930.9
8018.5
8424.2
8169.4
7835.6
7299.5
7535.5
7299.8
6390.4
4965.6
4351.1
4466
4565.8
4572.6
4360.3
4368.2
4453.3
4933.2
5436
6136.5
6826.5
7656.5
8519.3
9547.4
10170.1
10900.9
11045.7
10720.7
10114.3
9664.6
10090.3
10520.9
10760.1
11311.4
11077.8
10590.1
9830.5
9968.8
9875.1
8792.3
6759.8
5628.2
5803.9
5979.3
5966.4
5751.5
5791
5801.8
6273.9
6942.2
7610
8575.3
9585
10813.4
11969.3
13094.3
13912.1
14739.6
14828.9
14178.8
13394.2
13057
13621.8
14116.1
14534.4
15051.9
14805.2
14253.6
13157.5
13322.6
13287.4
11827.8
9291.8
7832.8
7793
8562.4
10955.8
15491.5
18346.1
18088.7
13893
10838.1
10571
11412.9
12330.6
13781.1
15310.6
16776.9
17996.1
18994.8
19689.6
19660
18837.4
17890.7
17566.8
18294.2
18759
19564.2
19984.8
19763.5
18966.7
17818.3
17633.7
17350.4
15351.1
12146.1
9895.1
9307.7
9221.9
9192.5
8906.2
8515.4
8182.5
8209.7
8638
9281.5
10172.8
11172.8
12332.5
13636.4
14975.8
16075.5
17173.9
18008.7
18482.6
18137.1
17310.4
16626.2
16458.7
16833
17396.8
17793.6
17941.5
17773.7
16957.6
16254.1
15912
15233
13531.9
10942.6
8793.8
7826.4
7414.2
7227.8
6976.1
6676.9
6201.3
6099
6048.7
6385.2
6813.2
7339.4
7983.8
8767.7
9634.1
10391.9
11217
11809.6
12351.5
12417.8
12368.2
11839.6
11568.6
11283.5
11476.4
11737.6
11953.1
12078.1
11907.7
11471.3
11113
10601.7
10060.6
8878.1
7570.8
6102.5
5199.1
4674.5
4263.3
3991.9
3731
3391.2
3141.4
2988.9
2893.2
2957.7
3066.4
3365
3561.6
3824.3
4232.3
4418.2
4644.7
4923.2
5053.7
5116.3
5076.5
4952.1
4767
4721.9
4771.4
4862.2
4768.5
4905.5
4815.3
4680.9
4486.2
4324.5
4034.1
3603.2
3142.5
2594.5
2197.7
1875.6
1528.6
1353.7
1175.3
1055.8
919.5
775
590.5
614
466.5
418.6
451.4
356.5
397.7
346.8
435.1
396.8
357.4
356.8
333.4
344
337.9
344.1
352.7
398.2
296.7
344.2
358.6
428.7
315.3
365.3
407.9
422.7
462.8
371.6
570.9
443.6
393
426.9
448.6
403.5
548
495.8
506.3
477.9
550.9
691.7
689.8
819.1
720.6
682.8
701.5
721.5
715.4
703.2
755.9
790.5
915.6
809.6
841.2
896.2
948.4
1029.1
1066.9
1097.8
1144.6
1294.1
1367.9
1667.6
1721.9
1830
1967.3
2291.6
2435.6
2564.1
2823.8
3225.3
4702
5671.5
5183.4
3418.3
1506.3
1266.6
1208
1261.9
1480.7
1411
1513.7
1668.8
1862.9
2073.2
2369.4
2611.7
2952.1
3373.9
3717
4269.2
4762
5399.3
6043.3
6828.1
7555.1
8433.1
9446.8
10420.2
11436.1
12664.4
13791.9
14980.4
16815
21463.9
27278.9
29522.5
25406.4
16149.2
8386.3
4675.7
3678.1
3232.1
2967.3
2765.9
2666.7
2415.9
2381.8
2415.8
2326.9
2434.1
2364.4
2538.6
2474.5
2629.1
2733
2925.4
3047.7
3359.3
3584.1
3923.5
4201.2
4522.5
4899.7
5299
5751.2
6148.8
6542.2
6844.2
7199.9
7285.1
7593.6
7665.5
7848.6
7903.9
7962.8
8037.3
8179.4
8164.7
8051.6
8062.7
8125.9
8107.6
7901.7
7678.8
7453.2
7330.6
7019.7
6677.9
6418.8
6083
5888.1
5594.3
5322
5112.2
4916.9
4788.5
4776.9
4949.9
4956.1
5131.3
5509.7
5727.5
6086
6513.8
7141.2
7603.9
8230.4
8925.1
9635.3
10407.5
11153
12135.3
12907.6
13500.3
13954.8
14312.7
14441
14773.3
14899.5
14990.8
14850
14762.4
14968
14908
14818.5
14702.9
14565.9
14625.1
14509.8
14157.1
13719.8
13423.7
13131.7
12891
12456.5
11947.3
11515.3
11286.1
10903.7
10762.7
10501.6
10643.4
10778.9
10901.1
10886.8
10897.6
10997.1
10992.1
10906.1
10730.4
10717.3
10854.4
10928.7
11108.9
11486.4
11809.8
12414.2
13364.6
14069.5
14979.4
15995.8
16842.4
17661.5
18295.3
19101.2
19790.5
20360
21063.9
21423
21911.9
22557.1
23199.5
23385.2
23646.1
24086.5
24696
24986.4
25638.7
25889.9
26203.8
26210.1
26165
25671.4
24983.3
23791.3
22227.1
20760.4
19151.6
17721.7
16240.3
14823.7
13353.7
12079.8
10849.5
10002.9
9192.6
8826.4
8657.2
8774.5
9068
9343.9
9839.4
10256.4
10879.3
11700
12696.6
13500.5
14506.1
15630.9
16791.5
17859.4
19083.3
20197.3
21269.2
22338.9
23531.4
24559.2
25616.6
27045.1
28275.1
29308.5
30279
31031.5
31163.9
30882
30513.8
30122.8
28968.8
27665.2
26539.5
25292.9
23882.4
22501.3
20915.4
19251.6
17697
16014.6
14511.3
13120.2
12063.9
11074.3
10358.3
9498.3
8965.5
8429.2
8017.2
7705.6
7410.9
7237.7
7175
7140.6
7293.3
7418.7
7786.4
8010.8
8287.3
8755.6
9285.1
9971.8
10567.9
11073.2
11841.5
12665.8
13169.7
13762.8
14241.2
14686.3
15137.5
15470.5
15847.5
15989.1
16297
16512.9
16508.4
16666.1
16770
16796.1
16705.2
16595.2
16329.1
16130.1
15732.1
15428.1
14914.7
14511.7
14118.3
13787.7
13663.4
13568.6
13522.3
13628.5
13534
13369.4
13172.3
13047.6
12472.7
12229.7
11143.3
10511.3
9925.9
9400.8
8768
8209.1
7669.1
7155
6594.8
6011
5455.4
4976.8
4447.5
3867.3
3421
3006.5
2675.8
2464.9
2293.6
2242.8
2100.1
2139.2
2124.1
2231.8
2199.8
2268.3
2303.9
2452.2
2567.7
2688.4
2710.9
2896.3
3048.8
3088
3312.5
3541.7
3697
3845.6
4014.7
4073.3
4109.1
4128.8
4184.6
4175.4
4058.3
3983.5
3865.2
3813.6
3567.9
3418.8
3310
3153.5
2951.9
2937.6
2510
2292.1
2119.8
2077.9
1838.4
1661.5
1477
1389.1
1352.1
1257.3
1255.5
1301.9
1323.9
1275.5
1264.2
1361.1
1460.8
1521.8
1620.8
1670.6
1803.9
1961.2
2099.9
2256.2
2448.4
2695.7
2853.5
3093.3
3363.3
3639.7
3884
4087.9
4257.4
4377.2
4381.2
4577.8
4524.3
4489.6
4458.9
4406.4
4360.7
4257.6
4163.9
3872.8
3725.5
3684.3
3460
3103
2877.9
2664.7
2452.4
2284.6
2057.1
1769.2
1562.3
1504.6
1280.7
1267.4
1140.7
1098.4
1111.9
1067.7
1088.5
1035.9
1118.3
1065.9
1033.3
1065.8
1073.8
1116.3
1108.4
1225.9
1273.2
1271.1
1406.8
1424.4
1565.5
1654.9
1744.5
1864.9
2133.9
2424.5
2534.7
2719.8
2753.3
2735.2
2964.6
2917.8
2795.4
2760.3
2751.7
2833.6
2845.6
3077.1
2603.5
2537.5
2433.3
2387
2193.8
2024.7
1902.1
1646.8
1510.8
1402.2
1328.8
1028.9
943.2
790.9
767
695.7
568.8
591.5
642.5
623.8
652.9
616
610.5
659.7
447.6
590.5
547.3
502.8
595.3
501.2
428.7
438.3
412.6
431.9
381.6
364.1
274.9
270.7
279.7
267.1
261.4
171.8
274.6
140.3
209.9
173.6
188.2
63.6
191.6
90.8
151.4
158.1
172.1
163.8
220.6
200
252.9
194.9
263.4
317.1
318.2
423.4
492.5
432.5
456.5
464.3
409.7
355.2
439.3
374.1
425.2
391.6
371.2
393.9
300.9
285.8
275.5
297.5
310.5
234.9
336.2
152
152.5
349.2
86.8
101.1
126.3
54
99.2
74.1
54.8
0
14.4
62.1
60.1
80.1
269.1
86.8
2
36
65.5
127.6
89.3
77.5
96.8
92.8
146.4
105
100.3
181.6
207.3
207.2
193.2
207.2
314.3
314.7
335.7
317.7
368.8
364.9
355.7
343.5
396.5
359.6
338.3
282.4
322.6
305.7
252.5
214.4
256.5
160
145.7
218.1
164.6
145.7
163.7
200.7
219.3
336.8
504.1
659.8
648
615.9
586.2
567.1
526.8
572.9
585.8
671.8
637.1
523.2
463.2
479.5
362.5
489.2
371.6
356.8
369
301.1
347.8
257.9
260.2
280.1
267.2
290.2
311.4
282.7
492.3
312.7
300.1
314.6
261.8
344.6
361.2
278
340.1
339.6
387.3
447.1
402.6
379.1
417.4
375.5
276.9
356.7
290.1
306.4
242.5
186.7
202.9
209.7
142.6