6916.8
5559.4
3764.7
2087.5
1297.4
1450.5
1693.7
2027
2513.1
3197.7
4014.4
5139
6387.7
8072.2
10007.1
12309.8
15254.5
18289.9
20264.1
19498.9
14473.8
8576.9
3759.2
2024.6
2028.5
2247.2
2603.1
3147.1
3838.1
4686.9
6064.9
7369.1
9234.3
11600.4
14344.3
17483.7
21634.2
26181.6
30848.6
33195.3
29927.6
20692.5
11122.2
3626.3
1497.6
1249.3
1080.1
1009.9
1133.4
931.1
891.8
869.1
1028.9
970.1
1096.9
1257
1399.5
1646.5
1987.1
2220.2
2572.8
2593.8
2439.3
1857.2
1400
989.2
969.6
1086.2
1293.9
1592
1991.6
2626.7
3307.4
4035.6
4914.1
5798.8
6423.5
6430.2
5304.9
3712.9
2193.6
1370.2
1496.8
1485.8
1774.2
1912.5
1990.1
2362
2799.7
3640.3
4799.8
6261.1
7575.1
9141.1
11101.3
13452.1
15202.1
15381.3
12769.2
8651.6
4799.4
2235.7
1856.7
1956.4
2111.4
2374.3
2727.7
3284.4
3892
4737.9
5597.3
6853.5
8411.1
10248.3
12354.9
14933.6
17828.7
21723.3
26265.5
29367.5
29689.2
25170.8
17092.4
9586.4
3702.6
1911.7
1874.6
1847.5
2024.8
2161.9
2455.6
2850.1
3363.2
4110.6
4789.5
5783.5
6959.7
8343.8
10056.5
12115.7
14401.8
16920.9
20023.8
24531.2
28440.4
30332.1
28376.7
22120.6
14205.1
7367.4
2979.4
2366.8
2361.2
2514.2
2818.4
3176.1
3717.9
4181.2
4940.8
5484.6
5478.1
4900.9
3805.7
2667.1
1777.6
1436.5
1429
1547.6
1639.6
1972.3
2139.7
2553.2
3141.5
3785.2
4452.9
5231.1
5880.1
6995.6
8177.2
8943.9
8954.8
7799.4
5655.8
3630.8
1869.8
1226.1
1188.6
1200.9
1242.2
1387.9
1439.4
1534
1657.6
1884.5
2222.9
2703.4
3342.8
4196.7
5188
6198.4
7186.4
8408.3
10039.7
11808.3
13124.8
13193.7
11510.9
8398.8
5165.3
2577.8
1500.8
1361.6
1412.2
1448.1
1431
1526.2
1753.2
1750.1
1875.2
2087.1
2352.1
2672.1
3048.4
3551.4
4130.6
4777
5635.8
6508.9
7661.9
8776.5
10284.3
12345.2
14063.9
14654
13663.5
11032.6
7438.7
4050.5
1700.4
940.2
821.1
753.2
781.7
733.8
966.2
977.4
1021
1089.5
1168.3
1296.8
1472
1572
1854.5
2101.4
2375.5
2749.4
3098.6
3605
4209.4
4856.9
5633.1
6489.4
7848.5
9207.3
9977
10187.2
9420.9
7948
6251.3
4615
3521.8
3120.3
2477.4
1736.8
1348
817.7
780.4
770.2
700.5
706.6
769.9
855
925.4
976.3
1099.9
1221.3
1477.9
1734.4
1958.5
2247.5
2550.2
2925.6
3348.7
3940.1
4319.5
4142.3
3815
2940.2
1939.3
1030.5
507.7
372.3
371.4
420
412.7
406.7
497.2
506.2
514.9
801.6
597.7
611.9
708.3
808.4
1080.3
1039.6
1348.6
1636.7
1843
2226.6
2473.3
2877.6
3409
4175.1
4832.6
5393.6
5214.3
4770.4
3774.1
2663
1618.1
1014.9
909.4
902.1
867
857.2
839.1
682.2
686.3
593.7
571.9
604.3
667.3
653.9
757.3
829.5
881.7
956.3
1220.1
1196.1
1343.4
1551
1763.8
2021.7
2329.9
2626.7
3031
3433.3
4106.3
4729.5
5173.4
5056.7
4623.8
3917.9
2845.9
1773.9
938.9
504.3
455.9
466.3
509.7
497.7
512
583.2
586
570.8
599.2
701.2
700.8
734.3
755.9
796
869.8
936.7
1139.4
1189
1384.7
1543
1830.5
2126.3
2427.1
2706.1
2896.9
2937.5
2886.2
2823.2
2658
2663.3
2824.9
2914.5
2863.3
2665.6
2311
1791.1
1279.8
768.1
549.7
519.1
501.3
576.3
613.2
596.9
718.6
774.5
924.3
1083.3
1192.6
1238.6
1401.8
1558.2
1807.8
2140.4
2379.1
2427.8
2289.8
2070.3
1773.7
1254.4
796.5
474.2
411.5
384.7
338
341.9
385.2
358.4
473.7
358.4
429.8
451.2
476.4
468.7
569.1
498.5
446.8
494.1
574.5
503.7
548.6
627.1
716.3
818.8
1060.2
1140.5
1316.3
1406.5
1579.6
1790.3
2045.7
2437.9
2740.3
2913.8
2919.7
2816
2596.2
2235.2
1891.6
1523.9
1313.7
1285.6
1320.4
1108.1
1020.5
894.9
665.2
527.5
405.6
412.6
342.4
403.3
616.9
747.2
853.7
894.2
1019.9
906
856.1
708.4
614.9
645
714.8
750.5
816
909.5
908.2
1052.8
1115.2
1187.3
1321.8
1411.1
1505.6
1629.6
1787.4
1967.7
2094.9
2098
2036.6
1847
1554.6
1317
946
636.4
510.3
456.9
444.1
412.2
453.4
414.7
448.6
453.6
468.5
433.2
495
572.1
629.8
627.6
727
835.3
896.2
856.8
817.5
805.7
637.1
562.5
434
385.8
317.8
292.6
309.2
471.3
381.3
386.3
470.9
499.3
515.5
529.5
639.9
631.7
677
784.4
774.7
832.7
958.5
952
909.4
876.9
933.8
875
773.6
703.5
719.3
748.8
791
813
864.3
991.3
1083.9
1118.5
1086.3
1076.1
1025.8
1021.6
821.5
697.2
606.4
539.2
563.8
451.3
404.3
462.5
426.2
402.4
362.4
456.9
347.8
380.8
337.6
313.2
378.8
411.1
402.3
582.3
457.2
498
528.9
567.9
625.9
651.8
684.9
676.2
760.2
813.6
804.8
907.8
899
921.4
1131.1
1113.5
1202.8
1215.7
1368.9
1417.6
1483.2
1622.6
1742.8
1837.8
1824.9
1821.4
1789.8
1865.4
1731.3
1677.8
1562.9
1442.8
1336.5
1238.7
1120.9
1006.3
862.2
788.6
699.1
645.9
604.1
613.7
624.8
555.2
515.7
417.5
361.8
367.1
396.3
435.4
523.2
579.7
452.8
411
445
378.7
359.2
382.3
367.6
352
341.7
358
401.2
351.7
377.6
403.2
405.3
402.6
367.9
488.1
397.9
356.5
369.4
429.1
375.7
426.5
607.6
629.4
577.1
604.6
571.4
529.9
497.5
562.1
455.7
488.5
582.9
577.1
682.3
781.3
933.2
968.9
1073.2
1207.3
1336.2
1452.7
1494.5
1565.6
1669
1729.4
1759.5
1793.9
1832.9
1893.9
1909.2
1857
1901.7
1996.5
1900.3
1889.7
1883.5
1911.7
1958.4
1940.5
2013.4
2040.4
2035.6
2097.2
2110.3
2056.3
2039.8
1918.4
1909.6
1861
1885.4
1819.7
1935.2
1883.6
1945.5
1889.2
1921.8
1957.9
2014.3
2048.7
2034.2
1955.3
2035.2
1994.9
1918.4
1882.3
1936.6
1875.6
1889.1
1855
1856
1821.5
1818.9
1801.6
1810.9
1764.1
1711.9
1577.9
1510.1
1399.3
1384.2
1371.6
1323.8
1427.7
1334.4
1385.2
1415.8
1545
1541.4
1565.3
1574.9
1555.5
1520.9
1499.5
1404.4
1379.9
1316.9
1276.1
1210
1175.3
1133.5
1060.7
1045.6
1088
1156.6
1137.2
1148.1
1210.9
1185.6
1151.7
1099.9
1108.8
1102
1030.8
1096.7
1056.9
1054
1056.9
998.5
988.8
1011
1001.7
1124.7
1174.2
1204.4
1174.2
1233.6
1219.3
1218.8
1169.2
1140.5
1034.7
1065.1
780.7
736.4
684.4
555.6
576.4
518.1
505.1
543.7
551.3
593.8
490.5
584.6
595.7
591
610.8
611.7
655
695.9
737.1
717.1
693
855
806.3
860.8
864.6
910.4
907.3
953
974.4
1071.2
1089.3
1068
1154.5
1099.2
1170.8
1279.6
1310.1
1470.1
1514.1
1667.4
1832.9
2015.6
2243
2592
2959.3
3385.5
3994.1
4492
5077.8
5375.3
5556.7
5642.2
5769.2
5868.7
5937.8
6082.8
6192.3
6458.8
6230.8
5987.4
5611.2
5345.6
5145.7
5041.6
5153.3
5447.2
6088.4
6675.2
7378.6
7927.8
8256.2
8420.5
8566
8374.5
8572.8
8669.5
8669.5
8884.3
9163.1
8601.5
8025.5
7180.2
6760.9
6295.9
6134
6202.9
6635.2
7200.2
7700.7
8593.8
9023.1
9287.3
9409.5
9398.6
9383.7
9522.8
9740.2
9819.6
10018.5
10152.2
9726.7
9061.7
8037.1
7271.4
6685.3
6335.1
6454.5
6831.5
7383.8
7962.1
8593.3
9305.3
9844
10017.9
9981.6
9882.2
9870.9
10117.2
10211.5
10288.2
10479.2
10406.5
9952.4
8946.3
7830.2
7034
6331.1
5974.1
6058
6373.7
6775.4
7290.9
7944.9
8710.8
9053.8
9344.7
9082.6
8848.5
8767.9
8834.7
9192.2
9292
9330.9
9301.5
9106.5
8391
7365.8
6344.3
5724.7
5278.2
5358.1
5590.3
6005
6497.4
7033.9
7721.7
8395.2
8776.7
8931.9
8610
8427.7
8273.8
8391.6
8813.8
9054.3
9031.6
9146.8
8861.2
8433.2
7337.3
6181.4
5498.3
5146.7
5141.3
5305.3
5582.8
5922.1
6331.8
6827.3
7517.5
7877.5
8107.3
7917.3
7442.8
7243.1
7154.4
7370
7747.1
7691.9
7636.2
7770.9
7240.4
6574.7
5360
4392.1
3661
3261.9
3366
3230.5
3133.8
3160
3257.7
3654.8
3740.1
4046.9
4154.8
4112.7
3866.6
3750.9
3774.3
3871.2
4115.9
4414.7
4192.8
4158.8
3984.2
3823.6
3135.6
2558.4
2156.8
2026.2
2106
2209.7
2220.1
2220.1
2340.4
2491.9
2692.1
2877.5
3026.8
2980.4
2795.5
2604.5
2528.9
2621.1
2598.1
2717
2703.6
2605.7
2513.9
2500.3
2314.5
1935.9
1670.3
1488.8
1448
1490.6
1552.4
1597.7
1751.7
1910.2
2111.2
2452.6
2638.5
2992.8
3277.6
3504.3
3608.5
3510
3428.2
3260.5
3346.4
3342
3518.5
3608.9
3489.3
3294.2
3279.8
3290
3011.9
2524.2
2233
2130.9
2217
2280.2
2244.6
2307.3
2430.7
2757.5
3115.8
3518.5
3966
4526.7
5036.3
5535.1
5775.9
6138
5953.4
5652.6
5458.2
5474.2
5692.2
5907.3
6131.7
6010.9
5686.1
5438.3
5482.4
5350
4528.6
3607.2
3190.4
3318.9
3451.8
3314.8
3326.3
3277.6
3601.9
4010.6
4506.4
5151.8
5794.9
6481.3
7231.9
7913.8
8438.4
8775.6
8545.1
8130.7
7712.2
7940
8299.8
8420.3
8848.7
8658
8344.3
7734.7
7862.7
7773.1
6878.2
5413.4
4474.1
4719.6
4852.8
4751
4626.8
4568.8
4668.4
5189.2
5682.4
6326.2
7048.9
7946.6
8951.4
10039.4
10678.2
11482.9
11677.7
11286.9
10831.4
10203.1
10545.2
11129.8
11387.5
11858.7
11683.5
11156.6
10403.7
10567.7
10526.9
9360.7
7396.1
6065.1
5977.6
6243.5
6292.5
6085.4
5997.7
6104.4
6535.8
7172.4
7983.8
8906.3
9872.8
11208.7
12519.9
13675
14672.2
15328.2
15499.1
15037.9
14232
13749.7
14260.1
14769.5
15295.8
15903.9
15584.5
15005.5
14188.9
14166.4
14019.1
12673.4
10089.3
8453
8373.9
9018.8
11629.9
16313.3
19572.4
19491.4
15416.8
11917.2
11197.9
12007.3
13006.5
14414
15950
17452.9
18867.7
19905.2
20598.7
20676.8
19909.3
18948.2
18523.2
19154.6
19775.2
20580.6
20965
20746.5
19916.9
18903
18757.2
18242.3
16319.4
13180.8
10572.2
9804
9734.4
9675.7
9262.4
8960.1
8621.3
8536.4
8966.6
9637.4
10647.9
11636.2
12754.3
14105.7
15628.5
16822
18019.4
18744.3
19105.4
19091.7
18301.3
17614.9
17497.6
17605.1
18083.9
18550.4
18784.5
18510.6
17985.1
17231.9
16752
16145.2
14232.4
11778.9
9516.4
8349.7
7860
7729.2
7273.2
6992.1
6556.5
6365.4
6409.1
6633.2
7079.2
7613.3
8311.1
9060.5
9996.5
10799.2
11659.8
12327.7
12901.7
13008.8
12963
12469.4
12108.1
11968.4
12028
12307.9
12582
12637.4
12544.2
12062.5
11700.9
11175.8
10647.1
9409.7
8005
6676.8
5586.1
4951.4
4580.6
4205.3
3949
3602.9
3320.2
3131.4
3007.4
3140.5
3251.5
3436.1
3814.5
3989.9
4315.4
4598.2
4866.2
5131.3
5282.7
5358.9
5271.9
5185.4
5066.5
5026.1
4890.5
5082.7
5026.9
5161
5001.8
4959.5
4734.4
4549
4308.2
3783
3368.3
2839.3
2287.8
1942.2
1672.6
1500.8
1336
1160.8
930.7
878.2
658.5
583.9
535.8
463.5
468.1
409.6
458.4
460.5
401.9
395.9
372.2
379.1
346.6
375
385.9
413.6
358.4
367.3
391.9
456.1
377.4
382.3
407.2
404.5
464.7
414.7
579.9
493.7
414.6
459.9
475.2
447.2
590.4
506.9
515
472.3
534.3
620.1
613.5
704.3
720
808.2
834.8
771.1
736.2
661.2
727.5
732.8
899.9
812.3
845.2
849.9
905.2
979.5
975.2
1045.8
1085.7
1138
1240.1
1473.2
1544.1
1585.3
1736
2013
2163.2
2332.2
2543.1
2752.5
2947.1
3346.5
4819.4
5960.9
5463.7
3830.3
1689.4
1277.4
1391
1273.7
1352.1
1486.5
1640.2
1783.4
1979.4
2151.1
2410.9
2742
3020.2
3480.3
3897.4
4424.8
4966.8
5627.3
6289.2
7018.7
7879.5
8766.6
9807.4
10977.4
12107
13236.4
14357.8
15679.6
17991.6
22452.6
28069.2
30502.4
27114.8
18159.3
9784
5435.7
3934.9
3497.1
3209.4
2883.8
2739.1
2682.2
2508.9
2601.9
2455.6
2581
2442.3
2518.3
2562.9
2748.1
2833.7
3001.1
3210.3
3505.9
3771.9
4071
4342.3
4731.4
5142.3
5560.8
5977.4
6392.8
6837.3
7119.1
7518.2
7660.3
7895.9
8096.4
8239.3
8190.2
8349.2
8499.1
8621.9
8580.9
8563.7
8532.1
8548.1
8544.2
8328.1
8116.4
7832
7619.2
7391.5
7104.2
6856.8
6535.6
6230.7
5913.9
5649.7
5412.1
5178.9
5163.8
5014.1
5083.5
5286.4
5396.8
5617.3
5885.5
6381.5
6759.2
7282.5
7904.4
8587.3
9218.4
9969.2
10843.7
11736.7
12573.2
13366.6
13941.8
14541.2
14989.9
15233.7
15402.8
15575.9
15537.9
15553.1
15562.2
15583.3
15616
15521.6
15393.2
15362.9
15334.6
15244.8
14925.6
14382.7
14141.7
13911.4
13493.1
13013.6
12636.8
12145.1
11924.6
11511.6
11271.1
11136.7
11258.3
11245
11344.4
11371.5
11438.6
11596.3
11470.2
11369
11258.5
11256.7
11308
11402
11563.8
11756.1
12422.9
12984
13680.1
14641.7
15515.5
16538.3
17411.5
18332.6
19045.8
19771.6
20620.6
21093.7
21771.1
22401.8
23004
23433.1
23875.3
24426.4
24870.9
25188
25706
26214.6
26839
27180.3
27430.5
27534.7
27520
27044.1
26135.1
25055
23588.2
21960.2
20294.1
18905.2
17298.8
15807.9
14318.2
12927.9
11615.4
10590.9
9681.5
9248.8
9147.5
9266.4
9404.1
9613.4
10076.6
10681.2
11462.2
12115.5
12968.3
14009.7
15091.6
16066.2
17245.8
18642.3
19729.3
20855.1
22084.9
23250.6
24298.4
25563.4
26787.9
28090.5
29413.1
30765
31794.4
32227.2
32493.5
32587.4
32093.5
31345.8
30438.2
29241.2
27900.2
26602
25321
23836.6
22355.8
20544.2
18743.1
17057.6
15521.6
13980.2
12804.4
11721.6
10863.2
10077.4
9431.6
8979.4
8488
8001.3
7697.2
7510.4
7443.9
7442.4
7588.7
7710.5
7853.9
8157.3
8584.3
9167.1
9585.6
10161.5
10783.3
11609.6
12237.5
12895.3
13588.5
14187.1
14740.9
15154.1
15640.7
15926.4
16292.3
16704.5
16754.3
16913.9
17139.8
17380.7
17434.4
17525.3
17407.5
17301.9
16923.4
16839.5
16538.7
16086.5
15623.5
15185.9
14752.2
14532.7
14347.5
14302.1
14306.1
14469.2
14300.7
14303.5
14079.6
14282.9
13590.2
12868.3
12079
11414.2
10855.3
10116.6
9513.4
8961.9
8395.3
7823.2
7131.9
6501.5
5961.4
5507.5
4943.5
4300.6
3642.3
3236.2
2893.1
2690.9
2401.3
2377.3
2268.2
2289.8
2216.8
2259.1
2300.5
2345.5
2416.7
2594.9
2598.4
2770.1
2944.5
2935.1
3121.9
3286.3
3387.7
3573.3
3873.5
4059.2
4119.8
4121.7
4219.2
4330.7
4344
4336.4
4351.6
4304
4073.6
3885
3716.7
3623.3
3432.2
3481.5
3102.5
2943.2
2681.5
2521.3
2252.1
2128.7
1929.7
1769
1603.2
1479.9
1395.7
1380.8
1373.4
1251.3
1272.2
1297.3
1383.5
1433.3
1455.6
1520.4
1663.1
1743.7
1890.1
2033.1
2189.7
2410.1
2429.4
2683.3
2874.5
3160
3535.4
3786.7
4020.8
4222.3
4364.2
4661.5
4637.9
4660.8
4660.7
4689.6
4662.6
4671
4628.9
4451.2
4351
4161.5
4014.3
3784.1
3653.4
3364.3
3006.7
2807.1
2680.6
2394.1
2064.1
1940.4
1618
1528.8
1348.5
1267.5
1255.1
1183.2
1157.1
1095
1170
1090.5
1044.7
1037.1
1037.2
1068
1043
1145.1
1181.7
1144.4
1268.8
1289.5
1388.9
1461.1
1566.4
1636.2
1842
2053.8
2165
2341.4
2521.9
2658.2
2969.7
2966.3
2928
2898
2916
2952.4
2954.6
3216.4
2863.6
2848.1
2763.6
2694.9
2578.8
2534.6
2458
2149.6
1857.4
1720.1
1692.1
1484.7
1320.4
1128.3
1027.8
851.5
719.1
672.6
680.6
682.7
648.5
606.5
646.7
682.8
463.7
611.6
564.4
492.5
609.8
517.9
479.3
453.6
427.8
452.4
432
417.3
351.6
288
293.1
307.7
305.8
230.7
306.2
186
194.9
167.8
177.7
81
179.9
49.1
117.7
147.6
136.1
94.5
193.2
147.4
217.5
150.8
194.5
241.5
251.1
310.6
401.9
369.3
406.2
450.3
401.5
366.9
435.6
381.4
437.6
415.3
402.6
376.4
325.9
309.9
321.9
358.6
341.5
267.9
397.8
214.7
213.4
371.8
129.1
96.7
116.9
62.7
70.3
54
5.2
8.2
10
12.4
50.5
57.9
216.3
50.2
8.4
0
27.9
108.1
48.9
19.3
35
68.5
109.1
65.2
54.8
126.7
134.9
138.4
148
161.2
229.7
220.7
237.8
254.4
300.2
371.6
343.6
315.6
339.6
351.6
368.8
309.1
367
338.7
240.3
185.7
266.6
200.3
187.4
250.7
219.4
131.6
151.6
95
118.9
157.8
270.6
395.9
488.1
563.9
646.3
641.9
617.1
597.4
563.7
674.6
675.1
578.8
567.4
636.3
484.2
549.2
426.2
427.1
423.8
321.3
333.4
295.3
275.7
283.3
255.2
248.6
294.3
254.9
428.5
295.2
266.5
251.4
214.2
313.2
318.1
232.5
286.5
281.7
369.2
411
348.7
313.2
367.4
334.2
324.9
348.4
283.4
334.8
243.3
207.4
234.4
259.8
165.9
201.4
NaN