6889.2
5313
3315.4
1923.3
1356.2
1490
1862.8
2164.4
2709
3425.4
4284.2
5432.2
6944.6
8537.7
10530.1
13052.2
15894.8
18958
20725.5
18786.3
13253.8
7618.7
3160.9
1948.6
2110.3
2370.7
2741.2
3268
4082.5
5015
6200
7988
9819
12162.4
15070.8
18344.1
22470.1
27599.2
31565.3
33396.7
28112.1
18465.3
9397.8
2726.6
1389.8
1229.4
1102.6
1029.4
1005.4
1080.7
949.8
922.6
954.8
1119.9
1128
1302.2
1499.4
1733.5
2083.1
2440
2573.6
2755.6
2313.7
1838.6
1308.1
1050.1
1018.3
1180.8
1352.6
1713.6
2225.4
2845.9
3546.2
4325
5192.9
6134.1
6680.8
6425.8
5031.5
3461.3
2037.3
1362.6
1414.3
1709.7
1689.3
2023.8
2227.1
2392
3131.3
3964.1
5115.9
6611.9
8216.8
9558.7
11852
14022.8
15436.2
15268.9
11956.4
7930.5
4304.2
2011.1
1858.1
2055.1
2268.8
2501.4
2938.5
3418.3
4158.4
4973.5
6029.9
7219.2
8821.3
10765
12987.9
15484.8
18616.5
22738.8
27328.3
29718.3
29219.2
23556.7
15412.9
8194.7
3020
1879.7
1811.1
1997.5
2007.2
2323.5
2528
2979.2
3515.2
4217.6
5098.6
5968.3
7296.1
8754.1
10436.7
12483.3
14959.1
17593.6
20716.8
25447.8
29053
29927.9
27478.5
20298
12616.4
6138.7
2687.5
2383.6
2503.5
2621.8
2913.7
3309.6
3771.6
4519.9
5176.5
5588.1
5577.4
4867.6
3622
2547.9
1663.1
1458.1
1483.4
1588.9
1717.5
1916
2351.5
2665
3271.5
3965.4
4719.2
5405.3
6205.1
7344.1
8557.6
9176
8878.9
7472.1
5316.3
3212.7
1728.7
1219.9
1229.7
1228.9
1333.3
1373
1552.8
1572.4
1755.4
1932.1
2294.9
2852.5
3621.8
4412.2
5492.5
6398.5
7365.7
8679.3
10553
12269.7
13153.5
12929.8
11010.6
7692.2
4624.4
2240
1447.4
1435.7
1405.9
1504.9
1542
1572.1
1688.1
1929.9
1963.3
2151.3
2456.2
2796.1
3196.9
3724.6
4335.9
5006.8
5828.4
6873
7835.3
9160.9
10662
12740.4
14296.8
14417.5
13308.7
10150.9
6664.9
3446.4
1372.6
952.9
801.6
797.2
757.5
813.4
811.8
1017.6
1063
1143.7
1209.4
1354.3
1472.7
1732.1
1871.8
2208.9
2456.7
2848.9
3270.7
3725.5
4317.6
4987.9
5768.1
6720.8
8039.2
9333.2
10104.4
9943.8
9143
7537.7
5830.6
4370.3
3437.4
2906.7
2382.6
1602.3
1092.3
954.4
741.4
810.1
766.4
734.2
727.5
815.2
921.2
1015.8
1142.5
1327.1
1507.2
1749.8
2071.8
2303.9
2594.4
3008.1
3610.3
4037.5
4259.5
4278.3
3610.6
2793.4
1691.5
950.2
497.8
418.2
380.8
402
423.2
461.9
458.3
521.7
593.6
601.5
900.5
652.7
681.8
807.3
975.4
1304.9
1368.2
1712.2
2010.5
2266.1
2645.6
2949.8
3504.8
4356.3
5014.6
5241.6
5294
4590.5
3589.9
2455.5
1412.7
922.6
863.2
872.9
832.9
762.6
769.5
733.9
626.3
646.2
602.4
635.9
677
728.3
741.7
867.1
929
976.2
1118.5
1394.7
1391.7
1600.7
1835
2098.1
2377.3
2726
3088.9
3588
4208.6
4894.4
5102.3
5018.7
4486.5
3684.4
2574
1532.7
798.2
573.7
475.5
494.3
525
574.1
524.1
564.8
602.3
622.4
645.6
663.2
753.4
750.7
783.6
850.7
898.7
987.9
1097.7
1309.3
1436.7
1649.8
1895
2218.3
2518.2
2736.3
2869.7
2935.6
2879.2
2755.6
2661.2
2659.5
2844.2
2863.5
2783.8
2539.3
2170.4
1612.1
1097.6
781.3
533.6
521.4
521.2
517.1
630.1
661.4
727.2
843.5
902.2
1064
1223.1
1346.5
1416
1606.1
1870.6
2194.9
2391.1
2423.9
2310.1
2056.3
1649.1
1173.3
701.7
437
322.5
403.3
392.1
365.4
350.3
376
370.8
505.2
370.8
424.3
456
458.4
477.7
560.1
489
465.7
501.4
578.4
585.4
639.6
720.4
873.3
1000.2
1250.2
1336.5
1456.3
1622.4
1800.3
2100.2
2429.1
2802
2853.1
2810.4
2707.2
2486
2082.7
1651.6
1416.8
1252.3
1182.4
1112.9
1068.8
896.6
778.9
626.6
465.4
376.8
371.3
425.8
457
589.7
729.3
795.1
857.5
978.9
958.4
777.1
716.1
590
588.4
722.4
777.6
836.7
896.3
963.2
1005
1159.4
1225.2
1264.5
1440.1
1526.8
1658.4
1815.8
2065.7
2102.5
2071
1915.8
1792.1
1583
1163
871
625.9
496.5
442.6
440.9
438.1
434.8
457.3
409.9
451
456.5
479.7
515.8
538.3
638.1
741.1
777.9
863.6
867.7
861.2
787.6
730.6
707.1
533.9
418.7
352.6
359.8
317.6
331.6
339.4
485.2
430.4
416
523.4
520
543.2
596.2
689.5
688.2
776.7
865
883.3
903.4
960.5
933.7
886.3
853.7
826.1
785.9
726.7
703
773.4
786.2
883
907.4
992.6
1113.6
1135.4
1075.4
1030.5
1026.2
916.9
868.7
673.1
550.3
524.3
472.6
523.3
421
399.6
420.6
428.8
385.7
366.9
445.5
344.4
347.8
369.6
322
399.6
447.4
476.5
616.6
514.3
554
559.1
619.4
668.2
709.9
772.6
734.9
790.6
841.7
917.2
948.7
982.7
1021.7
1241.5
1200.7
1281.5
1293
1467.8
1539.6
1658.3
1723.6
1820.5
1841.5
1798.9
1791.3
1747.2
1710.2
1581
1454.3
1388.1
1286.9
1182.3
1078.9
938.4
856.1
768.6
715.6
677.6
670.7
604.1
538.1
578.3
542
515.3
425.6
438.1
392.8
401.1
480.5
554.7
609.7
449.3
393.7
427.8
379.4
371.5
427
372.7
342.4
358.5
389.5
401.5
360.3
393.4
376.9
441
351.7
371.1
473.1
408.9
381
417.7
492
480.4
500.8
667.7
646.7
539
562.4
593.7
464.9
485.5
528.6
491.1
600.4
642.9
712.4
802.1
888.5
1071
1103.1
1223.8
1370.9
1453.4
1565.5
1595.8
1682.3
1758.7
1801.9
1821.6
1865.7
1907.6
1932.1
1909.7
1864.1
1949.8
2020.7
1930.3
1933.9
1914.5
1959.6
2062.8
2057.8
2061.3
2056.9
2119.7
2123.3
2078.5
2015.3
1987.8
1906.3
1881.5
1882.6
1906.9
1869.1
2009.6
1953.7
1992.3
1917
2014.4
2072.1
2058.6
2043.7
2001.1
1996.9
2049.9
1989.5
1934.1
1919
1992.8
1956.2
1927.1
1893.2
1863.6
1856
1881
1813.2
1796
1709.6
1655.4
1502
1479.7
1348
1365.8
1387.7
1372.8
1466.5
1430.6
1459
1526.6
1597.7
1618.3
1617.1
1564.7
1567.4
1508.8
1455.1
1362
1324.2
1299.6
1251.2
1169.2
1099.4
1101.7
1061
1103.6
1123.8
1179.2
1204.7
1182.5
1213.4
1168.1
1135.5
1131.7
1107.9
1102.6
1074.1
1083.9
1046.2
1036
1022.2
988.7
965.8
1012.8
1080.4
1150.5
1221
1191.4
1180.1
1166.4
1157.5
1153.3
1059
993.6
916.4
950.7
695.6
640.3
653.6
575.4
569.2
528.9
532.5
571.5
567.4
607.6
531.7
639.1
613
611.6
629.4
633.6
707.9
729.6
729.8
724.7
746.3
846.3
823.2
889.3
863.7
936.2
964.3
1014.7
996.1
1095.7
1152.9
1120.7
1171
1153.9
1268.8
1412.7
1470.5
1632.6
1750.1
1904.8
2107
2350.2
2667.9
3112.5
3664.9
4077.2
4705.6
5158
5546.4
5702.6
5736.3
5842.4
5973.8
6103
6190.1
6366
6429.3
6346.9
5918.4
5612.8
5324.6
5126.1
5175.2
5298.3
5748.9
6293.1
7004.1
7661.1
8073.5
8385.9
8443
8540.2
8657.5
8726.2
8848.8
8909.7
9028.1
8980.8
8726.5
7838.8
7240.8
6622.5
6400.9
6188.5
6399.2
6854.7
7479.8
8104.7
8746.8
9309.4
9524
9520
9547.5
9559.9
9793.6
9967.2
9959.2
10169.8
10160.7
9762
8887.6
7947.5
7218.2
6729.8
6524.3
6555.3
7009.7
7627.2
8223.3
8927.3
9597.3
9915.4
10099.7
10075.6
9971.1
9994.7
10245.2
10406.9
10471.9
10670.4
10372.5
9855.2
8897.6
7664.2
6861
6339.2
6052.2
6221.3
6588.5
7006.7
7559.6
8210.4
8896.5
9243.1
9334.4
9238.7
8887.1
8872.8
9013.4
9361.8
9388.8
9518.8
9431.8
8929.9
8336
7051.7
6358.2
5611.4
5357.4
5432.3
5876.3
6148.9
6681.9
7263.3
7926.8
8570.9
8863.4
8953.2
8631.8
8356.2
8327.1
8508.9
8946.6
8949.8
9285.2
9106.7
8772.6
8155.9
6954.7
6165.8
5349.3
5110.7
5184.9
5491.1
5644
6026
6528.3
6998
7623.3
8078.4
8141.5
7867.6
7471.3
7214.5
7180.4
7482.7
7719.9
7664.9
7621
7390.5
7351.2
6179.4
5002.4
4292.2
3503.1
3287
3176.7
3277.9
3191.8
3197.4
3361.9
3579.5
4081.9
4027.7
4198.1
4076
3875.4
3689.6
3757.4
3925.1
4291.9
4235.4
4396.3
4124.8
3986.5
3646.2
2972.9
2502.8
2106.3
2072.8
2107.4
2155.3
2266.6
2306.7
2361.7
2554.8
2724
2964.7
2986.5
2998.3
2771.4
2668.9
2571.7
2591.8
2728
2740.7
2635.7
2620.1
2581.5
2462.9
2240.3
1886.5
1663.4
1577.4
1531.2
1531.1
1603.6
1739.8
1799.7
1967
2211.7
2522.9
2901.5
3123.4
3415.4
3563
3639.1
3532.2
3371.1
3423.9
3388.4
3512.4
3598.4
3646.2
3520.3
3322.7
3288.3
3307.9
3034
2467.8
2196.6
2194.6
2303.7
2299.6
2326.9
2356.5
2580.1
2896.5
3267.7
3681
4164.5
4680
5295.6
5686.5
6084.7
6112.2
5974.5
5599.9
5518.5
5706.6
5850.1
5970.9
6185.5
5981.4
5647.9
5502.6
5577.1
5192.2
4438.5
3513.8
3287
3426.9
3503.8
3473.1
3387.4
3515
3753.9
4244
4744.2
5407.6
6069.3
6938.7
7586.2
8138.6
8673.5
8833.7
8640.8
8101.9
7766.7
8138.1
8419.5
8637.5
8890.2
8708.2
8209.4
7822.9
8007.3
7678
6657.2
5149.4
4637.4
4745.9
4997.1
4807.3
4663
4697.7
4847.2
5387.3
5958
6649.8
7417
8253.7
9353.4
10245
11039.5
11651.9
11740.1
11346.1
10653.5
10367.2
10878.1
11189.3
11621.6
12015.9
11706.5
11150.9
10385.7
10667.2
10424.9
9017.3
6903.5
6028.6
6175.3
6326.3
6320
6183.2
6142.6
6215.9
6825.1
7417.4
8269.6
9347.5
10351.6
11618.6
12886.6
14003.8
14894.6
15659.9
15444.4
14983.7
14124.2
13892.2
14425.3
15019.9
15415.4
15978.4
15694.8
14892.5
13910.7
14339.7
13875.5
12117.4
9572.3
8218
8471.4
9368.4
12278.7
16924
19178.4
18260.1
13829
11398.9
11348.9
12154.4
13413.4
14870.1
16447.6
17940.1
19156.3
20182.1
20808.1
20483.1
19689.6
18629.1
18699.4
19315.3
20043.8
20647.7
21141.1
20746.4
19747
18687.4
18675.2
17944.9
15603.4
12326.4
10377.1
9819.4
9732.6
9708.1
9393.6
8913.5
8668
8800.6
9259.9
9945
10954.1
12060.9
13333.5
14666.5
15856.8
17252.2
18262.7
19127.9
19289.2
18906.3
18192.8
17462.4
17480.8
17908.8
18201.4
18767.4
18951.6
18400.1
17632.7
17092.8
16660.6
15839.8
13707.3
11084
9099.5
8209.6
7836.7
7582.7
7435
6829.9
6646.6
6394
6516.5
6826.4
7330.1
7873.6
8538.8
9399.4
10276.4
11099.1
11869.5
12558.2
12905.7
13144.5
12837.1
12478
12029.3
12005.3
12105.1
12386.6
12596.2
12769.8
12414.1
12049.2
11574
11042.2
10353.3
9169.7
7642.8
6274.9
5463.8
4858.9
4457.9
4152
3842.8
3559.4
3312.1
3125.3
3108.4
3152.6
3373.3
3548.9
3791.3
4197.1
4366.9
4696.2
4967.2
5186.1
5344.5
5378.9
5304
5200.4
5032.9
5004.7
5013.6
4982.4
5137.7
5075.9
5088.3
4866.1
4722.4
4471.5
4222.8
3703.7
3164.5
2687.2
2261.8
1856.7
1613.7
1411
1286.3
1125.1
973.9
769.1
748
554.5
513.6
536.9
437
467.7
426.7
479
460.9
438.6
391.5
394.7
380.6
399
387.1
411.4
445.9
397.8
394.8
364.6
471.5
388.6
401.3
442.6
478.9
502.3
459.7
600.9
508.2
442.6
484
500.7
482.3
562
535.8
563.1
536
594.8
691.5
698.3
837.4
793.5
798.5
774
748.7
765.9
713.3
798.2
814.3
946.4
869.3
903.9
930.7
978.9
1108.9
1085
1142.5
1201
1323.4
1396.6
1632.6
1709.9
1834.4
1980.8
2256
2436.6
2600.4
2799.4
3038.5
3591.7
5269.6
5973.7
5265.1
3256.4
1519.7
1282.6
1291.4
1507.9
1436
1535.9
1659.6
1874.5
2032.2
2298.1
2516
2829.6
3251.3
3561.6
4086.8
4610
5193.1
5791.7
6531.2
7285.6
8102.2
9032.6
9997
11112.7
12290.2
13513.2
14607
15887.5
18442.3
23646.7
29210.9
30109.1
25014.7
15446.8
8177.6
4797
3805.4
3434.9
3122.9
2950.5
2732
2627.7
2599.5
2546.4
2575.6
2524.9
2663.6
2586
2689.5
2782.3
2973.5
3115.3
3368.2
3605
3899
4169.7
4559.9
4891.1
5269.8
5636.5
6156.3
6592.9
6920.5
7305.6
7503
7826.4
7959.5
8205.8
8326
8343.6
8426.8
8508.5
8601.5
8610
8538.1
8525.9
8631.5
8426.9
8316.1
8084.5
7887.9
7637.8
7311
7064.5
6737.2
6453.9
6187.1
5917.7
5637.1
5393.2
5265.8
5105.3
5183.6
5127.5
5277.3
5618
5810.2
6193.2
6534.1
7050.6
7562.4
8162.2
8798.8
9562.1
10314.3
11075
12051
12959.9
13654
14266.7
14775.2
15088.3
15362.3
15581.2
15699.6
15700.3
15567.8
15562.6
15622.3
15720.5
15534.9
15454
15423.2
15336.3
15208
14780.3
14401.9
14016
13902.9
13496.6
12957.2
12514.3
12195.9
11798.5
11551.2
11276
11175.1
11288.4
11396.4
11466
11547.6
11533.3
11590.7
11572.5
11473.5
11296.8
11405
11457.7
11560.8
11717.2
12056.8
12489.7
13359.2
14066
14945.3
15949.1
16867.7
17799.1
18576.2
19370
20103.8
20804.5
21661.4
22005.9
22591.1
23097.3
23771.6
24257.5
24505.5
24839.2
25411.2
25847.8
26423.7
26845.9
27288.8
27441.6
27459.2
27199.9
26859.7
25955.2
24528.7
23117.3
21486.5
19872.1
18320.6
16958.3
15263.6
13899.1
12530.9
11352.4
10281.2
9621
9255.1
9198.9
9333.3
9582.5
9925.8
10347.1
10887.5
11673.1
12595.5
13337.4
14297
15492.2
16595.9
17730.2
18918.1
20196
21245.3
22411.3
23715.8
24721
25818.7
27129.7
28522.5
29708.5
30745.1
31834
32377.5
32359.2
32153.4
31882.7
31159.4
29884.9
28798.7
27407.3
26110.5
24730
23254.7
21623.3
20023.5
18192.6
16526.8
14995.7
13599.2
12452.7
11504.3
10703.8
9942.8
9367.1
8822.6
8400.7
8096.2
7677.4
7589.2
7486.9
7577
7634.5
7944.8
8092.1
8422.8
8812
9307.5
9974.9
10509.7
11029.2
11820.2
12646.7
13304.4
13945.6
14532.9
15034.2
15567.4
15907.3
16273.5
16505.6
16858.5
17101.3
17201.2
17331.7
17523.9
17599.9
17519.9
17462
17272.2
17117.5
16765.5
16467.9
16063.5
15575.6
15120.4
14750.4
14472.4
14355.6
14355.8
14329.2
14408.1
14463.2
14186
14092.4
13762
13615.6
12578.2
11877.9
11238
10604.5
9985.7
9320.8
8760.7
8278.7
7697.4
6968.1
6349.1
5808.7
5321.4
4783.4
4174.4
3544.2
3116.5
2876.6
2618.4
2488.3
2314.2
2338.4
2250.6
2329.5
2274
2377.7
2443.8
2516.4
2638
2746
2795.6
2949.4
3144.2
3164.1
3342.1
3568.9
3721.7
3876.8
4167.5
4228.8
4278.2
4310.2
4359.4
4446.2
4375.7
4330.1
4182
4137.7
3887.9
3732.4
3617.7
3448
3258.8
3292.2
2856.2
2697.9
2406.7
2309.9
2104.6
1952.9
1702.4
1557.9
1473.4
1408.9
1378.2
1396.8
1373.9
1314.3
1338
1407
1527.2
1549.4
1605.6
1680.9
1839.4
1971.7
2087.2
2261.7
2413.9
2669.3
2777.3
3028.4
3299.1
3569.9
3908.1
4115.7
4288.7
4473.2
4559.8
4765.5
4662.4
4694.9
4686.1
4652.2
4613.8
4573.3
4536.2
4262.3
4089.5
3915.3
3807.2
3546.5
3277.2
2993.3
2751.4
2569.2
2381.3
2099.4
1790.4
1686.3
1472.9
1365.2
1253.8
1199.1
1180.2
1152.4
1168.9
1081
1168.2
1126.3
1091.8
1067.3
1079.5
1119.6
1133.1
1206.5
1249.3
1284.2
1385
1413.8
1516
1620
1759.3
1853.4
2045.5
2336.4
2410.6
2672.6
2749
2806.4
3048.4
3047
2914.6
2906.5
2899.4
2923.8
2935.6
3230.4
2816.5
2737.9
2684.3
2543.1
2449.6
2295.6
2127.5
1857.8
1661.1
1593.9
1526
1228.9
1101.8
915.6
884.6
759.2
613.6
610.9
681
676
669.9
640.8
652.3
702.1
473.1
600
571.7
518.7
626.6
512
473.1
468.4
433.4
446.4
442.9
402.2
340.7
292.8
274.8
295.5
292.8
196
286.8
178
197.3
186.4
167.9
79.5
201
91.8
135.2
163.1
165.4
155.6
221.8
202.5
218.7
217
256.3
313.9
300.2
396.2
455.4
420.2
473.3
464.4
410.9
370.4
472.5
423
455.2
420.3
380.5
415.1
331.2
309.4
305.5
331.1
328.7
287.4
364
183.4
178.2
342.9
107.1
108.6
136.5
57.4
68.9
76.5
37.3
3.1
0
33.4
72.1
76.9
230.5
79.1
17.6
13.3
42.9
115.7
43.3
61.9
71.8
77.1
108.1
95.6
97.4
158.1
175.9
197
196.9
230.2
259.5
275.1
307.8
295.3
373.9
368.2
351.3
341.6
393.6
366.9
371.6
291
333.7
312.2
219.8
208
237.7
185.4
182.7
232.8
172
126.3
138.3
156.4
176.6
275.6
411.4
562.2
621.4
665.3
649.6
617.6
573.8
586.4
612.6
699
669.6
583.1
543.9
563
455.9
543.3
383.8
407.8
386.3
309.8
341.3
251.7
258.6
285.6
242.4
293.7
298.2
283.2
458.5
324.2
255.6
322.2
252
318.1
348.1
278.4
334.6
326.4
370.4
415.9
369.4
363
407.7
396.8
311.8
361.9
286.3
309.1
232
214.6
228.4
226.6
149.4
158.3