7397.4
5975.5
3954
2399.8
1509
1530.2
1810.2
2164.8
2618.6
3341.5
4193.3
5333.3
6874.2
8464.2
10457.6
12947.3
15953.3
19160.6
21291.3
20364.9
15190.6
9181.1
4273.6
2126.2
2193.8
2366.6
2711.5
3245
4008.6
4871.8
6066.6
7791.1
9539.3
11953.5
14830.5
18233.3
22374.5
27743.1
32168.3
34341.2
30656.2
21299.2
11825.2
4097.6
1589.1
1369.4
1224.3
1113
1083.7
1177.2
1019.2
987.3
1007.4
1204.5
1236.1
1398.5
1619.6
1801.4
2129.2
2578.2
2790.8
2901.7
2576.1
2102.9
1483.4
1180
1088.9
1214
1434.7
1781.9
2254.7
2884.3
3594
4398.2
5413.2
6402.5
6956.2
6863.7
5598.3
3998.1
2453.1
1541.4
1434
1699.9
1808.3
2071.9
2269.9
2448.9
3070.8
3930.6
5130.5
6560.4
8268.7
9687
12008.3
14414.9
16022.1
16042.1
13225.8
9194.3
5286.8
2446.3
1938.6
2113.3
2303.3
2533.6
2947.9
3442.3
4083.6
4919.2
5982.1
7186.1
8790.6
10739.2
13022.9
15629.9
18648.9
22937.6
27853.9
30376.2
30222.5
25658.2
17693.5
10053.7
4096.7
2097.5
1909.4
2021.8
2098.8
2391.8
2551.8
3006.3
3499
4153.1
5058
5945.3
7246.6
8568.9
10361.5
12430.9
14902.2
17549.9
20791.9
25598.5
29349.3
30470.4
28644.3
22470.2
14597.7
7770.5
3257.5
2494
2596.4
2721.9
3028.2
3441.5
3925.9
4648.5
5351.5
5804.5
5809.2
5237.1
4042.9
2943
1956
1543.7
1550.6
1655.7
1761.2
1975.9
2417.1
2754
3307.5
4001.1
4787.3
5482.8
6359.2
7540.7
8754.2
9431.3
9266.2
8168.2
6018.7
3834
2135.2
1340.4
1274.7
1311.6
1356.2
1446.1
1598.5
1685.3
1799.2
2021.4
2329
2883
3589.5
4441.3
5497.1
6482
7525.4
8855.5
10629.9
12430.8
13392.4
13387.8
11840.2
8774.5
5514.5
2797.4
1565.2
1469
1453.3
1511.5
1599.1
1633.5
1713.9
1964.2
2017.3
2202.7
2463.9
2808.1
3225.3
3697.6
4324.9
5020.6
5810.1
6879.3
7868.6
9153.1
10682.1
12860.2
14336.1
14711.7
13821.5
11227.1
7708.1
4286.6
1846.4
1031.7
907.2
867.4
827.5
905
889.4
1099.1
1116.8
1174.3
1237.1
1356.8
1535
1734.4
1918.8
2232.6
2479
2827.2
3304.7
3758.8
4353.2
5026.7
5796.1
6798
8090.8
9408
10210.6
10209
9644
8234.2
6492.2
4915.5
3730.8
3169.4
2668.1
1904.3
1308.8
1048.6
818.6
859.8
827.7
839
839
875.2
1007.3
1095
1231.9
1385.1
1573
1845
2106.6
2374.6
2649.2
3104.1
3668.6
4174.6
4412.6
4401.7
3887.8
3137.7
2066.9
1232.6
632.5
476.6
432.8
438.3
514.9
509
536.7
566.8
626.6
664.1
898.3
713.6
746.6
875.3
1007
1326
1402.9
1723.5
2066.4
2342.1
2716.4
3030.8
3654.4
4428.1
5135.4
5357.6
5455.5
4887
3975.8
2837.7
1754.4
1109.8
952.3
984.8
955.1
902
851.6
843.4
751.4
688.5
674
683.4
750.5
757.4
801.9
889.7
999.6
1070
1186.4
1441.8
1450.2
1643
1891
2158.8
2441.6
2815.4
3151.1
3709.7
4286.8
4985.1
5198.4
5101.1
4665
4003
2952.6
1834.2
1047.7
654.4
549.2
545.3
571.1
629
598.6
599.4
647.2
688.6
688
710.2
815.5
811.5
874.6
912
957.7
1066.5
1182.1
1423.4
1471.9
1716.8
1951.3
2327.6
2613.4
2823.6
2959.3
3072.2
3052.9
2924.3
2862.2
2792.8
2944
2977.8
2869.9
2632.5
2382.8
1873.9
1300.6
933.5
610.9
624.7
602
617.3
699.9
738.3
799
929.1
967.5
1138.2
1311.5
1434.2
1513.8
1691.7
2004.9
2310.6
2493.5
2515.3
2381.6
2203
1873.3
1421.7
897.6
570.7
435.7
455.4
455.6
435.1
426.7
454
456.4
536.8
457.6
484.9
526.8
538.6
555.5
624.8
590.6
552.2
582.2
660.5
638.8
698.1
777.6
923.2
1074.2
1289.4
1395.9
1569.6
1710.1
1917.6
2217.7
2556.1
2879
2915.1
2928.2
2848.4
2681.6
2341.2
1876.8
1638.5
1357.8
1302.7
1243
1168.3
1004.1
874.2
759.7
559.6
497.7
452.2
506.3
593.9
699.3
843.4
876.8
954
1003.5
1107.4
945.1
830.6
696
693.7
791.2
846.9
899.1
973.1
1085
1108
1258.2
1343.7
1386.5
1565.1
1648.7
1757.2
1945.7
2131.1
2180.9
2179.9
2014.9
1903.6
1712.5
1340.3
1065.6
776.4
594.6
531.5
520
496.1
501.5
535.3
474.5
541.5
553.5
598.1
582.4
645.5
740.2
807.2
867.9
936.2
987.6
969.1
894.8
841.8
840.4
642.3
542.9
453.9
425.2
391.3
381.2
442.1
549.4
504
494
621.8
583.5
656.6
660.1
781.4
768.6
794.4
917
936.4
1032.2
1073.8
1015.7
975.1
973.5
945.3
930.9
844.6
816.7
836.5
846.3
975.6
994.5
1084.4
1213.9
1251.6
1200.9
1142.9
1116.6
1058.3
979
788.6
660.8
589.6
547.3
561.1
502.3
477
496
489.5
466.2
434.6
514.9
448.3
460.8
445.1
415.5
467.7
515.7
515.6
679.6
617.8
623.3
644.2
679.5
759.8
790.1
838.5
837.7
890.3
945.1
990.2
1036.6
1060.6
1100.2
1330.5
1326.4
1387.2
1411.8
1569.1
1625.4
1761.7
1857.1
1912.3
1950.5
1887.8
1890.5
1897.1
1879.5
1686.8
1599.3
1508
1415.6
1344.7
1224.1
1069.1
977
870.9
833.2
771.8
762.9
688.9
611.4
657.3
599.4
585.3
497.6
488.7
500.8
513.2
580.5
610.5
670.2
545.9
464
511.4
455.9
454.5
478.5
451.4
421.1
470.6
477.4
473.5
430.6
440.6
483.3
485.7
477.7
448.9
535.9
502.6
443.2
479.7
547.2
560.2
598.3
701
708
620.9
656.7
656.9
580
573.3
610
587
634
702
779.4
904.7
982.1
1178.4
1191.6
1341.1
1502.5
1605.6
1672.2
1680.6
1801.8
1901.2
1931
1933.2
2013.1
2034.5
2039.5
2044
2032.3
2072.2
2147.5
2066.6
2049
2059.9
2082.1
2163.4
2200.5
2226.4
2222.5
2244.4
2273.7
2207.7
2171
2119
2044.8
2024.8
2014.9
2041.1
1978.3
2151.7
2081
2130.3
2092.3
2157.3
2160
2194.6
2215.3
2123
2095.6
2192.5
2110.9
2098.3
2046.7
2109.8
2064.8
2075.9
2031.5
2030.4
2015.3
2020.1
1979.3
1884.8
1846.9
1757.4
1654.4
1575.5
1513.3
1479.3
1491.2
1470.4
1569.2
1502.2
1612.1
1610.1
1687.8
1746.3
1758.1
1704.6
1666.3
1649.8
1574.6
1476.2
1447.3
1380.3
1352.4
1261.9
1211.8
1192.2
1151.5
1172.7
1236.1
1277.5
1296.7
1263
1301.9
1249.5
1222.6
1209.4
1213.2
1209.6
1160.8
1194.3
1108.2
1131.5
1112.9
1123.1
1103.2
1113.2
1147.7
1252.8
1277.4
1296.1
1288.1
1256.8
1264.2
1238.9
1166
1109.8
1033.4
1023.7
785.5
720.4
723.8
619.1
617.8
605.3
654.6
653.1
648.3
693.9
614.8
714.8
708
687.4
711.9
723.8
798.5
807.8
829.6
814.2
873.9
991.7
910.9
963.2
963.9
1069.8
1064
1098.7
1071.5
1157.9
1231.8
1188.3
1285.1
1264.9
1362.3
1514.6
1591.5
1751.8
1815.5
2008.9
2226.2
2474.5
2795.7
3251.9
3771.9
4282.1
4912
5353.1
5740.2
5901.2
6082.3
6117.7
6277.7
6382
6471.4
6642.1
6766.2
6659.1
6219.4
5914.7
5704.1
5426.6
5435.8
5574
5920.6
6533.9
7276.2
7914.2
8309.1
8684.6
8808.9
8914.4
9041.4
9083.3
9268.1
9257.3
9344.9
9426.6
9110.2
8185.9
7676.3
7055.1
6704.2
6524
6641.3
7162.7
7731.2
8376.5
9052.8
9590.8
9830.2
9916.6
9914.7
9945.5
10182.2
10352.4
10300.1
10565.1
10562.6
10145.7
9308.3
8315.6
7629.3
7064.9
6805.5
6813.5
7269.4
7854.7
8506.4
9202.2
9875.3
10194.8
10430.1
10405.8
10360.7
10353.7
10614.6
10795.5
10826.4
11004.9
10760.2
10145.8
9217.6
8041.4
7221
6712.2
6365.5
6405.8
6807.1
7228
7792.7
8381
9159.4
9535
9666.3
9582.3
9254.5
9235.8
9349.6
9640
9706.7
9849.7
9811.1
9240
8566.1
7408.2
6698
5944.4
5581.7
5634.6
6011.3
6326.1
6875.7
7456.9
8107
8810.5
9144.9
9229.1
8927.9
8686.3
8700.1
8804.1
9211.5
9272.9
9520.3
9425.3
9169.2
8461.1
7280.2
6501.9
5678.9
5303
5354.3
5633.4
5847.1
6174.4
6752.7
7235.8
7871
8272.1
8386.4
8152.8
7737.2
7531.8
7435.2
7737.2
8000
7978.8
7937.7
7744.2
7531.9
6477.9
5306.2
4542.6
3786.2
3456.1
3341.1
3402.9
3359.5
3342.5
3482.2
3699
4179.6
4241
4379.7
4270
4067.4
3890.8
3937.2
4092.4
4458.5
4365
4523.1
4351.2
4176
3832.3
3115.1
2664.7
2313.7
2187.5
2203
2301.8
2396.1
2417.7
2508.9
2712.2
2931.1
3109.6
3123.6
3155.7
2914.4
2814.4
2717.5
2765.4
2853.3
2858.5
2804.6
2786.8
2754.3
2579.7
2400.6
2031.4
1769.9
1697.9
1667.6
1637.3
1676.9
1825.1
1920.6
2084.3
2329
2662.4
3041.8
3243
3582.4
3773
3868.7
3749.6
3580
3619.1
3564.8
3733.7
3765.8
3869.1
3721.8
3528.5
3537.2
3486.2
3209.2
2649.1
2335.9
2316
2441.5
2421.8
2418.3
2487.2
2714.2
3012.2
3434.9
3824.8
4336
4839.4
5509
5929.5
6332.9
6367.3
6260.1
5880.7
5754.9
5932.4
6082.1
6276.7
6416.9
6297.4
5955.4
5817.1
5905.7
5470.9
4679.2
3690.3
3422.3
3553.4
3587.6
3588.5
3503.8
3619.3
3897.3
4349.3
4855
5555
6259.2
7084.5
7804.4
8419.8
8969.1
9196.3
8939.9
8406.8
8059.9
8482.7
8700.9
9027.4
9263.2
9014
8572.3
8131.8
8321.6
8011.1
6951.8
5355.7
4825.1
4934.1
5166.7
5002.3
4799.6
4817.6
4962.4
5552.7
6102.7
6809.3
7600.4
8541
9563.9
10572.3
11363.3
11949.9
12152.5
11782.6
11034.6
10611.6
11195.2
11580.5
11966.2
12486.3
12139.6
11540.6
10737.9
11107.5
10887.5
9419.7
7146.7
6201.3
6367.7
6481.3
6545.8
6331.7
6294.3
6320.2
6976.8
7610.1
8470.9
9491.9
10564
11903.3
13249.6
14457.3
15381.5
16100.8
15996.8
15433.9
14514.1
14219.4
14860
15502.6
15924
16502.2
16101.9
15339
14334.2
14806.4
14502.7
12671
9833.1
8396.9
8661.3
9476.2
12578.5
18008.7
20448
19607
14366.5
11627.6
11568.7
12507.6
13708.1
15143.9
16864.4
18432
19764.3
20872
21509
21175.9
20339.5
19295.6
19283.3
19839.6
20684.7
21294.5
21868
21417.4
20350.4
19207.3
19362.8
18738.8
16380.7
12740.3
10521.1
10004.2
10042.4
9949.9
9632.8
9118.4
8832.4
8956.4
9453.7
10157.6
11127.6
12365.7
13575.7
15041
16256.4
17729.9
18807.5
19748.3
19888.6
19499.6
18696.6
17861.1
17904.5
18316.1
18737.9
19197.4
19604.2
19108.6
18211.5
17556.4
17197.7
16514.6
14302.6
11457.8
9288.7
8316
8053.5
7802.8
7590.1
7080.1
6800.5
6537.7
6652.5
6978.1
7397.9
8052.3
8744.2
9650.9
10571.9
11461.9
12218.3
12920.6
13285.3
13599.7
13289.2
12844.5
12331.1
12277.8
12389.1
12758.5
12984.5
13106.8
12825.5
12434.4
11898
11492.8
10823.2
9547.2
7907.1
6398.4
5569
4952.9
4621.6
4318.1
3958.2
3666
3419.2
3210.4
3190
3237.2
3459.2
3613.6
3906.3
4334.9
4553.2
4875.7
5123.6
5352.9
5494
5597.2
5503.7
5302.2
5197.2
5133
5193.8
5173.7
5358.9
5311.4
5198.1
5036.2
4920.6
4649
4378
3941.8
3305.7
2813.1
2351
1955.4
1715.5
1522.3
1366.9
1187.2
1026.4
828.8
812.6
651.3
584
596.5
511.7
518.4
497.8
570.5
513.6
528.9
499.6
461.8
461.1
477.3
494.8
475.3
502
424.9
467.1
464.9
540.5
450.3
465.4
514.7
547
583.1
504.4
716
576.9
526.2
553.6
595.1
544.7
639.6
599.2
634.9
610
646
749.3
786.9
916.6
897.7
877
866.4
839.9
865
814.3
889.7
902.7
1027.2
981.8
981.4
1028.4
1066.8
1186.9
1162.6
1251.9
1289.8
1446.2
1529.4
1738
1832.5
1958.8
2100.8
2414.3
2577.8
2834.4
2993.6
3236.9
3845.2
5681.9
6335.5
5550.3
3344.7
1565.4
1384.6
1376.7
1542.2
1487.5
1625.3
1751
1940.7
2122
2365.7
2593.2
2932.4
3363.6
3710
4217.2
4709.5
5315.5
6008.2
6810.5
7584.8
8425.1
9376.2
10467.9
11628.7
12798
14090.2
15202.1
16501.8
19100.4
24637.8
30750.1
31788.1
25993.9
15540
7947.9
4834
3911.8
3484.5
3261.1
3051.4
2827.2
2698.5
2713.1
2607.5
2650.5
2598.2
2750.2
2661.3
2778.6
2885.2
3080
3173.3
3460.9
3671.5
4020.5
4342.3
4674.4
5049.7
5461.6
5879
6362.9
6774.6
7162.9
7559.2
7770.5
8121.1
8260
8454.7
8584.9
8598
8669.2
8782
8906.7
8908.3
8856.1
8813.5
8898
8812.2
8600.7
8327.8
8183.9
7886.6
7571.2
7304
6970.9
6677.1
6364.3
6000
5788.4
5515.6
5351.6
5232
5296.5
5276.7
5409.9
5712.3
5930.1
6215.2
6656.5
7194.7
7706.4
8322.2
9041.9
9786.7
10612.6
11326.7
12337.3
13306.3
14140.1
14718.9
15271.9
15526.3
15829.2
15999
16209.3
16056.9
15982.5
16005.6
16082.6
16139.7
15970.6
15777.4
15907.4
15874.9
15588.2
15231.3
14787.8
14449.6
14224.8
13829.1
13310.6
12845.2
12424
12084.4
11839.7
11460.3
11439
11519.7
11677.7
11717.3
11820.7
11859
11987.4
11867.4
11733.3
11535.9
11580.4
11655.7
11706.9
11987.8
12265.1
12721.5
13565.4
14298.6
15288.9
16331.4
17320.3
18297.1
19020.8
19868.2
20546.2
21305.3
22113.6
22599.9
23123.7
23719.1
24390.1
24725.1
25176.2
25557.4
25986.4
26432.8
27036.4
27558
27979.2
28134.1
28244.4
28037
27574.7
26684.6
25178.2
23691.5
22015.7
20249.7
18668.6
17288.3
15443.8
14045.5
12626
11382.2
10323.7
9659.1
9281.3
9231.4
9378.4
9659.8
10011.2
10428.7
11077.8
11776.2
12751.2
13489.2
14556.4
15688.6
16863.5
18051.5
19258.7
20607.2
21641.1
22858.5
24124.7
25179.6
26326.4
27671.1
29117.3
30328.3
31539.1
32542.3
33126.6
33118.9
32915
32678.8
31768.9
30586
29420.6
28036.8
26706.1
25142.1
23661.3
21978.5
20263.2
18486.6
16697.1
15110.1
13748.9
12591.4
11651.1
10780.1
10037.2
9433.2
8914.9
8484.2
8077.9
7793.6
7654.8
7579.2
7656.4
7787.1
8026.9
8260.5
8500.7
8930.8
9469.5
10176.1
10663.4
11273.9
12049.9
12941.9
13501.2
14191.2
14857.4
15290.5
15869.6
16184.6
16592.7
16904.3
17249
17495.1
17466
17685.5
17903.1
17883.3
17835.6
17857.7
17627.8
17456.2
17069.2
16801
16413.6
15826.9
15418.7
15031.5
14797.1
14625.7
14606.8
14607.2
14713.4
14700.5
14486.6
14372.2
14067.3
13880.5
12810.4
12076.1
11387.1
10713.8
10128.9
9485
8914.1
8353.4
7745.4
7096.3
6429.9
5887.9
5334.2
4740.4
4125.3
3598.5
3142.9
2897.7
2642.4
2496.6
2339.2
2366.3
2312.8
2406
2367
2426.8
2488.6
2617.7
2685.1
2847.7
2908
3066.2
3232.5
3265.9
3491.3
3676.7
3840
4048.1
4331.7
4377
4466.5
4468.3
4569.3
4572.5
4502.2
4474.4
4318.9
4254.8
4032.2
3836.3
3768.1
3543.5
3347.7
3365.1
2928
2724.7
2450.1
2392.4
2145.9
1951.4
1728.6
1624.8
1528.6
1443.8
1394.7
1404.4
1407.3
1362.7
1342
1400.2
1524
1600.2
1655.9
1719.1
1853.6
1973
2137.3
2305
2507.4
2774.6
2862.2
3116.3
3410.2
3757.1
4049.6
4241
4496.3
4630.4
4735.5
4936
4848.6
4873.1
4832.7
4818.2
4773.7
4699.3
4613.4
4356.5
4198
4037.4
3886
3620.3
3329.2
3049.9
2788.2
2621.5
2453.1
2122.2
1836
1736.4
1510.3
1426.5
1313.8
1269.6
1230.1
1190.2
1185.2
1137.8
1169.4
1128.8
1107.7
1113.2
1118.5
1169.9
1149.4
1260.9
1310.9
1290.9
1442.2
1472
1575.9
1677.3
1789.3
1884.1
2129.8
2368.3
2542.6
2717.4
2881.4
2924.3
3086.6
3116.4
3058.1
2967.4
2983.1
3014.6
3043.2
3239.4
2887.8
2781.7
2729.1
2644.1
2513
2328.3
2125.1
1867.6
1717.3
1604.6
1527.3
1254.8
1097.7
935.9
858.2
771.8
653.8
674
704.5
663.3
666.4
666.5
691.6
702.9
532.1
665.1
598.3
566.6
652.2
551
496.4
483.3
479.7
489.9
442.5
438
378
309.3
319.1
315.6
311.1
243.9
286
177.6
204.3
172.5
184.4
98.7
220.8
97.7
151.5
166.3
191.6
169.9
209.9
204.5
268.4
221.3
268.7
312.8
340.3
434.2
505.4
442.6
504.4
493.9
458.2
417.1
471.8
434.2
465.9
444.3
405.8
442.1
356.9
311.6
328.4
339.1
320.5
278.8
368.6
193.4
199.2
353.3
80
95.3
118.6
61.1
65.4
29.7
18.5
0
1.6
35.5
26.8
78.6
231.2
76.6
9.5
24.8
34.9
100.2
51.1
40.3
48
81.3
122.8
100.9
90.9
173.1
180.3
186.5
200.2
213
278.5
282.4
310
326.6
364.3
394
376.1
356
390.5
371.3
375.1
286.6
342.2
304.2
229.7
206.7
264.8
185.3
143.6
197.8
160.3
119.9
116
162.8
170.4
269.5
420.9
589
650.7
683.9
643.9
608.2
538.9
602.5
601.3
702.7
647.9
573.9
531.6
534.2
405.9
503.4
377.6
376.5
340.2
278.7
312.9
266.5
237.3
255.2
252
264.2
267.3
259.9
432
291.2
270.9
277.6
236.8
302.4
323.7
247.9
296.2
310.2
340.8
418.2
360.8
336.3
406.6
348.1
309.8
345.3
295.3
298.7
234.7
206.3
203.4
210.7
136.6
164.2