5100.5
3312.7
1746.3
1280.5
1395.2
1638
2024.7
2496
3066.7
3924.4
4979.8
6296.1
7969.6
9790.9
12130.7
14754.3
17464.4
19355.7
18094.8
12999.9
7474
3253.6
1843.6
1931.4
2240.6
2577.1
3065.2
3711.2
4660.5
5745.1
7226.4
9255.6
11354.5
13900.7
17042.9
21025
25551.5
30040.6
31669.4
27678.7
18348.2
9394.8
2872
1322.1
1106.4
1042.9
976.9
877.2
908.5
990.3
833.1
802
902.9
1133.2
1139.9
1339
1545
1789.8
2141.1
2442.6
2406.7
2209.9
1602.7
1241.1
924.4
961.4
1014.9
1206.6
1501.3
1979.9
2567.7
3163.1
3824.6
4614
5510.5
6074.8
5958.8
4747.8
3203.1
1930.4
1302.6
1257.1
1381.2
1673.9
1739.6
2066.1
2336.4
2686
3612.1
4695.3
5935.6
7362.9
8918.2
10752.9
12881.4
14247.4
14186.5
11484.1
7574.1
4209.6
2033.2
1695.3
1845.3
2085.9
2358.1
2661
3158.4
3752.4
4543.6
5527.7
6761.9
8142
9923.7
12072.5
14526.4
17231.2
21129.6
25436.1
28033.5
27651.6
22689.8
15198.2
8098.4
2953.7
1819.4
1745.8
1752.3
1998
2085.8
2442.4
2732.7
3319.2
3915.4
4683.9
5738.9
6830.9
8265.3
9873.8
11838.6
14024
16614.8
19780.9
24065.4
27599.6
28734.5
26144
19981.9
12430.1
6093.3
2544.5
2186.9
2235.4
2429.2
2652.1
3027.3
3386.1
4058
4805.4
5119.7
5055.8
4432
3352.6
2361.5
1578.2
1308.9
1397.9
1463.7
1552.9
1774.2
2044.9
2574.4
2969.1
3630.9
4346
4948
5679.7
6736.4
7796.2
8417.4
8255.6
6923.7
5030.5
3077.7
1576.4
1158.6
1118.1
1161.8
1187.9
1283.4
1359.7
1525
1611.9
1798.2
2107.8
2615.9
3308.9
4159.6
5016.5
6027.5
6922.3
8068.2
9780.7
11497.4
12382.2
12054.2
10377.4
7502.6
4471.9
2153.7
1316.8
1309.2
1346.2
1343
1439.6
1509.6
1546.5
1714.1
2018.6
2100.7
2315.7
2632.9
3015.2
3519.2
4054.1
4766.8
5527.5
6382
7493.1
8599.7
10282.6
12084.4
13493.5
13650.6
12567
9905.9
6452.3
3370.3
1344
847.6
829.1
732.7
735.5
743.2
825
830.4
1071.5
1118.5
1198.6
1284.2
1412.8
1609.5
1873.5
2004.4
2390.1
2681.1
3103.3
3615.9
4098.4
4732.6
5514.8
6426.4
7692.5
8923.6
9564.8
9556.6
8707
7278.6
5556.6
4067.8
3208.7
2708.8
2129.6
1564.2
1018
749.9
891.1
731.1
795.4
738.3
722.4
756
802.8
957.5
1084.8
1245.9
1440.7
1613
1863.3
2136.7
2390.5
2761.5
3291.8
3799.9
3942.3
3776.4
3443.1
2569
1652.4
822
475.8
362.9
342.4
356.9
341.2
414
455.5
422.2
520.7
562.5
565.9
849.3
670.4
741.9
905.4
1107.1
1466.5
1518.1
1892.1
2170.4
2422.7
2860
3320.7
4042.8
4638.3
4942.4
4845.6
4438.7
3462.7
2340.3
1367.4
877.5
848
832.5
840.4
788.9
710.6
676.4
632.9
567.8
609.7
572.6
632.3
659.6
733.2
760.6
877.8
955.2
1050.3
1202.1
1482.4
1493.6
1707.6
1990.9
2255.6
2577.6
2950
3412.6
4064.8
4569.5
4860.9
4671.9
4301.8
3515.8
2512.8
1498.6
762.3
517
510.1
425.3
443
464.6
528.5
514.4
497.6
582.6
602.1
611.3
640.8
749.7
766.9
805.4
831
923.2
1021.8
1150.6
1401
1474.5
1726.4
1999.9
2376
2533.1
2687.1
2681.8
2718.5
2615.9
2542.3
2605
2720.8
2740.4
2646.9
2444.5
2034.3
1573.1
1036.2
680
601.9
507.7
507.5
494
522.7
647.2
703.8
751.6
877.7
974.3
1105.1
1235.5
1338.6
1486.2
1722.4
2011
2197.8
2279.6
2086.8
1933.1
1556.8
1099.2
726.1
421.2
319.8
317.6
362.3
355
338.3
312.2
351.4
347.6
445.2
341.1
393.8
433.2
463.2
449.3
525.7
484.5
464.9
501.8
600.9
587.5
694.5
813.1
985.5
1061
1311.8
1381.5
1571.2
1723.4
1977.7
2314.4
2597.5
2697
2631.5
2570.1
2421.2
2053.2
1679.4
1328.2
1315.1
1188.6
1124.3
1027.3
946
725.5
601.5
475.6
372.2
348.3
394.9
490.5
602.3
664.9
755.8
759.8
871.2
856.1
826.1
654
597.2
576.3
637.8
770.5
782.6
872.5
877.3
1017.7
1047.9
1203.5
1262.4
1302.7
1491.6
1589.6
1747.7
1901.5
1984
1888.2
1811.2
1644
1447.8
1185.5
774.2
593.1
466.1
415.6
383
427.8
386.5
376.6
420.5
373.5
419.4
426.9
498.2
473.1
562.1
630
738.9
762
812.8
775.5
736.1
674.2
576.9
571
387.9
312.5
306
322.8
319.6
332.7
352.6
524.3
427.5
431.1
534.2
515.2
567.9
589.1
677.7
687
759.9
898.1
857.6
855.1
902.5
870.6
792.6
745.7
733.5
714.2
654.2
685.8
783.3
768.4
859.3
914.4
975.8
1073.2
1030.3
977.4
905.4
837.6
777.5
697.1
518.5
466.3
451.5
430.1
439.4
371.3
352
389.5
364.8
350.8
317.4
428.1
312.4
302.4
331.5
315
375
417.7
449.1
618.8
511.8
513.6
510.6
572.7
634.5
691.9
717.8
710.3
809
816
846.8
947.5
960
989.2
1247.1
1171.1
1257.5
1291.1
1447.3
1561.9
1663.4
1643.7
1703.2
1729
1704.9
1632.4
1642
1559.2
1387.8
1308.3
1233.8
1159.1
1005.6
881.4
756.9
702.7
620.5
645.8
586
548.7
444.1
433.3
502
467.1
456.2
353.3
384.9
331.7
373.1
418.4
519.1
575.2
396.1
330.4
361
346.7
338.9
393.4
336.2
333.6
349.6
358.5
352.8
331.4
354.2
361.1
362.8
316.8
320.3
455.4
385.3
358
391.9
528.8
487
486.4
573.1
601.9
492.6
491.5
501.8
420.2
402.1
524.2
519.5
562.9
655
724.8
838.3
923.1
1081.1
1136.3
1225.8
1407.2
1439
1496
1571.3
1601.8
1704.4
1676.6
1717.3
1749.1
1763.2
1761.1
1778.7
1765.7
1824.2
1892.9
1800.5
1790.8
1777.9
1859
1909.2
1886.1
1900.2
1969.6
1935.6
1948.7
1867.4
1823.3
1841.7
1747.8
1716
1726
1740.3
1751.5
1891.5
1823.2
1827.6
1853.7
1860.1
1879.7
1875.7
1871.4
1827.7
1822.5
1868.3
1824.7
1799.6
1755.2
1818.7
1746.8
1775.9
1688.7
1719.8
1718.6
1693.2
1655.2
1544.2
1499.2
1404.2
1292.5
1259
1224.4
1218.3
1283.4
1288.5
1400.3
1331
1389.1
1411.6
1517.8
1552.9
1455.1
1426
1400.3
1360.1
1260.8
1222
1164.9
1148.1
1106.1
1053.7
1016.4
1022.7
1025.1
1007.1
1075.3
1129.4
1091.7
1065.1
1109.3
1075.6
1033.9
1012.5
1068.6
1033.9
964.7
1003.9
962.3
966.8
951.3
982.8
938.8
1013.5
1048.6
1149.7
1172.3
1167
1140.1
1104.2
1085.5
1056.5
965.6
879.4
771.7
836.5
557.1
536.1
574.7
471.6
520.9
531.4
504.7
507.2
512.1
587.9
520.5
610
584.1
557.9
602.9
629.6
687
695.9
702.9
726.4
738.7
867
795.8
873.7
907.7
951
952.9
948.4
987.6
1033.6
1102.2
1075.7
1126
1150.2
1301.3
1444.1
1503.6
1671.8
1723.4
1994.5
2177.8
2495.7
2834.1
3372.4
3889.7
4316.9
4803
4996.3
5305.3
5356.6
5417.7
5529.4
5686.1
5683.2
5842.7
5999.7
5840.9
5535
5163.9
4977
4823.6
4736.4
4996.9
5336.6
5862.5
6482.1
7112.1
7489.9
7648.1
7891.7
7924.3
7993.9
8188.9
8122.4
8310.8
8446.2
8297.6
7902.1
7479.6
6682.6
6263.1
5914.2
5828.5
5996.6
6414.2
6938.9
7572
8188.3
8546.8
8859.5
8874.3
8885.5
8945.3
9094.9
9293.7
9314.8
9463.4
9452.4
8977.7
8295.6
7411.7
6804.9
6333.3
6019.7
6170.2
6525.4
7125.9
7746.7
8446.3
8990.6
9287.4
9388.4
9329.1
9360.8
9327.5
9618.7
9818.1
9847.2
9968
9689.4
9061.2
8160.3
7269.4
6456.9
5875.6
5771.5
5851.8
6114.2
6663.9
7153
7670.6
8333.8
8673.6
8838.2
8578.2
8445.7
8329.6
8514.9
8818.6
8798.8
8885
8899
8486.7
7618.4
6688.1
5887.2
5432.6
5026
5085.8
5460.5
5877.1
6281.7
6902.5
7522.8
8029.3
8390.9
8384.1
8083.4
7932.3
7884.8
8081
8444.1
8534.8
8584.1
8741.2
8310.5
7644.4
6551.4
5778.3
5284.6
4808.1
4881.6
5183.2
5414.2
5652.3
6166.4
6689.7
7264.9
7579.8
7784.2
7480.9
7134
6945.7
6841.5
7111.9
7406.8
7295.2
7286.4
7091.4
6694.5
6097.5
4801.9
4051
3467
3190.1
3068.6
3003.8
3074.5
3062.6
3160.1
3350.3
3651
4032.5
3925.3
3897.4
3620.3
3549
3506.8
3695.8
3970.2
4104.9
3927.6
4129.6
3783.6
3472.4
2757.8
2355.3
1983.3
1916.1
1957.5
2018.5
2075.2
2175.5
2267.1
2355.3
2596.5
2734.7
2809.1
2692.4
2631.7
2493.2
2433.9
2422.8
2439.9
2624.1
2466.4
2427.3
2391.5
2357.2
1982.4
1721.4
1484.9
1374.3
1468.4
1464.7
1425.9
1550
1682.7
1817.9
2037.7
2281.4
2596.5
2961.6
3090.6
3305.2
3347.8
3273.1
3116.3
3157.7
3256.5
3221.3
3386
3360.2
3273.8
3058.4
3092.7
2999.1
2764.1
2353.7
2040.5
2004.7
2094.6
2135.6
2163.5
2203.4
2371.7
2695.2
3017.1
3448
3896
4332
4846.1
5310.7
5591.2
5803.8
5514.6
5263.5
5106
5281.4
5469.4
5632.7
5731.3
5591.3
5286
5163
5168.1
4847.1
4028.8
3309.2
3004.2
3194.6
3252.9
3146
3210.8
3245.4
3586.1
3916
4402.8
4979.4
5661.3
6364.7
7170.4
7612
8095.4
8318.2
8060
7570.2
7308.9
7621.2
7922.3
8111.8
8396.4
8087.1
7758.2
7219.3
7537.1
7188.2
6136.8
4774.5
4379.9
4482.8
4599
4553.6
4350.7
4308.8
4572.6
5066.7
5537.7
6239.3
6970.8
7819.3
8730.2
9689.2
10339.3
10982.3
11028.9
10671.6
9986.5
9634.3
10233.2
10595.1
10924
11345.5
11002.8
10501.6
9806
10083.7
9798.1
8509.9
6443
5623
5836.4
6046.7
5945
5783.9
5799.5
5901
6413
7046
7813.5
8759.9
9779.5
11085.9
12213.4
13238.6
14135.8
14840.7
14819.2
14138.6
13279
13123.4
13800
14206.8
14681.6
15105
14768.5
14148.6
13101.9
13430.7
13210.4
11510
8923.4
7775.2
7883.8
8805.3
11704.2
16368.6
18760.8
17662.8
13028.9
10704.7
10723.6
11622.5
12608.7
14186.5
15738.7
17140.9
18206.2
19267.1
19893.4
19641.7
18720.3
17774
17732
18480.1
18954.3
19758.8
20117.9
19805.9
18755.6
17817.3
17737
17208.8
14878.3
11570.7
9765.1
9311.8
9233.9
9127.9
8851.4
8503.1
8127.2
8329.4
8778.3
9430.1
10358.2
11378.3
12612.6
13902.1
15316.5
16361.5
17464.3
18155.1
18537.4
18014.1
17257.7
16541
16540.2
16993.4
17563.5
17891.9
18089.7
17729.5
16873
16152.3
15939.5
15092.2
13146.5
10518.5
8546
7726.2
7425.1
7188
6906.5
6657.5
6175.6
6185.5
6120.7
6447.9
6958
7495
8170.2
8915
9851.2
10612.1
11455.6
12051.7
12383.1
12448.7
12430.9
11862.1
11569.3
11300
11561.7
11832.1
12021.4
12164.3
11894.9
11442.1
11107.3
10656.2
9961.8
8652.8
7362.4
5903.3
5052.9
4637.2
4251.3
3935.4
3687.3
3333.8
3118.3
3008.3
2935.5
2987
3121.5
3427.1
3607.9
3896.5
4319.9
4488.6
4793.9
4969.8
5099.4
5143.2
5072.5
4941.2
4785.6
4747.7
4742.5
4920
4820
4941.2
4846
4761.9
4495.6
4334.6
4052.5
3548.7
3054.2
2490.7
2115.7
1835
1505.5
1341.2
1169.1
1034.4
875.8
773.9
562.3
601.3
481.4
435.3
452.2
377.8
376.3
353.2
447.1
432.7
389.1
347
327.5
329.1
341.5
327.9
343.3
411.4
321
350.2
371.5
462.9
386
364.4
409
447.7
492.4
425.5
590.3
472.5
428
423.1
463.4
448.4
558.1
490.7
536.4
491.7
522.9
726.2
738.2
789.4
671.8
670
684.9
738.2
773
726.8
758.7
797.2
941.5
822.8
887.2
913.5
950.4
1084.1
1046.9
1128.6
1180.5
1318.9
1422.9
1690.5
1790.6
1891.2
2081.3
2322.7
2528.4
2692.7
2883.7
3441
5113.6
5780.5
5020.2
2934.8
1391.9
1263.9
1205.1
1261
1489.3
1452.7
1564.9
1717.9
1920
2150.3
2466.8
2696.4
3042.1
3497.2
3852.3
4395.9
4953.1
5580.9
6274.6
7041.5
7796.7
8748.5
9708.5
10766.8
11858
13073.2
14211.3
15414.9
17702.2
22912.7
28627.6
29699.5
24189.6
14381.1
7491.5
4414.3
3605
3187.3
2942.6
2777.3
2622.2
2400.7
2414.1
2420.2
2323.3
2478.6
2371.2
2586.4
2509.8
2653.8
2763.5
2967.3
3133.4
3417.2
3694.4
4004.2
4274.9
4652.2
5035
5409.9
5830.2
6266.6
6662.8
6945
7255.1
7396.1
7691.9
7776.6
7920.9
7957
8051.5
8160.1
8184.4
8234.4
8180.5
8093.8
8147.6
8182.1
7875.6
7691.7
7452.1
7331.5
7052.1
6666.5
6408.2
6087.7
5869.8
5591.6
5323.6
5132
4925.5
4858.4
4805.6
4981.1
4985.1
5203.8
5578.9
5787.1
6193.3
6601.5
7254.1
7773.4
8391.1
9111
9815.7
10562.1
11370
12308.1
13045.8
13657.5
14123.2
14421.7
14637.8
14895.7
14949.7
15038.1
14872.8
14883.1
14997.3
14932.7
14828.2
14739.3
14710.5
14684.6
14550.9
14136
13747
13458.5
13119.5
12867.1
12423.8
11849
11477.4
11284.4
10971
10769.2
10595.3
10733.2
10782.2
10946.5
10995.9
11015.6
11036.4
10962.3
10875.1
10718.9
10760.5
10945
11058.9
11210.1
11534
11933.4
12584.8
13581
14328.4
15216.7
16183.1
17036.5
17832.6
18495.1
19314.3
19940.3
20622.2
21262.7
21629
22144.5
22764.8
23380.4
23636.1
23877.8
24263.1
24875.9
25282.1
25815.6
26123.6
26496.7
26467.9
26312
25717.8
25026.8
23621.8
22158.9
20683.7
19012
17569.8
16041.7
14743
13147.2
11895.6
10734.1
9815.9
9122.5
8864
8726.1
8878.6
9203
9509.6
9973.9
10473.8
11097.5
11945.6
13004
13749.9
14921.8
15966
17134.1
18294.8
19411.3
20607.9
21604.9
22697.6
23939.4
24999.8
26237.6
27542
28845.5
29751.2
30713.1
31324.2
31497.8
31214.7
30711.6
30219.4
28952.1
27794.5
26521.7
25234.5
23828.1
22372.9
20778.6
19105.1
17518.8
15891
14332
12990.8
11990.1
10980.7
10218
9496.3
8939.2
8449.2
7975.1
7662.5
7410.1
7238.9
7245.9
7179.8
7338.6
7551.7
7850.3
8094.3
8435.2
8929.1
9505
10167.1
10732
11356.9
12059.8
12859.4
13386.7
13932.5
14446.8
14914.3
15288.3
15614.2
16003.2
16059.9
16314.1
16636.8
16669.8
16856.7
16880.6
16836.2
16796.6
16615.9
16414.4
16288.4
15763.4
15420.6
14973.2
14513.9
14213.7
13901.8
13697.3
13662.9
13785.9
13742.5
13595
13541.9
13331
13124.1
12550.6
12268.5
11192.7
10551.9
9951.2
9366.8
8866.3
8204.3
7682.2
7124.3
6548.1
5941.2
5457.4
4934.1
4414.9
3801.7
3343
2947.5
2614.8
2465.5
2269.6
2210
2104.2
2172.4
2109.5
2268
2212
2276.8
2329.5
2506.8
2578.9
2737.9
2768.7
2941.3
3068.2
3147.1
3349.4
3577
3740.4
3864.5
4052.4
4068
4111.4
4134.5
4206.6
4182.5
4080.4
3969.9
3858.3
3782.8
3562.4
3369.7
3238.4
3124.9
2930.6
2917.7
2442.2
2297.1
2099.6
2055.7
1804.4
1634
1474.5
1368.3
1317
1266.2
1283.5
1329.4
1332.4
1278.6
1314.1
1355.1
1500.6
1560.5
1637.5
1702.2
1887.4
2005
2170.6
2293
2522.4
2771.2
2907.2
3215.1
3434.1
3697
3968.5
4121.4
4325.5
4424.1
4451.5
4598.4
4563.6
4477.8
4487.7
4402.1
4383.3
4251.3
4169.4
3887.2
3723.1
3628.1
3415.7
3067.5
2827.9
2621.8
2437.2
2234.9
2008.3
1777.6
1532.6
1467.1
1267.6
1214.6
1150.8
1100
1094.8
1070.4
1079
1047.1
1092.8
1061
1048.5
1030.2
1060.8
1145.3
1112.3
1255.2
1302.4
1292.5
1441
1440.9
1597.8
1681.7
1785.3
1933.5
2187.6
2492.7
2587.7
2753.3
2786.1
2775.4
3009.9
2974.9
2816.5
2798.1
2805.3
2846.7
2879.4
3075.1
2619.8
2532.3
2456.5
2396.8
2200.2
1944
1834.7
1629.8
1505.2
1390.9
1256.1
998.4
900.1
788
764.9
648.7
556.4
585.7
645.3
642.1
608
606.9
582.2
624.4
446.7
567.7
547.2
472.8
569.2
472.3
442.3
436.3
388.6
414.7
375.5
344.4
281
250.5
276.3
247.3
225.3
193.2
259
136.3
186.8
130.1
163.3
84.2
197.7
78.6
149.6
164
164.2
129
222.4
194.5
268.5
203.1
258
303.7
336.4
421.6
476.5
426.6
440.8
442.7
402.3
363.8
434.7
374.3
422.9
380.2
388.1
386.4
298.1
264.3
266.9
305.8
276.6
244.6
320.2
136.7
151.8
332.1
86.3
95.9
105.9
41.1
86
53.1
24.5
2.9
6.8
59.2
67.9
87.6
229
103.1
0
39.6
47.4
137.6
57.3
69.6
91.9
82.2
145.5
109
95.7
166.3
176.6
189.5
204.7
209
292.6
316.2
348.9
301.3
370.9
359.5
327.9
323.7
365.2
322.1
319.8
286.3
323.8
282.6
208.4
219.8
240.4
175.3
153.3
210.5
169.5
98.5
167.4
201.2
245
365.6
519.2
674.1
662.7
586.1
551.6
561.5
552
597.2
584.8
681.3
653.2
502.5
460.1
448
391.2
475.8
329.9
360.1
340.6
304
347.2
248.1
275.5
295.6
238
280.4
283.2
289.5
474.4
311.3
267.2
288
263.9
322.4
367.1
268.9
357.4
327.4
378.8
454.2
389.1
352.8
407
352.2
281.8
330.7
253.6
298.6
229.9
167.6
192.9
200.8
118.6
166.5