NaN
4617.2
2905.2
1454.1
1290.4
1427.9
1672
2141.8
2563.9
3175.3
4047.3
5205.6
6516.2
8214.2
10039.1
12451.8
15071.5
17628.8
19075.8
16805.3
11405.4
6166.2
2577.6
1799.6
1892.3
2263.1
2567.2
3083.9
3796.7
4770.6
5894.8
7376.9
9377.5
11527.7
14190.3
17318.3
21443.3
25810.2
29799.9
30425.1
24966.6
15627.4
7266.4
2050.4
1196.5
1083.8
1030.1
978.3
890.6
882
1008.8
854
845.3
909.4
1164.7
1208.7
1382
1633.2
1887.6
2233.9
2487.2
2376.8
2127.4
1497.3
1141.5
930.8
996.3
1059.4
1284.7
1610.6
2139.8
2762.3
3339.9
4070.6
4897.1
5698
6173.9
5794.2
4408.8
2910.7
1675.9
1264.1
1260.8
1393
1697.9
1742.9
2111.3
2397
2838.4
3820.9
4902.3
6164.5
7668.6
9269.6
11196.7
13105.8
14200.2
13615.7
10452.9
6652.1
3462.8
1844.8
1698.3
1839.1
2117.5
2445.5
2744.2
3251.3
3855.9
4690.1
5647.5
6968
8345.9
10187.1
12418.5
14812.9
17563
21828.2
25664.6
27821.4
26300.9
20470.5
13036.3
6475.7
2323.6
1779.9
1706.3
1722.8
1963.5
2091.6
2467.6
2810.5
3312
3963.9
4784.6
5817.4
6821.7
8388.6
9963.5
11896.1
14132.7
16806.6
20108.9
24313.9
27305.7
27732.2
24159.3
17547.6
10492.4
4771.2
2321.2
2156.3
2253.6
2489.2
2761.6
3081.7
3580.1
4235
4977.2
5186.4
5020.3
4240.2
3155.5
2124.9
1443.8
1274.4
1391.1
1453.5
1601.6
1770.5
2140.8
2680.1
3130.8
3783.7
4509.8
5131.6
5899.1
7107.1
8032.5
8483
8075.1
6547.9
4550.3
2699.8
1383.5
1168.6
1156
1177.3
1193.2
1315.9
1385.4
1577.2
1618.9
1861.7
2201.1
2758.3
3496.7
4338.2
5284.6
6226.1
7136.5
8390.7
10223.6
11658.8
12335.5
11714.9
9682
6712.7
3794.6
1786.8
1318.8
1326.7
1360.3
1347.2
1475.8
1575.5
1571.7
1681
1999.6
2140.3
2344.1
2679.2
3081.5
3580.9
4100.7
4875.7
5604.8
6470.1
7601.2
8784.6
10530.3
12344.4
13463.1
13248.1
11755.7
8955.4
5535.7
2698.2
1086.7
820.6
808.9
737
730.1
723.4
852
828
1065.5
1125.4
1221.1
1278
1423.3
1615.2
1879.4
2041.4
2435.7
2700.8
3137.5
3622.5
4111.2
4791.1
5588.5
6517.9
7797.7
8901.3
9348.5
9165.3
8205.4
6790.3
5162.3
3771.4
3096.7
2586.5
1953.5
1438.3
907
699.3
855.9
681.6
793.3
719.4
715.6
722.4
811.6
950.3
1096.6
1278.6
1497.2
1680.6
1911.9
2186.6
2505.4
2873.2
3482.8
3897.6
3914.1
3754.8
3314.9
2339.6
1467.8
684.4
413.6
355.9
357
334.5
352
402.5
461.4
438.4
497.9
564.2
577.5
868.2
654.6
742.1
887.8
1144
1514.1
1595
1920.7
2216.5
2490.8
2945.1
3432
4182.3
4745.2
4929.3
4609.1
4268.9
3162.1
2049.6
1184.8
800
778.5
789.1
759.2
705.6
647.2
641.4
639.6
536.6
580.5
566
593.2
688
713.7
712.9
857.1
945.7
1046.4
1149.3
1507.4
1499.9
1739.1
1953.5
2269.3
2605.5
3009.6
3449.5
4099.3
4592.8
4755
4492.8
4024.3
3218
2203.8
1255.1
622.3
472.5
503.5
445
458.9
462.4
519.3
493.7
513.2
568.9
611.8
634.6
624.7
735.4
762.2
824.4
859.7
930.3
1038.9
1154
1456.6
1559.4
1794.5
2090.5
2456
2582.9
2660.2
2637.5
2665.5
2556.4
2426.4
2521.6
2636.9
2630.4
2524.6
2286.8
1865
1388.9
914.1
612.3
548.3
461.1
462.5
504.9
519.1
643.1
708.8
781.6
908.1
975.7
1110.2
1280.2
1397.7
1578.7
1802.1
2083
2192.4
2250.7
2055.8
1846.5
1463.7
960.7
593.6
355.2
304.6
290.2
368.8
342.4
340.7
311.5
338.6
335.3
445
324.1
367.8
430.7
439.3
444.3
526.3
469.6
441
499.1
580
564.5
692.7
800.9
957.9
1053.6
1313
1375.8
1601.1
1745.5
2008
2343.8
2547.5
2622.5
2527.3
2417.9
2270.2
1862.9
1461.6
1185.5
1157.1
1061
969.4
892.1
823.6
635.3
505.2
413.7
325.9
336.7
372.7
502.7
556
644.3
669.2
717.3
820.3
763.6
776.3
579.6
538.7
557.9
602.4
723
763.1
845.2
881.2
991.7
1027.9
1181.1
1228.8
1310.7
1471.8
1593
1745.9
1905.2
1962.3
1838.3
1732.8
1605.8
1418.8
1075.3
720.3
529.6
458.4
412.3
380.2
418.8
396.8
407
426.9
377.7
468.9
469.4
498.7
490
569.8
702.8
747.5
766.6
799
753.7
709.5
644.7
556.5
522.4
349.9
274
299.2
340
321.3
326.8
349.1
474.7
435.7
434.9
508
525.3
550.6
607.1
670.5
722.2
749.6
895.8
838.1
865.5
832
829.1
778.8
709.9
709.8
695.1
641.7
674.8
751.9
784.8
887.7
943.8
1005.7
1047.2
1005.5
965.9
893
812.2
686.9
639.9
458.7
449.5
423
390.2
422.7
340.5
325.9
374.9
362.2
362.2
313
383.7
335.5
332.5
331.3
329.7
342.3
415.6
445.6
630.5
500
541.3
557.9
600.4
639.5
718.5
739.6
692.9
778.1
847.2
868.9
935.1
963.5
1029.1
1213.3
1181.3
1271
1280
1487.2
1567.1
1622.5
1657.2
1641.6
1668.5
1633.4
1571
1517.4
1471.6
1257
1233.4
1155.2
1113.8
976.4
855.4
732.5
698.8
619.8
631.6
604.1
540.7
444.1
436.1
507.9
468.8
442.7
365.8
367.4
367.8
378.1
409.6
513
540.6
405.6
354
348
342
340.3
371.2
333.6
340.1
323.1
356.5
344.7
346.8
336.8
351.1
355.2
339.9
329.6
456.7
403.7
352
393.8
502.5
486.8
480.4
588.4
579.8
473.1
475.6
480.8
405.6
424.9
549.5
507
578.3
698.7
762.8
887.4
972.1
1102.3
1166.5
1235.2
1402
1440.9
1511.4
1529.6
1652
1714.5
1730.8
1741.3
1761.2
1759
1772.3
1782.3
1746.7
1847.2
1905.4
1821.2
1819.4
1843.3
1906.2
1983.5
1927.7
1956.1
1957.1
1986.8
1928.4
1888.6
1843.7
1830.3
1741.4
1710.9
1704.9
1757
1791.2
1914.5
1872.7
1850.7
1860.3
1898.7
1892
1888.1
1892.2
1854.3
1826
1915.3
1868
1799.7
1738.5
1809.5
1771.3
1822.5
1734.6
1724.4
1729.8
1733.4
1634.3
1549.8
1521.7
1440.1
1301
1289.6
1250.5
1259
1354.3
1337.5
1440.5
1387.5
1419.7
1464.3
1539.2
1538.5
1516.8
1436.6
1453.9
1372.7
1244.9
1201
1178.9
1132.6
1087.7
1027
1011.2
1020.1
962.8
1011
1074.5
1150
1077.7
1075.4
1119.8
1068.6
1032.7
1006.6
1024.5
991.6
954.4
974.3
932.1
960.5
932.2
942.3
934.1
971.3
1004.8
1097
1101.8
1107.2
1069.4
1020.2
1006.3
1015.9
875.6
784.9
725.5
783.4
533.9
532.5
541.8
496.6
503.5
506.7
500.5
488
493
604.9
525.3
619.3
573.5
570.6
599.8
630.8
681.1
680.5
691
704.4
723.6
809.2
799.2
831.6
885.8
917.9
929.8
936.7
947.1
1009.1
1053.3
1048.6
1122.9
1149.7
1321.4
1464.3
1529.5
1691.9
1843.3
2050.7
2268.8
2617.5
3041.5
3572.4
4113.2
4495.6
4918.6
5115.9
5383.4
5424.1
5533.2
5616.3
5768.6
5872.5
6008.2
6094.6
5829.6
5548
5157.2
4998.1
4888.2
4813.4
5107.7
5554.6
6144.6
6739.8
7370.3
7690.3
7825.2
7973.3
8059.2
8133.7
8405.7
8266.3
8477.1
8551.3
8282.3
7845.2
7386.9
6639.6
6283.4
5948.9
5905.2
6114.4
6656
7167.8
7872.2
8451.9
8715.7
8947.5
8981
9025
9094.3
9264.5
9405
9460.3
9595.8
9432.4
8916.4
8153.9
7375.8
6730.1
6305.8
6119.4
6310.8
6742.6
7338.1
7981.2
8659.6
9197.9
9414.5
9394.3
9463.9
9415.3
9538.8
9763.5
9810.6
10031.2
10015.9
9641.4
8964.3
7971.1
7171.2
6322.7
5882.9
5806
5927.5
6330
6795.9
7296
7931.2
8459.6
8791.1
8763.1
8567.2
8511
8383.5
8674.2
8841.1
8865.8
9047.6
8919.2
8386.1
7444
6515.2
5757.4
5366
5027
5246.2
5538.9
6037.3
6532.7
7027.8
7754.1
8186.1
8406.3
8315
8030.1
7882.2
7853.4
8205.9
8464.3
8522
8629.1
8647.5
8190
7386.8
6339.7
5600.8
5141.6
4801.6
4920.7
5216.1
5419.7
5716.7
6187.2
6804.8
7280.5
7547.5
7629.4
7287.3
7022
6816.8
6807.9
7169.8
7317
7207.6
7183
6915.5
6479
5677.4
4518.6
3768.5
3284.9
3088.5
3003.9
2925.6
3038.5
3044.5
3209.4
3417.5
3711.6
4075.4
3918.9
3806.6
3603.2
3510.4
3514.6
3755.1
3971
4001.3
3949.6
3998.4
3682.1
3279.1
2603.3
2257.1
1942.8
1939.7
1964
2015
2068.4
2194.2
2298.3
2395
2690.8
2837
2838.6
2635.5
2593.8
2499.1
2455.4
2488.7
2497.3
2613.4
2460
2435.5
2414.1
2296.6
1944.3
1657
1480.3
1398.6
1479.7
1486.4
1472.9
1598.8
1723.4
1918.3
2163.4
2418.5
2729.4
3091.3
3190.9
3455.9
3400.2
3301.8
3180.7
3178.2
3338.5
3328.8
3475.2
3379.3
3275.7
3153.1
3114.9
2990.9
2647.9
2280.3
2036
2062
2121.8
2149.7
2203.7
2277.7
2449.4
2804.9
3171.9
3585.3
4088.8
4586
5040.7
5485.3
5737.8
5835.2
5516.5
5290.3
5215.6
5424
5599
5758.2
5814.9
5557.3
5264.3
5236.7
5282.1
4782.3
3862.9
3293.8
3121.6
3228.5
3277.7
3179.7
3238
3308.7
3724.4
4086.5
4639.4
5255.1
5911
6693.7
7371.5
7878.4
8322.7
8370.9
7981.1
7571.8
7346.4
7806.4
8038.8
8316.3
8495.7
8117
7624.7
7321.5
7647.1
7064.6
5794.5
4525.1
4402.7
4568.3
4604.3
4535.5
4416.6
4372.2
4715.4
5249.2
5756.5
6474.9
7274.5
8106.5
9109.4
9938.1
10539.1
11131.6
10996.8
10512
9937.5
9853.3
10424.8
10713
11068.7
11403.8
10979.4
10263
9787.7
10234.9
9559.1
7980.6
6084.1
5658.5
5877.7
6042.8
5844.5
5747.8
5790.4
5997.2
6634.7
7207.5
8087.9
8986.5
10143.2
11335.1
12509.4
13455.4
14276
14855.3
14699.9
13841.7
13074.5
13225.3
14013
14246.8
14868.9
15051.5
14661.4
13861.7
13058.6
13469.3
12945.7
10864.7
8293.1
7758.8
7968.7
9044.8
12408.7
16126.6
17553.7
15672.5
11575.1
10329.7
10820.6
11786.8
12890.7
14486.5
15972.2
17441.1
18455.6
19339.8
19752.5
19391.5
18239.8
17503.3
17787.6
18591.1
18975
19866.5
19982.5
19503.7
18336.7
17615.2
17624.5
16651.2
13969.3
10779.5
9478.2
9328.7
9231
9077.8
8751.3
8421.8
8123.4
8352.3
8895.2
9630.2
10582.1
11609.3
12925.7
14217.3
15518.2
16549.9
17629.8
18144.9
18466
17819.7
16895.5
16422.8
16511.8
16992.8
17537.9
17830.8
17952.4
17428.8
16490.4
15900.8
15714.6
14658.4
12427
9820.5
8206.9
7548.2
7293.5
7104.2
6782.9
6539.7
6060.7
6134.7
6173.8
6550.4
7038.1
7616.1
8290.9
9108.2
10006
10729.1
11458
12073.2
12410.2
12391.2
12213.6
11681.9
11416.9
11278.6
11547.8
11873.1
12050.5
12094.6
11728.3
11328.8
10910.3
10484.3
9632.6
8269.9
6913.5
5611.3
4893.9
4509.6
4169.2
3848.2
3567.1
3197.8
3080.6
2921.5
2933.5
3020.4
3175.9
3458.6
3659.7
3962.6
4328.8
4538.3
4786.3
4931.2
5107.2
5080.8
4970.2
4873.9
4712.4
4715.7
4721.3
4846.1
4774.1
4907.2
4755.6
4654.4
4406.9
4246.6
3884
3422.1
2881.7
2355.5
2014.4
1756.4
1459.9
1255.2
1096.9
985.7
877.4
723.3
580
588.5
473
413.9
441
357.7
391.1
356.1
465.5
411.8
406.6
369.8
341.9
341.5
355.7
355.3
360.6
414
342.9
350.4
387.8
463.8
368.3
384.7
427.1
437.9
480.3
422.5
554.2
471.9
411.8
439.5
504.1
435.3
562.5
491.5
565.1
482
592.5
752.7
768.8
820.4
707.2
683.1
734.7
745.7
766.5
709.6
783.6
796.8
941.3
837
897.1
898.1
990.8
1076.1
1091.2
1157
1203.6
1366.1
1449.4
1744
1784.8
1944.1
2117.9
2372.3
2547.3
2670.9
2912.6
3753.7
5385.1
5556.5
4557.1
2304.8
1315.7
1261
1212.8
1306.6
1508.7
1434.6
1579.3
1767.9
1946.6
2191.4
2500.7
2753.1
3124.9
3555.7
3923.8
4474.8
5043.3
5703
6356.8
7170.9
7973.4
8847.1
9858
10854.1
11921.6
13051.9
14168.5
15460.8
18374.1
23906
28791.4
28406.9
21310.6
11740.9
6185.7
4005
3464.9
3103.3
2913
2769
2577.8
2414.2
2380.8
2402.9
2374.9
2496.5
2439.1
2627.9
2518.2
2698
2798.4
3023.7
3183.6
3471.8
3731.8
4034.3
4408
4717
5149.4
5553.6
5931.6
6328.3
6742.3
6991.4
7289.2
7362.7
7738.9
7787.9
7871.8
7970.2
7988.9
8072.9
8136.9
8143.5
8092.2
8076.2
8144.7
8094.1
7793.2
7564.8
7394.9
7227
6939.8
6502.5
6312.3
5971.8
5785.3
5475.4
5254.7
5036.1
4865.1
4797.7
4804.4
4983.3
5041.3
5240.2
5638.3
5884.7
6297.4
6736.7
7372.8
7872.3
8544.2
9264.4
10044
10753.6
11586.7
12503.8
13259.2
13812.1
14130.9
14439.4
14640.3
14916.6
14869.5
14946.6
14773.2
14772.4
14967.8
14884.8
14789.8
14651.6
14622.7
14649.1
14397.3
13945
13532.3
13311.2
12978.3
12716.6
12199.8
11712.8
11361.9
11163.8
10828.2
10679.3
10535.9
10695.3
10858.8
10934.3
10863.2
10995.8
11004.8
10866.2
10822.9
10632.3
10784.9
10906.1
11004.2
11180.9
11602.1
12091.3
12729.2
13735.3
14457.3
15377.2
16413.4
17218.8
17907.1
18576.3
19349.7
20016.6
20640.9
21183.2
21586.3
22149.8
22783.5
23260.3
23498.1
23690.4
24175.7
24778.8
25144
25680.3
26002.9
26205.8
26284.2
25996
25322.7
24405.1
23049.1
21506.1
20027.3
18406.5
16975
15431.3
14186.1
12656.3
11436.1
10321.8
9472.9
8887.3
8735.4
8676.7
8829.4
9129.4
9505.3
10078.4
10544.9
11257.5
12021.5
13067.1
13899.5
14913.4
16084
17250.8
18312.1
19469.6
20674.6
21634.9
22686.8
23832.5
24982.6
26106.4
27421.4
28649.6
29606.9
30346.4
30903.2
31012.2
30740.9
30117.6
29516.3
28219.2
27011.4
25849.3
24675.1
23215.3
21668.9
20059.8
18397.4
16838
15248.6
13725.9
12555.1
11560.4
10567.1
9913.8
9247.9
8701.2
8214
7856.3
7535.3
7380.8
7157.7
7161.7
7118
7330.8
7502.3
7848.5
8098.2
8466.1
8971.5
9541.3
10228.4
10736.9
11367.7
12100
12901.2
13419.7
14044.7
14464.9
14913.8
15260.2
15538.1
15895.4
16127.4
16215.4
16463.6
16580.5
16691.8
16712.3
16707.4
16522.6
16427
16210.5
16038.7
15516.6
15076.2
14758.6
14274.5
14107.8
13879.1
13826.7
13822.9
14019.9
14063.6
14022.4
13985.8
13790.9
13537.6
12943.7
12571
11555.9
10882.3
10350.4
9778.3
9148.7
8511.3
7953.4
7406.3
6798.1
6186.7
5635
5034.9
4447.4
3796.1
3385.2
2989.7
2622.1
2445.1
2311.5
2253.6
2154.9
2235.1
2149.7
2290
2266.2
2345
2419
2530.7
2624.3
2766.6
2843.4
2958.5
3170.7
3190.8
3407.5
3665.1
3787.3
3878.3
4075
4097.1
4154
4172.1
4194.4
4155
4046.5
3972.7
3804.1
3770.9
3533.2
3356.5
3173.9
3094.6
2868.7
2855.2
2413.9
2231
2063.2
2041.6
1762.9
1597.2
1450.3
1328.8
1332.7
1262.9
1254.7
1296.8
1326
1286.9
1310.3
1380.2
1532.3
1600.2
1667
1715.8
1896.6
2008.5
2201.1
2301.3
2533.6
2789.1
2943.7
3234.8
3504.9
3691.5
4016.9
4142.8
4331.1
4355.5
4428.1
4571.2
4486.5
4470.6
4435.8
4354.5
4269.4
4155.7
4029.8
3749.5
3623.9
3537.3
3341.7
2950.6
2695
2541.6
2379.2
2135.8
1953.7
1688.3
1470
1467.4
1253.1
1198.3
1122.6
1115.3
1083
1073.4
1097.2
1040.9
1096.5
1074.7
1055.2
1028.5
1062.8
1129.3
1116.9
1222.7
1286.4
1293
1444.5
1439.3
1586.2
1682.3
1814.6
1965.1
2202
2479.8
2599.3
2718.4
2722.3
2719.3
2948.1
2918.1
2735.5
2738.4
2728.9
2826.1
2782.2
3028.7
2521.9
2479.7
2398
2343.5
2046.6
1867
1774.3
1626.7
1444.1
1308.8
1182.4
922.4
870.5
793
720.1
630.8
574.6
581.7
646.8
649
625.6
592.6
612.2
632.7
449.5
571.2
543.3
482.4
596.8
456.5
425.9
444.3
425.1
404.3
361.9
359.2
267.1
235.1
273.8
259.2
244.2
162.6
251.7
142.4
194.6
168.7
192.1
91.8
200
78.1
135.4
164.4
203.5
165.7
224.2
215.8
271
230.7
288.6
345.4
358.6
426.7
511.1
426.8
442.9
433.8
430.4
369.6
430.5
371.6
433.1
406
374.4
375.6
301.2
271.9
276.8
296.7
302.5
245.3
322.2
138.6
138.1
327.3
92.1
100.8
115.8
58.9
67
61.7
46.9
0
14.1
44.5
65.8
100.1
263.4
93.3
33.8
37.9
56.2
145.1
76.3
95.7
93
98.5
159.3
129.7
86.3
180
222
196.1
203
258.6
304.4
307.4
355.8
313.6
367.5
358.1
367.7
328.5
363.5
352.7
346.4
263.1
313.7
291.2
211
213.1
230.8
171.7
154.3
215
205.8
156.8
203.3
253.4
309.2
452.8
633.9
745.1
749.5
671.4
615.4
619.4
610.1
655.4
670
763.2
689.7
562.8
493
514.5
403.6
490.8
375.3
369.7
374.3
322.6
339.2
306.9
270.9
283.7
279.7
283.5
275.7
320.5
488.1
331.8
294.2
327.9
268.1
343
375.6
288
343.8
316.4
379.4
447.5
432.5
370.3
417.9
370.8
280.7
354.5
277.2
302.2
224.8
153.8
182.8
209.3
141.1