NaN
NaN
NaN
3153.8
1864.3
1460.5
1732.1
1968.2
2353.9
2957.8
3619.6
4483
5628.8
7140.5
8933.2
11088.3
13468.4
16372.5
18958.8
19817.5
17224.7
11758.7
6532.3
2950
2145.2
2219.4
2472.4
2985.7
3537.1
4279.9
5257.6
6585.7
8184.6
10246.7
12783.6
15568.1
19196.2
23557.3
28277.9
31552.9
31426.7
25098.1
15994.8
7620.5
2428.8
1413.3
1243.7
1143.1
1129.8
1093.3
1045.3
1056.3
1126.3
1114
1149.1
1247.5
1505.3
1621.3
1868.7
2195.9
2486
2665.1
2599.8
2192.4
1769.1
1259.2
1118.9
1161.3
1367
1528.9
1918.3
2443.8
3029.4
3724.9
4560.8
5420.3
6071.4
6286.8
5807.5
4485.8
3020.6
1835.2
1445.5
1520.8
1633.7
1752.4
2028.6
2274.8
2779.5
3374.8
4269.8
5619.4
6927.8
8354.6
10383.5
12597.8
14045.4
14455.9
13310.7
10268.6
6633.8
3539.8
2096.8
1994.5
2077.1
2345
2709.9
3180.1
3643
4386.7
5211.9
6357.8
7734.2
9481.3
11410.8
13676.4
16416.9
20208.6
24413.6
27444.4
27840.5
25710.2
20175.5
12874.3
6479
2620.7
1922.3
1951
2023.2
2212
2486.4
2749.8
3276.4
3806.4
4510.1
5439.2
6477.2
7809.2
9324.2
11320
13313
15696.7
18818.9
23279.6
26799.9
28157.4
27031.8
23792.2
17237.2
10524.6
4922.3
2579.7
2404.6
2584
2794.4
3106.6
3470.3
4058.4
4765
5170.5
5257.6
4993
4255.2
3257.1
2280.5
1632.8
1541.8
1580.3
1715.2
1871.1
2109.8
2464.8
2950.7
3625.1
4230.8
4867.9
5669.7
6757.2
7739.5
8337.6
8187.6
7741.8
6413.4
4528.2
2737.1
1616.1
1297.5
1358.2
1352.5
1427.4
1559.4
1631.7
1753.5
1965.8
2253
2633.7
3232.8
4009
4964.8
5929.8
6826.4
8075.5
9671.6
11084.5
11843.8
11979
11328.3
9392.9
6654.9
3888.5
2015.4
1465.9
1434.8
1494
1556.5
1608.8
1679.9
1847.6
1966.6
2154.2
2483.7
2681.4
3045.4
3509.7
4084.2
4692.3
5373.9
6324.8
7299.4
8472.9
10007.1
11885.4
13089.1
13287
12781.1
11412.2
8824
5672
2886.5
1305.3
906.8
895.5
938.5
932.2
964
983.8
1077.8
1111.5
1305
1405.2
1562.5
1715.8
1885.9
2167.6
2451.8
2720.5
3153.9
3587.7
4114.6
4764.5
5419.1
6381.7
7600.6
8652.6
9210.8
9351.6
9106.9
8438.5
6979.6
5289.5
3799.4
3049.4
2711.8
2074.8
1484.7
1129.7
888.8
894.4
1010.3
911.9
991.5
954
998.4
1063.9
1163.9
1355.5
1572.9
1747
2023.9
2207.3
2501
2882.4
3411.7
3771.8
3952.3
3848.4
3623.3
3200.3
2505
1535.9
940
564.9
558.7
533.3
536.5
550.2
557.5
638.9
682.6
693.3
716.6
789.6
829.2
1079.1
1021.6
1159.6
1404.9
1657.7
2075.1
2233.6
2556.8
2955
3461.7
4086.3
4561
4751.5
4743.4
4610.9
4097.6
3325.6
2262.4
1430
1030.1
975.6
967.3
946.1
893.6
882.2
809.8
794.5
777.5
748.1
785.5
813.3
870.1
949.9
1023.6
1069.8
1228.1
1343.5
1472.3
1647.8
1974.5
2111.2
2349.3
2699.8
3071.9
3512
4099.4
4592.9
4814.5
4620.1
4417.1
3999.1
3324.6
2324.4
1416.6
843.4
611.3
595.5
656.2
636.5
628.3
691.3
715.4
697.7
714.7
761.1
792.9
829.5
886.8
982.6
1029.1
1121.9
1194.6
1322
1417.3
1654.7
1916.9
2143.8
2403.3
2660.5
2803.8
2824.8
2861.2
2864.1
2916.7
2903.6
2851
2833.7
2662.4
2498.2
2398.1
2061.9
1571
1130.7
792
677.7
734.8
712.3
735.3
767.7
832
956.8
1017.8
1097.1
1251.1
1348.1
1519.1
1705.8
1950.1
2168.6
2226.8
2255.8
2179
2100.5
1904
1606.8
1154.3
769.3
578.3
484.9
496.6
496.5
548.7
537.9
550.5
511.1
550.5
532.1
632
548.7
578.4
620.5
628.8
674.3
697.4
698.3
738.4
805.2
932
951.9
1104.9
1246.4
1416.9
1502.2
1789.2
1914.7
2195.6
2469.6
2651.2
2686.8
2673.7
2695
2566.9
2376.3
2096.3
1770.9
1478.5
1329.7
1323.7
1189.8
1094.9
970.1
904.3
733.8
635.4
553.5
565
683.8
802.8
924
870.3
866.8
1003.9
1015.6
1027.7
919.6
907.9
799.2
834
864.8
914.4
1015.7
1093
1171.2
1214.5
1332.5
1403.9
1539.6
1625.2
1696.8
1911.9
2082
2084.1
1973
1928.9
1833.9
1681.9
1486.5
1219.3
922.3
692
604.9
614.8
576.1
563
588.8
583.6
564.1
629.3
606.1
684.9
685.1
763.9
792
867.9
972.9
978.7
907.8
894.7
851
815
742.8
614.9
590.2
490.9
472.5
520.3
543
581.1
566.7
609.9
727.9
715.2
679.8
777.6
756.5
819.4
843.4
945.3
978.7
1028.2
1087.7
1011.8
1001.5
1013.1
1005.2
939.7
892.4
907.3
883.9
926
942
1052.9
1085.2
1195.5
1206.9
1164.7
1171.1
1136.8
1078
975.2
879.7
761
726.8
642.7
617.1
580.8
590
602.2
539.5
554.7
566.2
563.2
506.9
473.4
558.6
516.1
518.8
538.3
558.4
608.5
670.5
678.3
799.5
736
794.2
791.6
839.3
880
906.7
984.1
987.3
1046.9
1121.8
1183.3
1267.4
1293.4
1372
1494.6
1531.4
1640.5
1709.9
1839.5
1877.2
1855.3
1854.2
1895.5
1908.9
1822.9
1729.1
1627.6
1518.1
1365.2
1329.7
1271.6
1196.7
1053.6
917.9
837.4
827.7
769.8
766.4
704.1
676.3
603.5
574.9
609
629.5
622.9
592.8
591.1
544.4
556.9
596.6
638.1
661.3
580.1
520.1
563.7
527.5
564.7
567.1
576.7
545.8
503.6
529.5
536.1
507.2
543.3
533.8
539
525.2
545.4
651.3
622.9
648.1
681.3
714.6
651.1
665.6
754.2
724.6
682.4
665
660.2
628.9
692.1
792
856.5
920.2
1035.8
1105.1
1209.2
1336.7
1489.4
1534.9
1598.9
1699.9
1753.6
1811.1
1878.2
1930.5
1977.8
1980.1
1956.4
1950.4
1979.8
1987.1
2061.7
2049
2047.4
2117.7
2030
2068.6
2124.6
2171.9
2199.5
2180.5
2165
2119.7
2088.9
2090.6
2056.5
2052.1
2032.1
1970.9
1938.5
1945.4
2028.1
2028.9
2167.3
2104.4
2119.3
2085.8
2037.8
2063.2
2073.1
2102.5
2085.9
2032.1
2059.7
2023.4
1974.2
2002.4
2073.6
1995.2
1931.5
1891.8
1880.2
1834.3
1778.2
1729.2
1661.9
1627.7
1568
1486.3
1452
1429.5
1506.3
1582.5
1590.7
1683.6
1633.4
1630.1
1651.7
1694.7
1682.2
1644.4
1566.9
1531.6
1451
1414.8
1336.8
1299.8
1282
1265.7
1252
1243.6
1289.3
1251.5
1258.8
1297.3
1292.4
1290.3
1260.9
1285.6
1275.3
1253.3
1225.3
1228.3
1200
1163.8
1205.4
1140.9
1178.4
1219
1248.2
1263.7
1300.8
1305.2
1370.2
1345.3
1332
1301
1220.9
1111.1
1097.6
998
878
824.6
863.9
714.8
693.7
739.1
705.3
711.7
697
724.2
729.3
751.9
793.8
749.6
810.1
837.7
839
875
849.2
919.7
925.4
976.9
975.1
985.6
1095.5
1075
1130.7
1147
1201.5
1207.4
1253.7
1240.9
1297.2
1381.7
1404.8
1494.1
1569.8
1735.3
1867.2
1971.9
2270.5
2457.5
2780
3126.5
3612.8
4105.2
4594.2
4975.1
5196.9
5419.5
5580.3
5820.3
5925.9
5971
5983
6144.2
6218.3
6061.3
5819.1
5519.1
5397.9
5239.3
5235.6
5343.9
5639.5
6236.2
6811.3
7295.2
7710.5
7960.7
8124.5
8281.7
8488.6
8535.6
8611
8716.7
8674.5
8603.3
8177.3
7509.5
7111.7
6906.8
6470.2
6337.6
6368.5
6746.6
7282.6
7926
8435.2
8801.7
8992.7
9080.2
9329.3
9432.8
9589.5
9604.3
9676.3
9803.7
9777.7
9211.9
8470.2
7809.4
7373.8
6843.1
6573.3
6634.7
6821.1
7471.8
8042.4
8671.1
9263.2
9564.5
9630.5
9655.4
9689
9792.3
10004.9
10045.6
10025.3
10274.8
10092
9345.6
8398.3
7615.7
6992.1
6538.3
6131.3
6112.1
6462.6
6931.3
7427.9
8066
8504.8
8831.9
8958.2
8914.2
8908.5
8817.4
9022.7
8958.6
9037.2
9287.9
9212.6
8704.5
7929.1
7028.5
6263.7
5861.4
5521.4
5503.6
5708.3
6099
6587.8
7137.4
7758.9
8258.8
8513
8445
8423.2
8327.2
8329.7
8511.5
8669.6
8775.6
8941.4
8961.7
8534.2
7846.1
6854.8
6189.7
5665.1
5271.9
5261.1
5381.8
5668.2
6014.9
6441.9
6892.6
7453.4
7808.5
7831
7670.8
7536.3
7371.7
7347.2
7519.7
7565.1
7530.1
7606.6
7399.9
6901.3
5970.9
5063
4584.9
3818
3478.5
3321.7
3305.4
3226.1
3219
3448.5
3642.6
3909.4
4070.8
4132.8
4153.3
3941.6
3907.2
3841.6
4020.1
4163.5
4184.4
4223.4
4281.7
3985.9
3744.4
3057.3
2660.3
2355
2196
2206.2
2230.3
2300.7
2327.7
2450.8
2648.9
2841
2955.3
3024.8
2952.8
2827.1
2739.1
2699.5
2739.8
2772.9
2773.8
2672.1
2729.4
2603.8
2508.6
2262.2
1968.1
1710.9
1646.7
1626.1
1648.1
1712.1
1785.8
1878.3
2068.9
2328.3
2586.4
2869.6
3122.7
3420.1
3612.7
3593.8
3514.5
3373.9
3373.3
3455.8
3551.3
3663.2
3592.1
3526.9
3366.5
3377
3232.2
2919.8
2518.1
2362.6
2300.2
2289.7
2292.1
2332.7
2444.6
2688.3
2927.7
3260.9
3702.4
4126.4
4660.1
5156.9
5596
5865.3
6001.3
5839.2
5534.3
5458.9
5558.1
5756.1
5968.9
6080
5863.6
5461
5475.3
5461.7
5094.1
4232
3635
3335.5
3431.3
3469.5
3382.8
3383.7
3481.6
3847.2
4196.8
4767.8
5269.6
5974.2
6702.9
7463.2
7976
8554.3
8594.7
8311.3
7873.3
7712.3
8005.3
8196.1
8428.5
8738.2
8545.7
7955.3
7643.3
7831.8
7461.5
6308.2
5022.7
4596.4
4743
4861.2
4790.5
4594.4
4615.6
4838.4
5303.1
5882.5
6557
7285.4
8204.4
9215.8
10115.8
10719.9
11328.6
11341.6
10920.7
10187.5
10001.4
10550.1
10947.7
11298.3
11771.2
11390.3
10702.1
10088.2
10572.4
10192.9
8600.3
6467.7
5846.6
6041.3
6268.5
6204
5999.4
5966.3
6105.6
6753.2
7343.4
8173.7
9153
10147.4
11362
12762.1
13859.3
14534
15285.2
15288.2
14545.7
13583.6
13394.3
14218.1
14655.3
15123.8
15730.8
15359.6
14308.7
13333.4
14249.4
13627
11660.5
8830.5
7762.2
8142
8972.5
12168.9
18751.1
20950.8
19433.7
13009.1
10682.3
10974.6
11996.9
13051.6
14610.5
16193.7
17824.7
18912.3
20053.5
20461.8
20250.2
19216.5
17922.3
17929.7
19068.2
19496.3
20268
20844.9
20328.3
19019.9
17890
18582.2
17907.9
15131.3
11133.8
9441.3
9458.1
9605
9537.3
9106.2
8662.8
8384.3
8510.7
9110.8
9838.7
10896.5
11848.3
13042.8
14378.7
15906.7
17104.6
18074.5
18815.1
19121.9
18607.6
17644.1
16649.2
16799
17455.2
17815.8
18429.8
18837.9
18341
17184.8
16258.3
16341.4
15748
13369.6
10051.7
8216.9
7731.2
7591.2
7482.6
7121.8
6705.4
6307.9
6267.9
6303.2
6711.5
7136.6
7748.1
8520.8
9373.4
10155.3
11098.4
11868.8
12502.8
12982.4
13018.8
12722.3
12028.9
11660.9
11537.2
11844.9
12031.7
12488.8
12686.4
12344.5
11663.1
11124.8
10899.4
10463.1
9067.5
7183.1
5660.4
4982.8
4641.8
4341.4
4171.5
3815.2
3395.8
3191.3
3027.5
3090.9
3206.9
3324.6
3557
3822
4185.7
4413.2
4779.3
5081
5281.5
5395.2
5462.3
5321.5
5149.5
4981.9
4934.1
4953.8
5056.9
5123.6
5191
5017.8
4943.3
4718.7
4565.2
4281.7
3804.1
3117.3
2519.7
2105.2
1822.7
1684.1
1511.5
1318.3
1144.3
983
882.9
799.2
700
626.5
663.6
577.1
567.4
588.9
528.7
552.9
529.8
601
581.8
531.1
546.8
524.9
531.2
510
508.1
549
544
505.3
529.8
546.5
629.6
579.8
584
648.1
647.9
676.7
577.8
713.1
637.3
592.5
629.5
693.1
668.6
748.9
727.5
789.6
839.8
887.4
1004
898
885
839.9
851.1
928.2
945.1
988.9
953.7
1012.7
1049.5
1118.8
1133.4
1147.5
1237.6
1319.2
1420.9
1469.8
1594.2
1679.8
1844.3
2001.3
2297
2445.8
2599.6
2819.3
3094.7
3307
4125.4
5969.6
6308.9
5164.2
2771.2
1522.3
1409.1
1448.6
1522.8
1551.6
1688
1869.2
1964
2196.1
2427.9
2713.9
2990.4
3403.7
3803.3
4269.5
4872.3
5380.2
6105.5
6827.1
7652.7
8538.8
9527.2
10598
11690.9
12954.4
14058.5
15224.9
16558
19065.4
25456
32283.5
32468.3
24440.1
11915.7
5644.8
4128
3657.3
3294.6
3113.7
2844.4
2736.4
2662.3
2560.7
2473.3
2441.3
2537.5
2541
2706.9
2733.2
2910.2
2948.7
3186.7
3356.1
3660.1
3877.1
4215
4531.9
4894.7
5351.4
5748.4
6143.9
6568.3
7026
7341.2
7546.7
7741.7
7943.8
8040.4
8212.9
8135.8
8300.9
8397
8411
8390.1
8332.1
8391.2
8433.4
8333.5
8175.4
7911.2
7641.8
7422.1
7148.8
6856.3
6509.2
6226.5
5907.4
5613.5
5360.6
5177.3
5035.4
4929.6
4929.5
5045.7
5164.6
5461.6
5679.9
6055
6536.1
6958.8
7509.4
8057.2
8799.3
9404.1
10181
11087.5
11942.9
12786.5
13562.9
14310.9
14778.3
15025.1
15088.9
15200.6
15256.8
15273.3
15156.8
15208.1
15261.8
15325.6
15233.9
14911.1
14974.6
14950.7
14796.5
14370.1
13964.6
13649.6
13310.4
12940.5
12434.6
12058.4
11622.4
11304
11013.2
10822.7
10678.7
10842.2
10976
11178.7
11245.9
11464.2
11442
11284.5
10986.6
10858.2
10879.6
10990.3
11048.7
11331.3
11706.7
12196.3
13047.6
13830.4
14731.7
15871.6
16811.6
17654.5
18479.9
19183.2
19829.1
20439.8
21164.3
21709.6
22178.7
22688.2
23191.8
23675.6
24134.7
24517.7
24696.9
25246.9
25815
26385.6
26650.3
26928.3
27233
27008
26392.4
25316.4
23893.1
22407
20554.6
18755.1
17261.7
15660.1
14005.9
12488.1
11226.4
10070.1
9292.5
8872.3
8748.3
8756.8
8955.5
9172.9
9602.8
10144.7
10792.6
11534.3
12217.7
13246.8
14243.5
15419.6
16432
17736
18929.7
20193.1
21258
22327.8
23569.5
24585.8
25598.4
27008.3
28317
29419.5
30620.6
31666
32001
32047.6
31882.5
31514.3
30518.6
29210.4
28017.8
26545.5
25117.8
23641.9
22121.3
20214.9
18440.8
16701.9
15056.6
13687.8
12497.4
11466
10589.4
9904.5
9175.9
8681.4
8147.3
7812.6
7499.7
7261.3
7220.6
7256.7
7265.5
7389.9
7579.4
7944.9
8241.6
8769.5
9162.1
9734.4
10289.3
11007.4
11756.1
12452.4
13038
13688.9
14445.3
14961
15342.4
15627.5
16017.7
16292.2
16561.8
16779.2
16811.8
16944.7
17151.5
17121.4
16933.5
16813.3
16728
16444.8
16258.8
15899.3
15433.1
14851.9
14413.8
14099.6
13792.3
13595.6
13544.9
13474
13537.1
13503.4
13317.5
13026.3
12733.6
12204.7
11548.9
10717.8
10351.8
9598.2
8966.2
8454.1
7881.1
7300.3
6675.9
6124.5
5612.1
5113.5
4497.6
3891
3377.5
3049.5
2758.3
2525.3
2376.5
2244.6
2227.6
2185.2
2215.2
2185.8
2311.7
2310.1
2430
2482.1
2582.7
2684.3
2804.6
2971.2
3094.8
3187.6
3359.1
3561.1
3723.2
3975.5
4136.7
4185.8
4223.2
4384.1
4409.3
4445.5
4312
4229.4
4084.3
3931.5
3842.4
3648.4
3532.6
3314.5
3130.9
2972.5
2731.9
2481.6
2396.3
2094.1
1932.4
1710.2
1652.2
1466.2
1406.3
1340.8
1333.7
1337.1
1323.9
1338.3
1415.2
1482.1
1467.6
1553.5
1668.9
1811.1
1879.1
2022.9
2150
2309.5
2491.8
2667.8
2883
3162.7
3491.1
3742
3987.9
4153.2
4409.3
4601
4683.1
4779.2
4727.3
4731
4779.7
4629.3
4557.2
4434.9
4339.6
4124.8
3925.7
3844
3573.7
3328.8
3023.9
2817.1
2564.7
2427
2155.4
1896.9
1680.5
1554.9
1411.1
1259.5
1315.7
1181.9
1172.3
1122.8
1112.2
1134.6
1086.3
1135
1093.8
1157.4
1144.1
1158.3
1207.5
1255.6
1315.1
1330.1
1467.5
1545.4
1556.3
1702.9
1808.2
1976.8
2123.6
2296
2505
2765.1
2974.7
2935.9
3020.1
3026.6
2991
3077.7
3010.9
2965.1
2930.1
2906.5
2856.8
2713.4
2854.5
2482.9
2387.6
2102
1918.8
1706.9
1622.1
1535.2
1322.2
1076.1
946.3
891.1
732
732.9
631.7
671
640.1
601.1
589.2
652.8
617.1
605.5
598.2
617.1
610
487.5
560.7
519.3
496.3
544.8
483.5
436.2
426.5
385.7
362.9
301
306.6
256.6
206.2
231
205
199.7
149
204.1
114.2
181
173.9
175.9
129.6
212.5
162.8
188.5
222.8
218.1
216.3
285.4
271.1
326.7
306.5
355.7
426.6
403.6
486.2
493.5
465.2
457.5
461.7
392
356.4
416.3
381
396.8
363.7
300.5
316.9
249.7
261.2
238.6
247.6
197.2
149.7
198
81.9
80.9
206.7
62.1
58.4
92.1
46
49.6
48.5
31.8
14.8
28.2
63.4
73.3
80.5
166
71.9
46.5
42.5
62
132.7
113.8
98.3
98.4
129.7
174
151.5
127.2
218.9
240.4
249.8
282.8
314.6
369.7
343.8
312.3
319.5
327.8
358.6
336
302.9
286.5
263.4
252.9
212.5
244.5
222.9
140.1
118.7
134.9
106.7
91.7
171.4
178.1
245
311.1
413.6
506.3
527.8
562.4
540.5
499.1
496.5
491.5
506
538
536.2
477.5
501.2
440.8
326
302.2
307
239.4
293.1
254.2
262.3
240.7
214.3
246.1
219.1
207.6
242.6
221.3
246.1
248.8
264.1
362.5
275.7
246.7
281.8
256.6
293.7
318.2
273.8
305
321.5
353
376.1
317
265.7
293
273.2
214.3
210.5
161.2
162.5
99.4
61.4
58.8