6784.2
5276.5
3544.6
1952.3
1324.8
1548.2
1795.9
2110.2
2649.2
3360.7
4261.3
5471.3
6746.6
8507.8
10420.2
12912.1
15946.4
19025.2
20565.3
19079.4
13670
7846.3
3304.7
2036.4
2138.8
2353.1
2736.3
3371.6
4025.8
5015.4
6410.6
7766
9786.5
12210.7
15066.1
18358.7
22842.5
27582.5
32178.6
33705.8
28952.6
19368.4
9910.6
2998.2
1495.3
1270.6
1101.9
1046.6
1132.1
961.8
907.9
929.7
1090
1044.8
1135.1
1316.5
1469.5
1713.4
2040.8
2265
2584.7
2600.9
2369.5
1748.4
1348.4
987.4
1022.7
1151.4
1340.3
1676.5
2096.9
2729.3
3392.7
4137.6
5082.2
5903.1
6415.2
6258.9
4967.5
3447.1
2017.5
1337.5
1561.7
1526.3
1794.5
1980.9
2034.1
2463.3
2976.1
3797.4
5059.1
6560
7834.3
9433.6
11579.6
13821.1
15358.7
15123.8
12042.8
8056.3
4277
2126.9
1878.6
2006.2
2163.8
2500.6
2847.6
3397.6
4034.2
4930.2
5871.2
7140.1
8713.2
10663.3
12808.3
15448.7
18497.6
22698.4
27195.5
29792.4
29566.3
24035.8
15896.6
8601.5
3206.7
1916.6
1944.5
1878.4
2129
2314.6
2604
3024.8
3518.2
4305.1
4989.2
6087.3
7269.6
8776.5
10552.3
12647.9
14964
17635.4
20967.7
25754.7
29204.2
30683.6
27965.1
21083.4
13218
6553.3
2753.8
2389.7
2409.4
2561.8
2861.6
3208.9
3781.4
4318.1
5019.5
5406.7
5338.2
4691.1
3623.5
2502.5
1746.6
1457.7
1473.8
1579.3
1679.8
2004.6
2174.6
2618
3202.2
3888.1
4562.9
5218.6
5934.5
7114.5
8232.2
8834.1
8687.4
7347.9
5221.9
3276.2
1683.6
1195.7
1167.5
1254
1266.1
1425.3
1485.3
1594
1737.3
1947.2
2270.6
2843.7
3512.5
4408.6
5353.6
6332.6
7398
8643.4
10350.9
12037.7
13168.6
12884.6
11008.5
7829.2
4698.3
2292.4
1464.4
1363.4
1413.1
1488.1
1498.4
1558.1
1743.4
1798.6
1912.5
2173.2
2416.1
2734.9
3152.4
3696.6
4248.5
4959.1
5847
6796.1
7923.4
9014
10658.3
12777.9
14291.6
14728.7
13350.5
10494.1
6947
3677.2
1559.7
959.8
865.4
790.6
810.3
809.4
972.6
1059.1
1058
1072.1
1228.8
1330.8
1525.9
1637
1894.2
2149.9
2464.4
2861
3235.2
3713.9
4394.1
5038.5
5795
6775
8085.6
9529.5
10150.1
10219.2
9313.4
7701.4
6070.4
4408.9
3414.5
3007.8
2320
1691.2
1270.4
826
856.6
805
763.3
766.3
828.3
901.5
975.5
1031.7
1188.5
1322.3
1507.1
1773.6
2001.7
2287.7
2591.8
2934.5
3458.1
3934.4
4231.9
4070.9
3658
2721.8
1807.4
954.6
552.5
419.9
391.9
429.4
436.2
475.2
516.2
556.4
572
857.3
637.2
680.8
744.4
884
1149.4
1136
1428.2
1708.8
1950.6
2310.5
2588.5
2998.4
3575.1
4296.1
4909.1
5411.7
5208.9
4618.3
3651.6
2496.8
1571.8
1000.5
948.8
978.4
928.1
911.8
908
746.2
736.4
616.2
642.6
668.5
737.3
729.4
857.2
890.2
926.5
1039.2
1303.8
1272.6
1441.5
1661.1
1867.9
2096.3
2432.8
2749.6
3172
3591.2
4291.8
4865.5
5190
5071.8
4628
3822.3
2683.9
1612.6
885.9
550.9
496.1
504
546
528.7
541.1
623.1
662.7
638.4
686.7
735.7
746.7
756.2
782.8
833.5
890
1001.6
1192.9
1260.1
1424.9
1615.2
1889
2147.6
2498.5
2725.7
2914.5
2952.6
2913.9
2794.5
2657.8
2750.9
2943.8
2994
2869.5
2676.7
2280.1
1729.8
1270
755
618.2
542.3
540.1
615.7
627.9
679.3
758.5
798.7
953.3
1095.5
1225
1323
1440.6
1629.8
1863.9
2206.2
2360.8
2394.5
2266.1
2029.5
1734.9
1211.7
767.4
501.5
466.1
426.3
402.8
385.4
423.8
419.2
520.8
408
462.9
507.3
512.5
517.6
599.1
551.4
487.6
542.2
600.7
597.1
618
686.6
824.3
873.2
1147
1211.9
1374.9
1494.9
1640.5
1831.6
2129.6
2552.8
2801.7
2965.3
2912.1
2806.1
2617.4
2221.3
1939.4
1571.9
1395.9
1365.3
1375.2
1193.3
1077
902.6
701.6
541.4
457.9
476.1
405.4
529.3
725.3
839.7
945.7
985.9
1126.5
994
892.9
762.4
661.5
756.3
775.4
846.1
864.7
988.8
956.1
1140.4
1185.1
1198.6
1364.1
1436.5
1564.2
1679.8
1901.8
2025.7
2162.2
2062.4
1992.6
1842.3
1574.8
1297.1
942.9
626.8
510.2
534
505.2
441.2
502.8
449.7
493.3
477.9
500.1
505
562.2
631.3
664.3
696.3
769.8
864.4
891.7
878.5
790
844.3
693.8
591.2
485.1
439.3
370.4
359.4
376.8
474.3
461.7
451.5
524
539.7
564.7
594.6
676.7
701.7
732.1
842.3
801.4
923.3
979
959.4
963.9
958.4
934.6
909.9
830.6
751.9
779.1
759.3
839.3
902.5
948.1
1065.8
1163.6
1140
1110.6
1093.6
1057.7
1012
858.9
741.6
620.3
571.6
578.4
478.6
461.6
498.6
456.8
440.5
396.4
491.1
392.2
397.6
388.8
357.7
398.5
434.1
470.4
605
533.5
560.2
545.7
594.7
651.1
687.7
719.8
716.9
787.4
824.2
860.6
932.7
928.2
966.7
1169.5
1132.6
1235.9
1264.9
1391.1
1449.5
1558.5
1643.7
1745.6
1863.2
1847.5
1845.4
1876.1
1901.4
1753.1
1724.4
1611.1
1515.6
1398.7
1245.7
1137.4
1018.5
871.2
814.6
729.8
685.4
674.9
601.8
668
596.4
543.9
438.1
439.6
401.6
421.7
532.7
584.3
627.1
492.1
466.1
459.3
432.8
415.8
436
403.7
395.4
391.5
406.4
436.3
396
427.2
441.5
461.7
442.7
436.6
522.1
453
393.3
426.9
472.4
434
504.8
675.6
681.1
589.5
610.7
643.7
564.2
557.7
570.1
483.7
535.9
608.4
652
739.3
797.9
993.3
1042.4
1108.7
1279.5
1359.8
1487.8
1528.7
1611.3
1707
1772.9
1768.9
1818.7
1833
1867.9
1918
1869.2
1926.3
1980.2
1934.7
1932.3
1918.8
1874.5
2001.1
1957.3
2023.8
2009.2
2051.4
2096.3
2083.6
2060.9
2007.6
1918.2
1892
1873.7
1915.7
1852.2
1941.3
1914
1938.8
1923.6
1925.7
1960.8
2002.6
2022.2
2004
1969.5
2012.5
1973.5
1934.3
1893.9
1985.8
1898.3
1948.1
1881.2
1878.5
1837.1
1834.9
1787
1806.4
1773.7
1712.8
1605.3
1500.1
1431.6
1398.4
1366.1
1312.2
1399.9
1361.1
1383.7
1417.6
1504.6
1567.3
1571.4
1585.2
1559.2
1506.8
1505.4
1427.1
1409.3
1314.3
1317.4
1239.8
1157.3
1129.8
1073.8
1081.9
1131
1164
1182.1
1201
1258.9
1193.1
1169.3
1144.2
1150
1152.6
1085.5
1151.6
1075.2
1117.3
1090.3
1056.9
1040.5
1062.1
1072.2
1171.6
1235.2
1242.2
1265.2
1260.4
1269.8
1288.8
1246.3
1165.6
1067.7
1118.1
834.1
756.3
731.9
605.6
595.2
571
576.3
580.7
601.6
616.6
544.5
666.3
644.7
618
664.2
644.8
739.2
749.6
751.3
759.2
782.9
898.2
848.3
894.6
920.4
960.7
959.7
1014.3
1040.9
1106.7
1134
1140.5
1167.8
1170.1
1243.7
1309.1
1366.7
1532.1
1603.8
1725.6
1861.1
2031.8
2278.9
2607.9
3036.7
3425.3
4032.8
4531.8
5033.5
5299.1
5497
5575.6
5684.1
5766.2
5880.1
5959.7
6043.2
6269.1
6082.2
5837.2
5444.7
5177.3
5061
4973.8
5084.1
5518.2
6102.7
6710.4
7376.7
7847.1
8104.6
8247.5
8354
8264.5
8469.8
8526.4
8515.5
8826
8893.2
8297
7664.3
6949.6
6497.4
6196.9
6008.8
6161.9
6684.4
7237.2
7711.1
8560.5
8948.1
9231.2
9226.8
9224.6
9375.5
9431.9
9605.3
9656.4
9903
9952.6
9415.2
8683.9
7730.5
7010.6
6549.2
6278.4
6369.2
6828.3
7405.7
7943.2
8678.8
9279.5
9705.3
9927.9
9829.5
9706.3
9704.3
10030.5
10120.5
10193.3
10339.7
10146.5
9697
8613.9
7491.3
6823.4
6152.7
5867.5
6038
6383.7
6804.7
7360.2
8007.1
8656.6
9051.5
9226.3
8953.8
8678.6
8673.6
8840
9123
9204.6
9291.6
9111.2
8886.5
8137.8
7143
6178.8
5512
5197.4
5353.8
5668.6
6042.6
6521
7051.6
7780.7
8460.3
8774.6
8794.6
8467.9
8352.7
8203.6
8397.6
8768
8945.8
9008.6
8988.5
8712.2
8205.2
7000.9
6056.2
5343.4
5069
5161.6
5339.8
5610.4
6032.2
6433.1
6949.7
7617.4
7990.7
8099.8
7846.7
7394.6
7263.1
7195.5
7452.6
7737.8
7680.3
7677.8
7720.8
7122.6
6370
5128.2
4315.9
3597.2
3311.4
3357.8
3238.2
3156.9
3184.7
3391.8
3740.8
3853.7
4123.1
4185.3
4084.5
3843
3750.6
3753.5
3981.4
4185.4
4424
4182.9
4154.4
3987
3700.1
3028.6
2499.4
2168.9
2032.8
2139.1
2262.9
2269.6
2246.7
2370.6
2543.5
2742.7
2848.6
3003.1
2935.7
2748.8
2574
2508
2680.5
2662.5
2694.6
2691.6
2595.8
2457.4
2481.4
2245.6
1852.2
1644.1
1529.8
1481.4
1515.6
1586.9
1626.3
1743.4
1940.2
2148.8
2481
2679
3031.5
3270.5
3491.9
3564.5
3484.8
3344.9
3218.3
3342.2
3348.2
3490.2
3559.8
3467.5
3250.4
3258
3218.7
2914.9
2425.1
2167.8
2159.7
2220.5
2234
2216.8
2318.5
2508.7
2838.3
3174
3561.3
3995.4
4586.8
5089.8
5558.7
5765.3
5971.4
5803.5
5519.6
5384.8
5460
5648.7
5861.3
6031.9
5835.8
5548.6
5375
5412.3
5127.2
4303.3
3465.5
3177.5
3280.8
3410.3
3277.8
3310.5
3284.1
3673.9
4050.8
4560.2
5160.7
5863.2
6602.9
7299.3
7881.1
8383.3
8614.7
8368.5
7882.7
7632.7
7865.4
8258.9
8318.2
8750.3
8455.3
8117
7590.1
7823.1
7533
6532.7
5107.1
4463.1
4679
4769.4
4664.1
4543
4552.5
4659.2
5235.6
5750.8
6412.4
7152.6
8089.5
9021
10091.1
10715.3
11448.6
11531.6
11107
10456
10089.8
10508.4
11020.4
11295.9
11780.3
11475.9
10923
10163
10545.9
10343.5
8903.4
6902.9
5947.2
6027.6
6172.3
6250.2
5989.1
5979.4
6078.8
6647.3
7308.5
8086
9082.8
10045
11335
12630.1
13790.9
14669.1
15289.5
15320.3
14824
13957.7
13637
14323.6
14764.9
15313
15774.6
15320.4
14689.7
13952.7
14128
13778.2
12196.9
9552.4
8271.7
8432.5
9331
12797.7
18052.9
20851.5
19961
14792.2
11647.7
11314.2
12124.3
13217
14720.2
16186.6
17751.4
19005.3
20121.9
20506.7
20475
19659.9
18718.6
18520.2
19375.7
19862.4
20601.6
20984.6
20570
19589.5
18821.1
18658.1
17955.6
15713.2
12431.1
10310.3
9726.8
9702.3
9656
9179.1
8796.7
8549.3
8587.5
9088.8
9835.9
10828.2
11872.4
13091.8
14291.8
15793.9
16988.8
18208.7
18805.3
19153.9
18894.5
18124.1
17451.2
17471.3
17651.2
18143.8
18560.1
18773.9
18488.6
17823.5
17112
16751.9
15829.2
13727.1
11231.8
9173.3
8198.4
7793.3
7669.2
7224.9
6913.2
6507.5
6362.4
6450.6
6738.5
7145.4
7736.9
8460.8
9242.2
10171.1
10971.6
11823
12371.7
12923.1
13039.9
12877.5
12403.7
12088.3
12018.7
12043.9
12323.9
12607.5
12636.7
12430.3
12040.5
11602.4
11135.6
10480.8
9196.9
7720.1
6403.4
5469.6
4864.4
4539.6
4192
3886.9
3576.3
3307.8
3102.6
3060.4
3230.6
3342.6
3523.4
3888.6
4073.8
4398.8
4660.2
4966.9
5160.5
5399.1
5411.5
5245.3
5201.4
5081.9
5035.9
4928.2
5151.8
5098.9
5169.3
5015.2
4927.5
4750.1
4534.8
4271
3757
3259.4
2770.4
2237.2
1898
1662.1
1470.3
1324.9
1163.8
952.6
891.5
705.4
621.2
569.8
479.1
498
465.7
484.8
501.2
454.6
444.6
392.1
390.3
399.6
416.4
435.6
449.2
386.1
432.1
437.1
512.7
417.9
430.8
470.6
492.6
505.3
439.9
633
548.7
487.1
487.2
557.5
480.6
594.3
531.5
550.8
514.3
583.3
650
644.7
736.1
775.1
843.6
877.2
808.5
764.7
714.9
796.7
800.5
934.4
877
921.6
904.2
966.8
1074.7
1024.3
1100.2
1152.2
1231.4
1304.8
1520.2
1618.6
1672.2
1859.3
2097.1
2242.5
2432.2
2635.3
2854.1
3018
3651
5308.7
6050.7
5326.9
3347.2
1498.8
1316.3
1462.9
1377.8
1422.5
1525.5
1693
1831.8
2069.8
2242.2
2510.1
2894.9
3160.5
3599.3
4024.4
4611
5113.8
5838.1
6502.2
7285.1
8197.7
9045.9
10168.5
11312.4
12462.7
13628.2
14827.4
16227.2
18910.8
23933.3
29397.7
30828.6
25771.7
16132.7
8560.9
4932.4
3858.9
3435.3
3191.5
2913.1
2697.4
2655.7
2509.8
2594.3
2448
2605.5
2487
2548.5
2620.2
2764.9
2863.2
3109.7
3300.1
3555.6
3856.8
4129.2
4420.5
4836.7
5204.2
5687.4
6101.3
6470.2
6943.3
7157.8
7598.9
7697.9
7935.9
8114.9
8230.7
8274.7
8315.3
8494.5
8622.3
8540.7
8540.6
8513.4
8497.3
8439.1
8287.3
8070.5
7821
7571.1
7342.8
7017.6
6782.1
6444.9
6126.1
5870
5578.9
5361.6
5189
5140.8
5021.2
5049.2
5292
5421.4
5697.9
6011.3
6468.8
6844.3
7370.7
8041.8
8694.5
9349.8
10087.9
11020.2
11830.8
12712.3
13440.5
14114.9
14618.8
15035.3
15175.4
15463.1
15496.2
15514.2
15467.2
15445
15612.1
15630.3
15419.2
15280.8
15322
15349.2
15154.4
14786.3
14305.3
14099.9
13813.2
13358.2
12901.7
12531.5
12048.1
11776.4
11390.1
11183.9
11075.1
11165.6
11257.3
11280
11312.5
11402.3
11487.4
11448.7
11345.1
11176
11209.6
11242.3
11415.9
11520.7
11828.7
12489.1
13021.2
13804.7
14785.9
15640.3
16727.8
17576.2
18466.5
19243.3
19881.8
20713.3
21263.5
21923
22459.8
23058.6
23541.4
24084.4
24574.7
24913.8
25189.7
25852.5
26241.8
26922.4
27240.1
27482.2
27531.2
27404.3
26928.5
26014.3
24730.4
23154.5
21591
19917.2
18573.2
16935.4
15446.7
13908.7
12553.8
11310.6
10329.7
9501.4
9214.9
9161.6
9246.2
9483.9
9767.4
10170.2
10770.8
11599.6
12222.7
13191.9
14204.3
15306.2
16413.5
17560.2
18891.3
19942
21104.5
22369.9
23552.4
24671.9
25796.4
27224.8
28448.1
29634.3
31016.6
32103.4
32432.8
32576.2
32542.9
32027.2
31285.7
30313.3
29040.1
27646.9
26290.8
24885.7
23496.5
21964.9
20068.7
18280
16633.8
15165.2
13619.3
12535.4
11539.8
10728.1
9932.6
9355.1
8794.3
8409.8
7929.3
7663
7492.9
7437.8
7462.1
7669
7760.9
7928
8265.8
8677.9
9259.8
9771.5
10269.7
11011.9
11805.1
12366.8
13084.4
13754.4
14303.8
14891.7
15283.6
15780.4
16027.2
16409.7
16783.9
16888.3
17059.3
17251.7
17447.7
17481.3
17551.6
17424.2
17284.8
16986.3
16786.8
16454.7
15914
15496.9
15036.5
14679.5
14387.8
14124.7
13966.8
13906.8
13896.9
13704.9
13501.7
13151.1
13303.6
12474.8
11773.8
11063.8
10384.5
9790.9
9127.9
8573.3
8058.2
7554.9
6997.9
6354.5
5859.6
5375.7
4902.7
4434.8
3860.7
3331.2
3052.8
2701.1
2540.7
2330.2
2315.9
2180.1
2240.1
2190
2259.5
2273.5
2368.3
2442.2
2615.9
2642
2791
2931.3
2964.3
3184.2
3319.4
3463.8
3615.2
3900.7
4078.8
4169.2
4139.7
4209.2
4351.4
4362.6
4320.1
4320.1
4207.6
4024.4
3853.9
3696.9
3616.8
3422.1
3414.2
3045
2889.3
2633.8
2486.5
2250.3
2099.2
1903.7
1733.6
1580.2
1447.8
1374.6
1369.4
1369.9
1305.1
1285.1
1339.4
1418.1
1465.4
1526.5
1594.8
1707.4
1805.7
1936.4
2056
2259.2
2461.9
2533.6
2750
2995.8
3287.9
3624.6
3888.7
4121.6
4252.2
4452.1
4705.7
4635.3
4675.9
4692
4725.3
4710.7
4657.1
4645
4462.4
4329.4
4133
3996.3
3793.1
3615.6
3340.2
2974.9
2787.9
2614.2
2393.1
2075.9
1931.4
1632.6
1537.9
1415.1
1301.8
1247.5
1202.8
1205.2
1118.9
1190.7
1123.5
1101.1
1063.8
1101.1
1133.7
1096.6
1198.9
1269.2
1223.7
1350.6
1364
1461.6
1539.2
1641.7
1778.2
1948.1
2155.2
2249.2
2477.3
2628.8
2762
3040.7
3072.7
2975.6
2965.7
2974.4
3018.2
3006.4
3300.8
2944.5
2912.7
2771.5
2748.4
2574.7
2563.2
2461.1
2154.6
1857.5
1757.7
1711
1465.2
1334.2
1105.8
1005
860.5
728.2
699.8
706.7
678.8
671.7
641.8
686.1
700.5
507.5
642.3
591.6
535.7
636.1
550.7
512.1
480
467.8
461.7
460.7
449.2
387.8
332.7
335.8
346.2
349.4
284.4
339.5
191.1
243.7
198.4
213.5
104.8
216.1
96
165.2
153.7
172.8
143.1
212.9
183.8
256.1
206.4
228.1
303.4
279.8
375.6
441.7
411.6
460.7
445.3
443.5
382.5
481.2
425.1
473.3
421.9
408.6
432.4
357.8
374.9
388.8
377.4
355.2
299.5
408.5
245.9
223.8
380.1
157.7
146.8
180.9
83.8
105.9
90
60.9
28.6
0
36.1
69.7
82.1
267.9
97.3
45.2
48
52.3
124.9
74.9
88.1
80.1
78.4
151
114.6
84.6
157.7
166.5
197.5
177.7
192.3
248.4
264.2
274.7
286.9
364
403.8
384.5
355.1
394.6
402.3
396.3
335.8
388.2
343.1
264.5
248.1
272.8
264.5
187.1
282.9
230.4
144
162.5
146.7
135.6
179.5
293.8
432.3
453
516.3
573.4
574.8
533.8
550.4
510.1
613.4
579.7
539.9
507.9
539
434
520.1
402.3
415.5
364.2
331.9
333.8
281.4
298.1
284.1
248.9
300.7
306.5
291
470.9
294.4
265.3
316.4
257.1
324.8
380.5
271.1
327.3
313
386.5
415.9
379.1
352.4
394.7
377.4
355.2
374.1
339.5
353.8
312.8
263.7
278.8
277.3
207.3
246.5
NaN