6839
5073
3276.3
1823.8
1383.8
1655.8
1944.6
2319.8
2888.2
3658
4634.5
5869.3
7331
9060
11269.8
13903.8
17046.6
20025.7
21219.6
18604.2
12709.3
6948
2852.2
2135.9
2263.3
2506.3
2938.7
3559
4350.3
5357.3
6873.1
8393.3
10545
13094.4
16172.1
19660.2
24519.4
29355.5
33622.5
34167.2
27643.1
17598.9
8374.9
2391.1
1489.9
1312.9
1146.2
1097
1186.3
1003
974.3
966.7
1171.8
1123.9
1275.4
1411
1594.3
1862.9
2248.3
2457.3
2751.2
2675.1
2376.7
1758.1
1339
1029.1
1106.1
1260.3
1489
1848.8
2359.9
3052.9
3715
4584.3
5539.7
6383.5
6798.6
6360.7
4890.5
3260.6
1905.4
1419.7
1644.6
1697.9
1979.7
2093.2
2206.6
2684.5
3272.1
4237.6
5559
7128.8
8483.3
10238.8
12558.3
14766.9
15963.9
15140.4
11568.8
7497.7
3748.1
2030.1
2009
2160.9
2324.3
2699.2
3082.9
3691.3
4381.6
5325.3
6353
7719.7
9476.6
11531.4
13890.6
16645.9
19928.6
24639.7
28775.8
30813.4
29387.8
22851.3
14570.6
7390.4
2737.6
1954.9
2015.9
2006.1
2239.7
2411.5
2779.3
3239.7
3809.2
4600.8
5334.4
6558.1
7817.4
9356.8
11220.9
13502.6
16041.4
18836.1
22584.6
27433.8
30376.9
31048.9
27265.6
19736.2
11897.6
5549.6
2638.9
2512.9
2546.3
2754.5
3100.8
3463.8
4055.6
4706.6
5358.3
5686.3
5534.3
4663.7
3525.7
2402.7
1728.5
1528.1
1578.3
1712.2
1846.3
2203.2
2460.2
2893.1
3555.4
4253
4931
5643.7
6493.6
7754.8
8874
9265.5
8816
7247.6
5010
3046.9
1605.3
1270.7
1289.3
1351.5
1369.7
1543.8
1586.1
1713.2
1863.1
2091.1
2522.1
3070.3
3810.6
4816.2
5757.7
6815.3
7881
9362.4
11260.1
12804.1
13652.4
13107.6
10746.4
7446
4288.7
2090.3
1557.7
1474.2
1526.7
1625.6
1593.8
1696.3
1930.2
1899.5
2083.4
2328.4
2629.9
2952.4
3390.5
3940.2
4582.3
5325.2
6307.9
7229.6
8428.2
9663.9
11572.6
13591.8
14855.2
14910.8
13151.1
9959.2
6346.1
3135.5
1395.1
976.8
894.8
832.5
915.9
859.1
1071.8
1104.2
1135.2
1184.2
1299
1455
1664.9
1790.3
2090.7
2316.7
2648
3066.7
3458.8
4028.1
4675.2
5365.7
6199.4
7240.2
8723.8
10009.3
10462.6
10347.8
9224.4
7579.4
5855.8
4281.7
3411.3
2992.5
2323
1625
1253.2
880.3
890.8
887.5
842.8
850.8
884.4
970.4
1015
1138.9
1281
1451.4
1678.3
1932.9
2204.4
2462.5
2788.5
3242.2
3786.8
4191.2
4449.2
4142.8
3643.4
2664.6
1704.5
874.4
547.2
478.7
458
498.9
521.1
517.4
587.3
622.9
632.5
891.6
705.7
727.3
821.7
928.5
1236.2
1224.4
1587.1
1855.9
2122.7
2496.7
2765.6
3230.1
3871.1
4654.7
5191.1
5630
5288.9
4616.9
3526.5
2393.5
1462.2
1064.4
1034.9
1043.5
1001.4
962.9
934.6
806.6
737.3
720.4
754.2
738.7
788.6
819.3
944.9
971
1016.9
1131.4
1416.7
1389.9
1572.6
1799.5
1986.2
2303.2
2630.1
2925.8
3389.9
3884.7
4608.4
5197.3
5333.3
5144.9
4588.3
3700.3
2567.5
1537.6
836.9
599.5
582.3
595.2
646
609.3
642.1
694.3
714
725.9
724.3
790.7
816.6
844.3
869.3
951.3
1008.1
1112.4
1329.3
1375.9
1569.7
1754.4
2058.7
2355.9
2650.4
2871.6
3029.4
3104.3
2997.6
2929
2806.2
2927.9
3013.5
3072
2909.6
2709.5
2233.7
1701.6
1244.5
776.4
657.5
585.3
617.6
707
758.5
780.1
867.9
906.8
1077.4
1247.8
1313.1
1434.7
1548.2
1814.8
2064
2390.5
2508.6
2513.1
2360.4
2089.3
1731.5
1228.4
767.4
517.9
519.3
495
469.7
467.6
485.2
483
576
477.4
519.2
536.4
570.7
587.6
660.8
612.8
581.5
620
689.4
653.2
687.1
769.9
878
1011.9
1262.8
1317.3
1515.9
1627.8
1836.7
2037.6
2339.5
2765.3
2955.5
3067.5
3046
2916.9
2651.5
2253.4
1949.8
1645.7
1520.9
1446.2
1420.2
1227.2
1097.7
950.3
726
574.8
489.9
516.3
493.7
627.8
803.6
914.9
970.4
1041.9
1178.4
1062.7
906.7
812.3
721.6
837.7
858.6
912.1
950
1051
1072.4
1263
1313.1
1342.8
1499.5
1604.2
1692.6
1836.2
2060.2
2225.7
2276.3
2181
2057.8
1867.6
1604.3
1264.8
971.6
699.5
562.6
564.6
532.8
524.1
564
513.9
524.8
529.1
571
568
604.9
709.8
736.5
781.2
891.2
948.7
977.6
954.6
860.6
922.5
735.3
617.9
525.3
477.3
400.4
430.4
449.3
561.6
500.6
520.2
595.4
625.1
666.5
671.9
764.6
771.6
824.5
916.7
899.7
1002.7
1080
1047.4
987.2
1024.4
1013.3
988.5
861.4
815.2
842.3
823.9
931.3
974.6
1049.1
1174.4
1236.6
1272
1199.4
1162
1145.1
1078
942.8
765.5
697.4
624.8
639.4
543.1
519.6
539.6
513.7
519.6
462.7
552.4
461
430
485.1
421.6
455.3
495.6
517.5
697.5
589.6
627.7
657.1
676.1
755.5
765.9
847.6
816
917.5
928.7
964.7
1036.5
1048.2
1079.2
1277.5
1259.4
1363.8
1405.7
1509
1583.2
1708.2
1805.1
1953.3
1968.3
1961.9
1962.6
1973.1
1985.9
1881.6
1803.8
1654.9
1557.8
1462.8
1338.3
1149.2
1056.4
950.7
858.7
824.7
751.9
689.3
656.9
698.6
636.6
588.2
510.2
495.5
452
491.5
582.9
629.5
684
563.3
489.5
522.3
443.1
467.7
491.5
474.7
461.2
436
475.7
495.9
467.1
471.8
498.4
492
477.9
479.2
603.3
513
442.3
474.2
541.8
507.7
569.1
711
766.5
660.9
664.7
707.9
606.6
627.6
658.9
578.4
612.8
687
739.2
864.8
945.6
1107.3
1124.2
1222.8
1408.6
1508.6
1650.9
1669.5
1732.4
1849.5
1918.1
1892.7
1985.6
1982.9
2055.6
2053.8
1952.7
2045.3
2130.5
2072.8
2025.1
2022.3
2061.5
2098.2
2121.5
2173.1
2172.8
2211.9
2249
2229
2173.3
2143.5
2030.5
1996.4
2004.4
1982.7
1954.2
2067.3
1998.7
2051
2012.2
2038.4
2132.7
2136.3
2169.8
2134.2
2086.9
2144.9
2101.5
2039.9
1994.2
2076.1
2004.1
2034.6
2001.2
1955
1985.4
1955.3
1917.9
1908.4
1873.1
1816.9
1648.6
1600.2
1479.8
1469.4
1477.5
1421.6
1552.1
1470.2
1493
1546.9
1624.4
1682.5
1705.5
1700.5
1666.8
1650.2
1574.3
1545.8
1475.8
1423.3
1362.5
1305.5
1234.7
1242.8
1171
1134.3
1217.4
1264.1
1292.2
1279.8
1332.9
1289.1
1274.7
1236.8
1237.5
1251.6
1194.2
1229.4
1181.1
1232.9
1182.1
1139.3
1097.4
1128.2
1172.5
1298.2
1356.6
1349.1
1364.1
1336.6
1359.4
1365.7
1310.1
1231
1135.6
1199.2
863.7
812.6
807.1
656.8
649.4
635.2
648.8
633.5
677.6
693.6
631.3
725.9
711.1
710.5
715.2
727.7
807.4
839.1
846.6
863.9
878.6
976.2
935.8
1005.5
1012.4
1079.8
1093.7
1124.2
1183.9
1207.8
1252.3
1266.9
1274.9
1264.6
1344.4
1454.5
1502
1659.7
1749.2
1887.2
2059
2252.2
2526.2
2905.9
3332.6
3807.8
4382.7
4950.5
5435.1
5631.5
5791.8
5896.8
6035
6174.3
6186.4
6334.8
6481.2
6656.1
6372.7
6103.4
5676.6
5432.7
5358.8
5289.7
5492.1
5995.2
6595.9
7242.3
7855.1
8351.2
8543.8
8652.7
8838.6
8719.2
8998
8933.8
9021.3
9291.9
9264.2
8572.2
7879.2
7216.5
6761
6400.1
6376.3
6616.6
7176.5
7718.3
8299.5
9107.3
9462.4
9633.2
9674.2
9688.9
9748.7
10018.1
10047.8
10177.1
10433
10276.6
9760.9
8825.6
7947.4
7216.6
6827.5
6553.2
6829.5
7295.5
7920.1
8499.9
9258.8
9804.3
10248.4
10293
10210.8
10144.8
10200.4
10524.8
10572.8
10683.7
10802
10464.5
9866.7
8599.7
7652.3
6939.4
6403.8
6143.7
6437.2
6779.9
7256
7803.9
8505.6
9186.3
9499.8
9618.7
9235.8
9009.9
9113.3
9307.5
9652.1
9645
9738.5
9452
9103.3
8163.6
7109.7
6267.2
5689
5430.3
5668.9
6030.8
6450.4
7037.2
7531.4
8325.4
8866.2
9261.4
9146.2
8745.8
8630.3
8537.2
8926.5
9199.2
9374.7
9466.4
9350
8951
8183.4
7088
6127.9
5503.5
5319.8
5503.1
5727.4
5985.6
6460.3
6854.9
7398.3
8085.7
8347.7
8405.9
8083.6
7635.5
7516.2
7506.8
7949.2
8052.2
8009.1
7965.6
7933.7
7268.7
6220.6
5076.6
4270.5
3630.7
3458.6
3477.9
3382.7
3282
3379.8
3557.1
3962.5
4082.9
4344.4
4342.7
4200.6
3967.3
3902
3966.1
4235
4452.7
4590.8
4371.9
4284.1
4110
3703.9
2977.2
2532.7
2185.7
2202.7
2238.9
2364
2386.3
2389.6
2556.2
2744
3019.5
3082.8
3180
3055.4
2814.8
2716.4
2644.6
2822.8
2819.6
2809.9
2742.3
2770.3
2626.6
2565.2
2258.5
1862.2
1691.5
1596.2
1589.3
1642.6
1701.9
1778.4
1924.4
2074.9
2366.3
2721.2
2972.5
3291.3
3530.5
3685.7
3752.9
3608
3490.2
3430.6
3530.4
3580.6
3700.9
3750.5
3562.6
3349.8
3432
3384.4
2954
2478.6
2265.1
2319.1
2406
2361.7
2387.5
2457.1
2729.4
3058.9
3479.9
3857
4397.6
4994.4
5465.1
5932.5
6215
6253.4
5999.3
5708.6
5645.2
5849.3
5967.1
6207.7
6314.8
6034
5736.5
5687.1
5641.7
5218.4
4229
3506.9
3400.5
3530.5
3564.8
3436.6
3490.8
3554.8
3969.3
4402
4960.7
5625.5
6360.7
7103.9
7835.4
8455
8906.6
9004.8
8606.9
8089
7948.2
8364
8635.8
8864.5
9114.4
8701.6
8348.6
7923.6
8201.2
7691.9
6428
5000.5
4747
4972.5
5060.2
4837.7
4777.2
4764.6
5047.2
5662.1
6167
6943.9
7728.9
8667.6
9769.9
10746.6
11383.3
11989.9
11892.8
11432.9
10746.3
10631
11181.1
11486.8
12020.6
12264.8
11926.8
11155.2
10622.6
11088.1
10470.2
8690.4
6702.1
6204.4
6333.7
6521.7
6410.3
6275.8
6178
6443.5
7165.5
7759.5
8723.1
9684.9
10838.1
12188.8
13522.1
14606
15508.3
15917.1
15832.5
15137.8
14260.7
14226.3
15036.1
15406.7
16036.8
16401.3
15851.4
14905.2
14390.4
14716.7
13976.4
11852.4
9233.3
8514.9
8827.1
10137
14309.3
19057.2
20872.8
18748.9
13560.6
11674.6
11846.1
12871.7
14045.8
15684.5
17261
18759.9
19969.6
21029.9
21296.8
21056
19999.5
19183.5
19276.5
20170.8
20794.6
21473
21717.7
21110
19938.1
19334.5
19262.5
18254.5
15339.1
12029.8
10387.5
10044.7
10054.2
9865.8
9424.6
9040.8
8848
8998.9
9603.9
10383.8
11495.4
12557.2
13924.2
15229.8
16665
17873.7
19074.8
19626.1
19842.6
19380.7
18410.9
17893.4
18010.3
18307.1
18886.9
19382.2
19369.2
18852.7
18077.7
17444.8
17145.4
15980.3
13539.6
10849.4
9113.7
8283.5
8003.7
7842.6
7313.3
7057.2
6632.2
6514
6733.3
7053.5
7525.1
8221.1
9008.2
9824.2
10764.2
11568.1
12351.8
12942.9
13495.2
13399.1
13212.3
12632.7
12378.3
12346
12480
12755.6
12994.9
13047.6
12676.3
12290.8
11788.4
11284.8
10567.2
9040.3
7552.4
6280.2
5375.8
4914.6
4576.7
4226.2
3916.8
3623
3365.7
3202.4
3191.3
3375.2
3510.2
3704
4096.4
4320.9
4626.6
4947.8
5152.7
5431.2
5546.1
5585.8
5447.9
5339.9
5206.2
5205.3
5163
5322.7
5284.3
5331.6
5129.8
5103.3
4822.6
4610
4275.3
3710.2
3264.7
2714.8
2213.9
1895.7
1665.5
1495.7
1321.2
1184
961
915.3
712.5
650.1
601.8
509.6
537.7
498.7
557.8
546.7
470.1
495.1
434.7
455.3
476.2
432.8
468.4
505.3
417.2
461.9
469.2
530.4
470
464.2
488.2
504.6
557
513.8
698.7
593.6
524.5
540.5
585.5
523.2
655.5
593.1
608.2
605
629.8
717.6
712.7
844.4
849.2
916.5
916.6
867.1
831.9
787.3
846.5
871.3
1023.4
936.1
954.6
960.9
1007.2
1113.2
1118.3
1154.3
1206.7
1333.8
1405.4
1643.5
1713.6
1819.9
1968.9
2237.1
2433.9
2582.6
2802.1
3010
3258.5
4163.1
5980.6
6242.1
5133.6
2756.2
1436.4
1376.5
1557.7
1432.2
1514.2
1665
1781.8
1991.3
2200.1
2411.4
2653.1
3053
3384.7
3881.2
4331.7
4878.8
5497.6
6247.9
6987.5
7773.3
8669.6
9653.1
10804.6
11992.2
13221.8
14422.9
15642.8
17230.2
20646.5
26396.8
31396.8
31103.9
23987.5
13716.8
7332.6
4588.2
3820.4
3462
3265.9
2951.3
2778.8
2764.4
2634.4
2713.7
2574.2
2696.1
2634.6
2714.8
2799.3
2928.1
3049.7
3296.7
3504.7
3778.1
4088.4
4418.3
4775.4
5137.2
5595.9
6007.7
6454.2
6855.2
7280.3
7536.2
7932.4
8062.2
8316.5
8462
8554.6
8664.5
8706.7
8897
8938.2
8837.9
8775.5
8888.1
8837
8799.9
8508.8
8256.3
8025.5
7754.6
7554.3
7264.2
6902.7
6624.1
6292.7
6032
5762.4
5490.1
5361.9
5320.3
5195.2
5319.7
5560.8
5672.5
5984.8
6329.6
6850
7266.9
7785.6
8508.2
9183.5
9882.5
10757.1
11694
12534.6
13385.5
14109.4
14785.8
15255.8
15550.3
15786.2
16031.8
16027.6
16011.3
16030.2
15958.8
16132.2
16105.1
15901.2
15799.2
15770.9
15835.5
15517.7
15197.2
14714.2
14425.4
14153.4
13756.7
13150.9
12755.5
12363
12087.6
11706.9
11515.1
11449.8
11548.8
11623.3
11728.1
11780.6
11854.4
11984.5
11788.7
11659.5
11513.6
11634.4
11633
11803.2
11961.4
12355.1
13070.8
13692.4
14489.6
15503
16535.2
17506.5
18412.8
19308.5
19985.2
20666.9
21600.4
22121.3
22686
23291.3
23977.4
24407.4
24850.6
25279.6
25837
26129.5
26849.9
27213.6
27835.9
28138.1
28312.4
28349.9
28099.1
27530.6
26452.7
25072
23407.8
21758
20159.2
18695
16939.2
15456.4
13984.4
12517.1
11259.4
10336.5
9603.7
9417.6
9436.8
9562.7
9829.9
10140.9
10645.1
11323.3
12183.7
12887.3
13821.5
14888.6
16132.3
17193
18465.9
19839.7
20924.1
22162.9
23447.3
24505.2
25701.5
26887.6
28250.1
29632.5
30890.6
32303.5
33163.4
33437.2
33470.3
33354.3
32896.1
31842.5
30768.7
29489.6
28048.7
26589
25285.4
23704.5
22065.4
20201.9
18295.7
16646.6
15049.3
13622.4
12580
11564.7
10780.5
10057.1
9409.8
8976.3
8576.1
8117.8
7852.2
7651.1
7724.3
7724.6
7954.1
8049.6
8294.5
8591.9
9102.7
9695.6
10211.5
10835.5
11503.5
12387.8
13024.1
13635.9
14351.8
14978.8
15485
15911.9
16354.5
16590.9
17022
17350.7
17452.4
17624.1
17832.9
17966.6
17981
18075.5
17829.8
17668.4
17360.3
17208.3
16835.8
16314.2
15930.1
15473.5
15080.1
14829.4
14682.8
14691.6
14702.8
14761.2
14591
14481.3
14275.4
14277.8
13425.3
12679.3
11896.6
11228.9
10657.1
9965.7
9279.3
8766
8221.3
7554.6
6902.7
6313.8
5801.2
5298.2
4638.6
4066.6
3479.5
3137.1
2849.5
2639.8
2438.1
2416.7
2274.1
2380.6
2358.1
2366.5
2419.1
2504.4
2623.7
2756.8
2791.5
2942.4
3106.4
3126.4
3330.3
3527.2
3651.1
3865.3
4170.6
4274.8
4349.8
4379.4
4407.9
4521.5
4520.4
4504.2
4378.5
4372.7
4156.2
3957
3835.3
3693.6
3499.2
3520.6
3115.9
2963
2671.2
2544.3
2286.6
2155.5
1946.5
1741.8
1599.8
1489.9
1474.4
1434.2
1432.9
1339.4
1380.9
1398.6
1494.1
1561.4
1606.7
1689.1
1820.3
1902.2
2057.8
2195.5
2402.3
2578.1
2681.5
2929.8
3145.9
3458.5
3884.2
4093.3
4329.5
4486.1
4671.9
4874.1
4807.6
4865.8
4886.2
4882.6
4845.2
4795.3
4732.4
4549.6
4407.8
4219.7
4078.2
3882
3638.9
3322.2
2988.7
2783.9
2656.1
2368.3
2048.9
1914.6
1661.1
1521.9
1405.4
1283.6
1282
1230.3
1261.1
1177.4
1216.1
1181.5
1137.8
1112.2
1115.9
1163.9
1117.5
1276.5
1265.4
1237.7
1395.6
1454.3
1532.7
1590.2
1742.7
1821.7
2017.1
2251
2402.4
2616.4
2775.2
2849.1
3151.7
3169.7
3072.3
3038.6
3038.1
3069.4
3101
3314.7
2943.4
2953.5
2844
2736.8
2626.3
2565.5
2453.7
2077.5
1841.2
1781.2
1697.6
1460.2
1288.9
1106
978
861.6
721.7
659
702.5
707.8
684.9
663.7
677.1
695.8
534.8
662.5
585.7
549.2
639.4
530.9
478.6
487.4
467.4
490.1
455.4
443.3
353.7
338.6
337
337.3
328.8
257
338.2
183.7
217.4
194.2
209.4
101.9
213.8
99.3
155
189.5
168.1
152.7
204.6
218.8
249.3
193.4
235.1
314.1
303.4
388.1
458.3
439.1
461.4
508
450.1
405.9
457.6
436.4
483.7
442
434
445.4
382.3
365.2
349.4
350.2
352.7
286.1
409
213.3
223.5
358.7
134.3
151
142.6
77.6
98.5
78.8
40.1
0
40.5
32.9
47.9
67.2
247.2
66.5
10.1
24
32.4
110.2
51.1
55.9
56.1
79.8
122.3
96
81.4
156.6
172.4
175.3
150.2
211.4
251.8
247.1
293.2
281.4
349.8
372.7
358.4
347.7
389.8
370
394.6
330.4
371.4
325.2
257.9
227.2
267.1
221.2
208.1
243
225.7
137.5
154
129.2
121.1
214.9
327.4
510.6
538.3
649
655.4
664.5
607
577.7
585.9
692.7
699.6
610.7
557.6
572.8
486.4
541.2
414
422.5
377.3
319.2
329.3
277.6
259.5
293.6
267.9
297.3
266.1
282.9
445.1
303.6
264.7
271.6
260.4
300.7
358.4
276.1
327
334.1
392.5
414.6
381.4
364.5
409.3
397.8
320.2
370.4
311.2
337.5
258.6
220.9
227.5
254.4
174.7
211.4
NaN