NaN
NaN
3277.1
1725.5
1117.9
1364.5
1579.1
1890.7
2474.4
3062.1
3777.3
4849.7
6160.7
7720.4
9648
11827.1
14348.1
16728.2
18550.9
17669
12789.8
7246.6
2972.3
1845.6
1850.3
2024
2510.6
2956.4
3550.8
4370
5569.7
6922.6
8651.8
10952.3
13295.4
16326.7
19986.7
24218.6
27931.7
30357.4
26688.6
17989.9
8895
2536.3
1231.1
1010
929.1
907.7
844.6
804.3
775
969.2
804.5
829
961
1195.2
1254.4
1453.1
1763.6
2047.2
2382.6
2525.3
2111.6
1655.8
1109.8
911.3
899.6
1019.8
1098.2
1398.6
1841.8
2438.6
3089.1
3752
4534.2
5289.8
5972.2
6050.9
4857.8
3232.3
1795.4
1175.6
1192.1
1288.9
1414.6
1812.8
1864.7
2265.7
2696.6
3298.2
4527.5
5731
7076.2
8559.4
10470.3
12354.4
13949.6
14215.7
11476.2
7585.7
3981.2
1929.5
1678.3
1681.4
1889
2211.5
2553.4
2939.3
3603.6
4301.1
5244.8
6352.9
7852.4
9395
11472.8
13908.9
16464.1
19847.2
24230.6
27181
27536.8
22791.9
14954.5
7890.9
2710.4
1596.4
1642.9
1631.2
1719
2006.1
2173.1
2617.1
3050.3
3633.7
4352.9
5308.6
6442.9
7702.1
9363.1
11185.4
13220.1
15593.1
18503
22622.9
26292.1
27908.7
25944.5
19414.1
12181.2
5752
2397.8
2056.2
2156.5
2288.5
2574.6
2899.2
3349.2
3943.1
4686.6
5350.8
5223.3
4597.5
3434.8
2282.8
1436.8
1226.2
1208.8
1360.3
1457.6
1615.4
1900.9
2307.9
2988.9
3506.4
4231.3
4937.3
5627.4
6672.7
7875.1
8585.1
8498
7232.4
5050.4
3037.3
1504.2
1027.3
1061.9
1053.8
1097.8
1179.7
1345.8
1372.2
1572.6
1708.5
2005.1
2524.5
3161.6
4114.6
5063
5922.4
6940
7980.7
9660.3
11487.5
12633.9
12407.5
10479.2
7444.1
4432.6
2022.6
1243.5
1175.4
1232.8
1296.2
1304.3
1395.7
1516.7
1596.3
1767.5
2077.3
2206.5
2499
2906
3382.7
3923.3
4618.3
5463.6
6328.4
7280.9
8486.6
9956.3
12105.4
13485
13675.8
12575.4
9736.7
6428.9
3150.1
1241.3
722.2
668.8
660.8
674.4
668.5
698.1
806.4
778.5
1035.9
1096.9
1217.5
1328.4
1480.4
1693.9
2032.9
2194
2586.1
2960
3409.9
4018.7
4565.5
5385.4
6230.5
7463.3
8735.5
9443.8
9459.1
8749.1
7135.8
5599.2
4090.4
3225.9
2820.6
2130.5
1435.1
985.6
659.3
627.6
805.6
652.3
706.9
656.6
641.9
678.9
798.8
989.6
1165.7
1347.3
1604.8
1833.4
2071.8
2358.5
2721.3
3270.9
3889.2
4098.1
3899.4
3436.8
2734.4
1584.7
828.4
304.4
283.7
273.6
303.8
282.8
308
350.1
355
418.5
449.6
517.1
520.5
859.3
645.5
770.7
978.7
1232.6
1651.1
1750.2
2094.3
2407.3
2732.4
3237.2
3939.8
4671.2
4972.8
4881.3
4286
3520.7
2243.4
1220.7
738.9
671.9
655.4
653.7
628
567
529.2
473.1
497.4
428.5
517.1
495.4
560.2
606.3
667.5
678.6
848.8
934.7
1054
1221.3
1521.5
1574.1
1843.4
2150.5
2466.7
2801.8
3309.7
3832.8
4523.9
4729.1
4667
4219.7
3498.2
2388.2
1330.9
617.2
340.1
368.4
375.3
364.2
346
400.3
415
391.5
434.5
507
524.8
535
550.8
671.3
676.3
788
851
929.6
1077.3
1245.2
1503.4
1644.6
1936.7
2269.9
2648.5
2675.7
2700.2
2624.2
2509.2
2400.3
2374.2
2602.8
2652.5
2563.5
2313.4
1961.1
1407.3
922
543.5
374.1
462.9
397
419.8
418.3
465.9
608.3
709.7
764
882.7
946.3
1102.9
1304.1
1437.8
1617
1944.2
2202.1
2171.8
2112.8
1864.4
1563.8
1044.6
552.4
295.5
195.3
200.7
183.6
230.1
243.5
214.2
235.7
246.4
235.8
350.1
221.4
293.9
372.9
357.3
341.7
431.2
362.8
357.7
413.4
567.4
531.2
672.7
811.9
975.9
1070.3
1340.8
1429.4
1624.4
1827.4
2138.5
2431.8
2551.8
2563.4
2461.5
2253
1875.5
1429.2
1104.1
951.9
1023
906
815.6
681.1
616.5
408.5
296.7
263.2
192.7
212.1
310.1
519
546.7
597.8
634
712.3
721.1
626.6
627.3
434.1
449.5
502.2
542
653.5
721.7
819.7
854.5
940.7
978.4
1143.3
1247
1290
1502.5
1628.9
1777
1860.7
1839.2
1666
1607.1
1352.6
1080.2
743.2
385.3
347.3
307.7
274
270.7
315.3
279
274.4
357.9
284.8
348.1
384.8
409.4
451.9
506
633.6
715.3
714
687.2
654.2
594
525.5
361.5
345.9
156.1
149.7
203.4
246.6
234
239.5
274.8
450
346.5
324.5
433.8
424.4
462.4
488.4
606.8
639.8
739.2
813.3
745.6
741.5
776.5
775.3
642.4
582.8
597.9
585.5
554.5
589.3
675.2
714
809
869.9
899.4
940.7
914.7
837.4
768.2
644.8
524.2
469.5
346.4
314.5
273.2
268.7
362.3
269.7
234.2
262.3
254.1
249
189.3
325.7
211.3
226.9
234
241.1
315.6
362.2
390.3
581.5
427.4
464.7
450.8
548.9
562.1
625.1
680
619.7
726.7
782
828.6
916.6
928.4
973.8
1218.3
1152.2
1279.3
1285.2
1485.7
1537.2
1593
1610.9
1610
1600.6
1527.1
1442.5
1333
1281.9
1121.1
1095
1022
931.8
824.3
737.9
623
599
531.7
539.8
455.7
414.3
313.5
306.5
401
401.6
387
290.4
284
281.3
272.4
359.8
425.8
463.6
289.5
214.3
255.1
202.1
215.4
254.7
222
236.6
205.9
253
261.5
224.4
235.1
262.9
250.7
223
216.2
400.3
333.2
294.2
352.7
466
378.5
398.1
504.7
490.8
368.1
392.2
333.1
305
352
506.4
441.3
567.3
682.9
713.4
834.9
960.5
1137.1
1157
1298
1401.2
1425
1482.4
1531.5
1628.2
1684.9
1710.5
1704.6
1720.9
1710.3
1696.5
1757
1742.3
1799.1
1841.1
1749.7
1787.9
1824.6
1913.4
1932.5
1879.1
1923.9
1965.5
1918.4
1863.4
1809.3
1766.6
1763.7
1665.6
1682.4
1669.2
1763.6
1726.5
1894.5
1815
1849.4
1848.3
1862.2
1820.8
1798.3
1819.9
1791.6
1759.1
1865.9
1794
1789.1
1750.7
1768.6
1711.8
1737.7
1645.7
1676.6
1669.1
1652.4
1535.7
1442.3
1374.6
1293.3
1215.2
1196.4
1160.2
1222.6
1276.7
1304.8
1434.2
1356
1366.2
1450.4
1501.2
1492.8
1415.3
1338.6
1321.5
1240.2
1176.6
1093.9
1074.3
1011.8
987.4
949.4
937.1
967.4
933.9
969.8
1002.1
1051.6
1054.4
957.5
1016.4
944.6
931.6
911
953.3
924.8
844.5
890.9
821.4
840.6
834.3
831
877.5
914.5
932.5
1009.2
1027.9
1006.5
991.1
926.1
893.6
858.8
739
630.2
560.3
647.2
411.3
396.4
460.3
388.2
423.4
417.1
396.2
403.6
422.1
493.4
375.9
529.3
513.6
489
497.3
529
582.1
600.5
612.9
600.4
634.3
768
709.5
755.7
804.1
870.7
830.6
885.2
856.4
945.4
1015
1014.2
1096.5
1158.2
1322.2
1462.1
1561.4
1745.8
1900.1
2151.4
2421.3
2842.9
3333.6
3928.9
4493.7
4823.8
5228.7
5410
5589.7
5582.1
5695.9
5829.4
5948.4
6019
6207.7
6136.4
5725.6
5448.8
5102
4930.6
4868.4
4946.8
5473.1
5972.2
6638.8
7299
7784.4
8005.4
8076.4
8196.9
8300.1
8430.4
8693.7
8593.1
8839.3
8688.7
8251.7
7597.4
7135.6
6445.9
6208.2
5896.6
6115.6
6592.8
7148.5
7737
8477
8929.1
9043.6
9234.2
9193.6
9250.1
9416.3
9595
9719.8
9832.8
9793.1
9379.2
8623
7789.5
7016.7
6542.8
6195
6297.8
6675.7
7205.2
7850.9
8577.8
9284.4
9632
9742.2
9535.2
9601.7
9570.5
9892.7
10042.2
10144.1
10318.5
10108.7
9538.8
8516.2
7434.2
6800.3
6080.6
5794.7
5981.1
6291.5
6628.6
7250.3
7774.1
8507
8852.7
9001.8
8851.4
8581.5
8650.9
8621.3
8955.5
9106.2
9160.6
9182.3
8809.7
8077.5
6822.9
6095.1
5392.4
5218.3
5140.8
5469.5
5802.5
6395
6872
7527.4
8176
8406.1
8545.8
8251.8
8005.7
7930.7
8062.4
8588.7
8622.3
8704.2
8731.1
8552.5
7865
6672.4
5827.1
5170.4
4952.1
4865.3
5063.4
5371.2
5617.7
6028.3
6556.8
7236.5
7566
7729.6
7546
7189.7
6940.4
6776.2
7042.2
7408
7305.4
7272.4
7137
6770.9
5947
5048
4032.5
3311.4
3137.2
3023.7
2953.2
2873.5
3037.6
3159
3304.1
3589
3803.7
4143.5
3862
3692.4
3509.9
3469.4
3597.2
3902.4
3948.8
3999.1
3854.2
3980.4
3519.8
2834.4
2284.2
1946.2
1886.6
1900.5
1971.5
2023.2
2055.2
2228
2385.9
2518.8
2743.2
2817.7
2757.2
2514.6
2484
2430.7
2473
2439.7
2526.4
2571
2424.5
2379
2315.2
2077
1685
1525.7
1345.3
1377.2
1456.3
1452.9
1504.9
1594
1826.8
2033
2297.4
2598.8
2950.1
3209.5
3352
3488.7
3364.5
3216.4
3173.6
3237.8
3387.6
3417.5
3524.6
3345.1
3141.3
3138.4
3116.8
2829.2
2393.3
2112.1
2014.5
2097.1
2104.2
2114.8
2184.9
2383.9
2599.2
2999.8
3389.8
3910
4385.1
4911.9
5342.2
5769.5
5934.8
5841.3
5391.4
5276.2
5399.3
5647.7
5822.3
5895.9
5790.5
5421
5231.1
5385.1
5113.2
4372.1
3386
3149.5
3164.7
3313.6
3213.5
3192.7
3341
3521
4007.7
4391.7
5083.3
5682.2
6504
7242.1
7895.9
8317
8545.6
8335.5
7885.8
7541.8
7744.2
8090.6
8313.3
8689.7
8516.4
8026.6
7566
7683
7570.8
6519.3
5071.4
4383.1
4595.3
4732.5
4618.7
4515.2
4466.1
4573
5129.3
5578.6
6298.4
7031.6
7898.7
8876.2
9828.1
10463.7
11103.8
11391.9
11031.7
10360
9915
10347.5
10890.6
11111.7
11567.4
11439.9
10888.6
10071.3
10322.2
10171.7
8860.1
6885.5
5784
5858.9
6103.1
6178.4
5870.5
5924
5967.2
6495.6
7067.6
7929.4
8820.5
9813.4
11067.2
12389.7
13345.3
14294.7
15055.3
15177.3
14668.7
13682.5
13367.4
13958.9
14545.7
14859.8
15467.8
15207.8
14542
13693.3
13618
13507.9
12174.8
9514.6
8003.5
8055
8665.2
11209
15699.1
18490.9
18023.6
13891
11104.8
10836.6
11600.9
12735.8
14054.4
15728
17210.9
18483.3
19475.6
20143.1
20080.8
19310.9
18089.5
18024.2
18667.6
19390.6
19881.8
20458.5
20116.7
19388.9
18281.8
18134.7
17546.1
15562.2
12311.3
10099.8
9573.6
9458.5
9295.7
9113.3
8755.8
8434.6
8387.5
8875.9
9553.4
10444.2
11350.3
12598.7
13913.4
15360.7
16589.9
17471.9
18401.1
18772
18662
17666.4
16949.6
16906.9
17144.8
17725
18346.5
18334.5
18108.3
17345.9
16521.4
16122.5
15497.6
13633.5
11151.6
9050.5
7983.2
7591.6
7343.6
7061.5
6682
6502.9
6101.1
6262.3
6446.6
6929.7
7540
8196
8914
9806.7
10688.3
11419.4
12065.5
12480.2
12682.3
12452.9
12128.3
11665.1
11605.5
11531
11955.3
12150.5
12300
12089.3
11680.4
11220.1
10802.3
10157.2
8952.9
7582.2
6280.1
5274.1
4682.7
4393.8
4018.4
3677.3
3438.3
3073.6
2983.3
2920.6
2955
3091.3
3286.6
3625.8
3831.8
4101
4534.1
4663.7
4943
5107
5151.6
5118.3
4941.5
4810.2
4706.5
4731.3
4776.5
4939.8
4797.7
4908
4674
4589.5
4288.2
4036
3557.2
3083.6
2565.9
2128.8
1835.7
1601.9
1286
1109.3
961.9
842.7
699.3
615.6
461
515.4
352.3
343.1
360.8
289.9
320.2
283.4
374.2
369.2
289.1
299.4
270.1
243.6
255.5
277
292.4
341.2
253.4
271.5
282.2
381.3
294.7
281.5
345.3
366.3
416.8
337
503.1
368.4
322.3
343.6
419.3
378.6
492.5
428.7
498.3
421.3
552.6
696.1
708.4
695.1
597.6
572.1
657.6
678.1
677.4
683.4
706.9
749.7
890.2
780.8
815.1
868.5
942.5
1064.9
1045.1
1135.2
1184.9
1365
1418.1
1759.6
1815.7
1944.3
2097.5
2385.9
2551.5
2694.3
3103.9
4537.6
5593.4
5075.5
3301.4
1457.5
1160.8
1231.3
1174.3
1269.2
1523.4
1473.5
1606.6
1774.9
2014.5
2261.3
2609.9
2864.4
3245.1
3769.2
4159
4753.6
5297.6
6013.5
6720.9
7568.4
8334.6
9284.3
10318.3
11277.7
12378.2
13590.6
14793.5
16591.8
20946.8
26481.5
28871.6
25082.3
16100.6
8432.1
4877.8
3601.3
3257
2954.7
2748.2
2583.9
2471.1
2396.2
2332.5
2348.6
2335.1
2488.7
2466.5
2670.9
2602.6
2786.6
2884
3139.4
3324.6
3632.7
3942.1
4287.1
4646.5
5000.5
5388.1
5818.9
6234.9
6666.5
6949.2
7244.8
7413.8
7575.3
7955.3
7981.8
8063.3
8076.2
8205.1
8276.9
8277.9
8241
8247.6
8299.3
8217.1
8102.7
7807.8
7579
7393.8
7205.6
6856.4
6514.6
6269.7
5930.3
5729.3
5468.3
5269.5
5056.6
4923.4
4877.7
4920.7
5122.6
5197.9
5502.3
5924.3
6233.2
6675.9
7114.3
7790.7
8394.1
9114.1
9888
10669.8
11515.6
12288.9
13149.3
13888.1
14343.2
14669
14789.5
14945.5
15293.2
15239.3
15345.4
15166
15267.6
15333.1
15184.7
15044.2
15055
15003.5
14790
14421.2
13996.7
13684.1
13487.3
13105.5
12746.3
12276.7
11799.7
11490.1
11219.6
10901.3
10854.6
10873
11014.1
11116.4
11240.5
11220.5
11279.9
11127.2
11036.1
10931.2
10985.4
11053.2
11250.4
11399.9
11686.7
12173.6
12729.8
13443.4
14489.2
15310.4
16232.7
17173
17980.1
18770
19280.4
20140.8
20765.9
21356
21945.9
22375.3
22929.2
23564.9
23980.2
24124.3
24431.4
25066.7
25606.9
26027
26405.5
26544.3
26609
26522
26073.5
25231.8
24117.9
22746.9
21109.4
19608.3
18051.7
16575.6
15079.7
13874
12257.6
11169.4
10244.3
9444.9
9070.7
8901.1
8913.4
9230.2
9566.8
9946
10567.8
11143.9
11813.6
12801.8
13895.9
14725.2
15805
17031.4
18200.4
19308.4
20396
21702.9
22530.8
23688.7
24918.9
26044.7
27248.5
28516.2
29661.5
30560.3
31065.1
31460.8
31282.8
30822.5
30278.2
29513.4
28082
26871.2
25602.2
24356.1
22865.8
21280.2
19601
17918.9
16483.8
14879.3
13409
12283.7
11437.6
10490.9
9824.6
9181.6
8716.7
8219.1
7818.5
7580
7476.2
7292.2
7360.7
7370.6
7596.2
7799.5
8245.4
8577.8
8917.7
9431.7
10073.4
10877.7
11360.9
11983.3
12675.3
13554.3
14039.5
14588.2
15061
15348.5
15846.1
16062.1
16460.3
16481.1
16793.3
16972.2
17000.6
17050.4
17160.4
17051.4
16848.2
16755.3
16463.4
16248.2
15590.4
15282.7
14812.8
14376
14131
13967.1
13906.7
13891
13906.5
13842.9
13733
13699.4
13249.4
12894.5
12178.9
11887.7
10845.4
10264.2
9678.6
9085.9
8590.8
7888.6
7347.9
6781.9
6268.6
5681.4
5187.9
4599.9
4063.9
3495.2
3134.2
2800
2490.6
2366.1
2234.3
2234.1
2122.3
2227.9
2176.3
2273.1
2297.5
2415.3
2448.8
2557.8
2701.6
2872.3
2876.6
3089.7
3198.4
3288.9
3550.5
3784.3
3943.5
3992.3
4142.8
4196.1
4288.3
4259.9
4225.2
4134.6
4054.4
3924.8
3776.8
3743.6
3491.1
3303.1
3137.3
3057.3
2838.2
2829.5
2296.1
2197.5
2024.6
1942.1
1681.2
1506.4
1375.9
1312.8
1305.8
1252.3
1296.7
1284.9
1339.1
1300.4
1325.8
1409.8
1539.9
1637.3
1691.7
1764.2
1960.7
2060.8
2264.2
2418.3
2654.7
2929.6
3115.7
3381.6
3632.6
3865.2
4123.4
4306.6
4467.9
4442.3
4433
4643.3
4540.5
4502.7
4425.7
4378.7
4288.9
4144.7
4037.8
3733.5
3624.8
3523.8
3255.3
2862.6
2650.8
2533.7
2327.6
2077.5
1848.6
1642.4
1414.3
1396.5
1223.8
1197
1117
1065.5
1064.2
1062.4
1083.8
1002.4
1099.9
1060
1033.5
1039
1089.6
1161.2
1159.2
1290
1299.4
1320.7
1485.7
1506.4
1635.6
1748.3
1872.6
2042.3
2319.5
2603.1
2672
2828.8
2744.3
2770.4
3001.5
2915.6
2758.7
2775.9
2786.4
2837.3
2775.8
3050
2503.2
2442.5
2387.9
2280
2001.1
1804.6
1732.6
1583.1
1414
1259.3
1157.9
894.1
834.2
721.6
718.7
658.1
564.9
585.8
639.4
649.2
627.3
600.2
605.7
631.1
467.9
598.6
552.6
488.7
586
488.8
423.4
410.7
422.6
422.7
363.1
325.7
292
221.9
255.9
264.3
242.5
146.9
286.1
117.2
180.5
151.2
187.7
78.7
238.1
85.2
149.4
201.6
203.7
159.3
235.6
234.9
286.4
238.1
294.3
390.4
366.2
460.3
540
455.8
475.6
490.5
418.8
381.1
474.5
395.2
460.9
404.5
388.3
375.7
296.9
266.5
306.8
324.4
308.3
225.1
337
156.6
150.5
364.6
80.8
116.4
143.5
42.7
89.6
42.3
46.4
0
2.6
58.4
75.1
103.6
308.8
94.4
41.5
66.1
87.8
140.9
79.4
63.7
94.6
106
156.2
129.1
149.1
192.9
246.6
260.2
216.1
269.6
345.7
352.2
383.3
364.2
390
394.3
371.3
365.7
376.2
369.2
361.9
271.3
344.1
356.6
246.1
216.7
248.3
158.5
164.9
241.1
205
184
217.5
292.5
341.5
497.5
647.6
762.6
674.3
606.1
590.3
605.1
578.2
588.9
625.5
708.7
663.6
506.6
475.7
490.2
390.4
522.4
377.7
410.1
370.8
343.7
355.7
294.6
281.9
313.7
296.2
314.9
351.3
339.4
521.9
357.8
324.6
347.5
304.5
397.5
439.2
319.2
387.8
387.7
477.7
503.3
460
395.4
421
391.6
330
374.8
312.2
357.4
226.6
187.2
228
235.5