7225.4
6186
4226.8
2649
1588
1513.9
1826.6
2127.7
2583.2
3229.1
4094.6
5136.5
6562.3
8113.2
10064.6
12437.9
15362.8
18622.1
20869.4
20397
15982.9
10027.4
4991.4
2296.5
2175.6
2364.9
2674.5
3192.8
3913.9
4787.6
5940.8
7572
9390.2
11741.4
14521.1
17767.3
21968.2
27206.3
31754.5
34245.4
31615.6
22834.3
13292.7
5201.5
1779.5
1452.3
1301.9
1154.8
1165.3
1173.7
1093.5
997.4
1049.1
1202.2
1226.1
1392.5
1531
1756.6
2058.3
2411.3
2638.5
2816.7
2518.4
2125.9
1551.6
1244
1095.7
1190.7
1397.7
1710.4
2158.7
2699.7
3429.4
4146.8
5077.7
6046.8
6663.4
6636.5
5608.1
4053
2656.3
1621.8
1465
1744.5
1788.8
2035.1
2207.4
2380.9
2990.9
3755.8
4846
6243.4
7817.7
9316.9
11507.9
13801.6
15335.3
15497.5
13284.1
9476.7
5749.8
2752.5
1954.7
2080.4
2307.7
2483.5
2882.5
3365.6
4017.8
4791.2
5881.1
6966.5
8534.8
10415.4
12648.4
15121
18205.4
22277.6
27061.9
29629.5
29692.6
25999.3
18635.6
10981.9
4868.1
2222.7
1974.3
2036.5
2098.4
2380
2589.2
3008.6
3497.4
4144
5006.9
5897.4
7137.4
8540.1
10194.3
12266.5
14644.2
17366.6
20491.9
25291.1
29008.8
30309.2
28782.7
23370
15777.5
8690.1
3724.4
2508
2541.8
2671.3
2906.3
3286.3
3724
4436.7
5059.1
5528.3
5500.2
5038
4064.2
3044.2
2071.9
1625.6
1602.1
1689.2
1779.5
2019.3
2349.6
2690.9
3222.1
3887
4582
5210.2
6069.8
7098.4
8242
8886.1
8791.9
7943.2
6114.8
3999
2321.6
1429.3
1322.2
1339.5
1394.6
1458.8
1608.2
1680.7
1801.1
1998.9
2309.3
2797.3
3512.8
4262.6
5270.5
6252.3
7253.1
8474.2
10212.8
11926.1
12892.2
12951
11724.3
8985.2
5864.1
3122.4
1724.6
1544.7
1482.4
1556.8
1643.8
1668.8
1773.5
1970.7
2015.2
2218.6
2493.5
2803.4
3181.4
3644.6
4250.6
4911.5
5729.7
6682.1
7632.9
8924.7
10455.4
12495.6
13996.1
14402.3
13616.9
11466.1
8165
4811.3
2180
1151
974.7
917
873.3
937.9
925.3
1092.2
1148.7
1244
1276.2
1412
1557.9
1752.5
1929.2
2223
2487.3
2829.8
3249.8
3714.5
4332
5005.9
5766
6651.9
7975.3
9296.9
10017.4
10026.3
9647
8362
6691.1
4998.4
3722.5
3131.2
2689.8
1956.4
1427.9
1141.2
877.7
927.7
897.9
907.9
903.1
934.2
1039.8
1143
1260.9
1416.4
1568.8
1807.9
2081.2
2309.1
2590.1
3012.7
3543.8
3946.2
4192.5
4235.6
3797.6
3187.1
2190.2
1350.5
740
526.5
487.3
510.8
549.2
566
578.6
619.3
659.5
726.5
939.7
745.2
788.9
928.8
1048.4
1344.2
1420.7
1770.1
2051.1
2313.5
2674.5
3017.4
3549.8
4309.6
4968.5
5183.5
5268
4811.2
4059.9
3029.2
1992
1290
1089.5
1062.8
1064.5
979.2
960.3
935.2
840.4
796
736.6
785.9
802.1
844.2
873
974
1050.8
1102.2
1205.5
1516.6
1496.1
1700.5
1922.9
2209.8
2465
2834.5
3171
3686
4275.6
4902.4
5106.5
5041
4677.1
4092.8
3168.8
2079.1
1222.6
763.6
624.3
639.1
656.2
696.1
668.6
695.3
735.8
748.6
770.4
778.1
856.7
856.3
908.6
950.1
1015.4
1083.1
1186.6
1426.2
1485.9
1687.3
1922.1
2270.3
2570.1
2747.2
2899.1
3033.3
2984.6
2970
2902.4
2944.1
2956.2
3023.6
2901.8
2694.2
2471.6
1996.3
1441.4
1060.4
751.8
710.9
677.9
695
791.8
801.5
891.7
958.6
1054.1
1185.5
1304.3
1442.8
1534.6
1708.6
1971.5
2253.9
2427
2415.1
2351.7
2196.4
1907.3
1513.1
1040
694.2
537.2
536.5
530.8
510.1
508.8
545.3
534.3
614.7
540.4
594.8
594.8
607.8
612.8
711.8
642.5
612.7
662.1
727.3
698.5
792.5
889.5
997.6
1096.2
1359.2
1431.9
1617.4
1765.4
1964.4
2241.5
2627.6
2878.4
2958.2
2968.4
2894.5
2811.1
2505.9
2092.4
1823.6
1589
1497.1
1429.3
1373.3
1197.1
1072.2
923.2
686.4
597
547.1
594.1
631.6
773.8
910.5
918.3
1011
1050.5
1177.4
1027.6
914.8
822.2
802.8
901.4
892.2
984.4
1058.8
1131.3
1189
1319.2
1366.4
1413.9
1617.2
1698.8
1794.5
1951.8
2168.7
2240.8
2184.7
2044.7
1964.2
1807.1
1446.8
1156.9
872.1
657.7
594.1
611.7
596.3
576.4
609.9
545.9
600.6
604.4
636.1
633.3
712.3
779.9
836.8
871.6
967
1004.9
987.5
927.7
865.6
854
728.3
617.8
550.3
500.1
490.1
498.8
521.9
606.3
583.7
619.8
669.1
687.4
700
717.3
816.2
836.8
871.2
983.6
1008.8
1061.8
1112.4
1053.2
1027.5
1031.9
1048
973.3
935.2
834
915.9
929.1
990.6
1032.2
1145.7
1265.4
1285.5
1221.3
1190.1
1145.3
1096.8
1033.5
900.9
763.9
700.7
689.5
671.2
575.8
566.7
587.5
573
542.7
497.1
581
509.9
498.6
517.3
500.3
537.2
553.7
600.2
738.7
646
662.3
699.3
740.4
798.7
842.7
870.6
868.8
948.7
964.6
1001.5
1110.1
1098.5
1163.7
1349.5
1314.2
1420.2
1441.3
1592.7
1669.1
1791
1907.2
1951.2
1985.4
1971.1
1964.7
1976.1
1979.3
1828.7
1743.6
1597.1
1527.9
1438.6
1304.9
1145.6
1028.7
908.9
832.8
789.8
767.1
723.6
648
709.6
636.6
607.8
539.3
543
563.2
559
609.3
665.1
711
604.5
538.5
579.7
525.9
530.6
550.8
501.1
532.5
509
531.1
565.3
518.9
514
551.5
534.1
539.8
521.7
602.1
588.8
519
533.6
614.7
601.1
655.7
777
763.1
697.4
697.6
711.9
671.4
649.1
691.9
641.1
691.6
777.4
823.1
956.7
1029.3
1191.5
1228.5
1339.3
1525.6
1595.6
1662.2
1718.8
1788
1872.8
1918.1
1953
1999.9
2029.1
2024.1
2044.2
2019.3
2060.8
2134
2094.6
2091.9
2045.4
2086.2
2158.5
2168.5
2182.7
2232.2
2221.2
2220.8
2163.7
2110.9
2118.3
2037
2011.7
1978.8
2007.7
1944.2
2074.4
2061.9
2108.2
2070.9
2106.2
2084.8
2106.7
2147.5
2113.3
2069.8
2143.4
2088.4
2062
2028.6
2077.6
2021.6
2060.2
2027.4
2005.7
1998.2
1951.2
1930.6
1861.7
1817.1
1774.1
1669.6
1605.6
1498.3
1489.7
1479.6
1444
1566.4
1521.8
1613.2
1592.3
1675.9
1717.3
1705.7
1676.7
1655.3
1595.4
1594.9
1523.9
1430.8
1439.6
1354.2
1299.4
1261.2
1251.6
1207.7
1211.8
1272.9
1329.2
1335.2
1322.3
1341.9
1302.2
1310.6
1299.4
1300.5
1290.3
1190.7
1235
1198.3
1226.1
1189.3
1194.2
1127
1180.5
1253.1
1330.9
1377.6
1399.7
1399.4
1388.8
1368.9
1361.5
1290.2
1207.9
1111.6
1129.6
899.6
825.4
805.2
694.6
697.3
679.7
717.2
717.8
714.8
745.5
688.8
778
792.2
783.7
780.8
810.5
875.9
868.2
902.7
931.7
930.6
1048.5
1026.8
1084.9
1086.3
1150.5
1139.8
1210.2
1192.3
1267.2
1302
1273.4
1326.7
1309.9
1418.6
1531.6
1608.7
1754.8
1853.9
2030.5
2236.9
2448.3
2741.5
3181.3
3633.6
4097.2
4724.1
5083.8
5458.8
5577.4
5759.1
5881.1
6070.3
6103.6
6179.6
6296.6
6393.5
6363.6
5912.9
5712.9
5463.4
5295.3
5261.2
5360.3
5700.3
6277.7
6942.6
7522.8
7968.5
8243.9
8388.5
8563.4
8729
8744.2
8796.6
8813.6
8955
8932.6
8587.2
7826.7
7331.6
6846.3
6497.9
6302.3
6471.2
6833.2
7441.3
8014
8613
9106.6
9315.1
9423.2
9511.8
9568.4
9770
9840.4
9870.9
10077.7
10103.9
9693.5
8832.5
8006.2
7456.3
6910
6592.9
6563.2
7034.4
7611.4
8185.5
8864.7
9484.1
9819.6
10002.6
10006.7
9997.5
10007.8
10254.7
10376.5
10384
10589.8
10356.8
9749.5
8908.5
7785.2
7051.5
6546.2
6135.4
6247.2
6563.9
7031.4
7507.6
8166
8827.2
9186.6
9251.6
9266.7
8978.6
8968.3
9090.9
9341.7
9368.1
9490.2
9484.6
8972.4
8339.2
7239.9
6502.1
5878.8
5482.7
5419.2
5823.2
6168.5
6707.1
7305
7903.5
8583.1
8887.9
8959
8744.9
8526.4
8492.1
8643.2
8983.3
9019.6
9320.8
9225.2
8875.7
8300.6
7180.4
6428.1
5654.5
5326.6
5324.7
5566.7
5750.4
6167.9
6636.3
7124.1
7725
8119.4
8234.5
8038.4
7650
7457.8
7370.8
7708
7854.7
7854.8
7853.4
7585.7
7450.3
6519.3
5349.8
4620.3
3842.9
3522.7
3368.5
3389.9
3317.1
3330.2
3489.2
3660.4
4128.3
4176.3
4307.9
4150.4
4050.9
3873.3
3946.8
4053.1
4398.7
4349.5
4488.2
4323.2
4134.2
3842.3
3158.5
2689.6
2332.7
2157.5
2222.5
2290.2
2397.4
2447.2
2459.8
2674.8
2888.2
3034
3063.5
3086.3
2941.9
2807.9
2677.9
2703.4
2815.4
2818.4
2754.6
2739.6
2701.4
2524.1
2351.5
2025.9
1779.4
1702.2
1644.8
1640.2
1670.5
1778.5
1876.5
2047.5
2289.4
2559.8
2922.4
3157.9
3427.5
3634.2
3698.8
3612.4
3460.5
3518.3
3453.5
3591.2
3643.4
3667.4
3582.6
3421.4
3415.6
3370.7
3107.8
2604
2274.2
2247.7
2368.4
2392.8
2373.2
2418.6
2660.2
2950.3
3338.4
3754.2
4189.2
4722.2
5236.8
5688.2
6059.4
6122.8
5996.1
5631.7
5563.7
5702.4
5814.7
6066.7
6136.4
6088.6
5708.3
5560.3
5599.4
5242.1
4462.1
3625.8
3321.3
3473.1
3487.6
3452.9
3438.5
3548.3
3734.1
4190.5
4683.6
5327.4
6011
6781.6
7485.3
8093.3
8633.1
8836.2
8606.5
8019.2
7751.5
8087.9
8352.7
8602.9
8890.5
8710.1
8183.3
7836.5
7998.3
7760.4
6708.9
5211.3
4652.8
4812.4
5041.2
4857.9
4677.6
4686.6
4838.8
5373.6
5861.3
6578.4
7340
8212.1
9300.8
10220.5
10999.9
11573.9
11750.1
11275.1
10558.9
10278
10754.7
11242.9
11524.3
12083
11748.6
11149.8
10360.9
10733.1
10573.8
9076.3
6947
5977.3
6195.3
6343.7
6358.9
6147.8
6155.3
6165.8
6812.3
7419.9
8232.5
9254.8
10308.9
11544.5
12815.4
13984.4
14906
15728.4
15573.2
15025.2
14115.7
13839.7
14449
15049.2
15363.9
16097.2
15702.9
14921.4
13906.1
14428
14182
12302.7
9556
8158
8446.5
9185.3
12146.9
17828.4
20340.8
19519.1
14121.1
11222.3
11230.4
12142.6
13360.1
14802.6
16499.3
18019.5
19255.2
20361.8
21016.4
20701.8
19864.5
18747.1
18727.7
19464.5
20143.9
20754.4
21466.4
20963.8
19908.4
18700.9
19030.2
18455.8
16020.4
12307.4
10153.7
9739.3
9789
9748.9
9393.1
8879.6
8605
8680.3
9206.2
9903.6
10936.6
12034.3
13233.1
14631.2
15954.4
17281.4
18365.1
19208
19446.1
19062.3
18291
17460.5
17420
17889.6
18332.5
18806.1
19184.5
18703.9
17818.4
17155.9
16815.7
16232.7
14071.8
11149.4
8980.8
8083.1
7881
7627.2
7463.2
6916.9
6627.4
6359.3
6517.7
6785.5
7281.2
7873.1
8599.7
9431.4
10305.2
11204.1
11976.2
12687.1
13082.1
13394.6
13061.6
12554
12038.2
11965.8
12092.7
12501.1
12706.8
12855.4
12564.9
12158.8
11656.9
11243.4
10679.2
9372.5
7711.3
6241.1
5439
4830.7
4501.3
4276.8
3910.7
3629.5
3331.4
3175.6
3122.5
3263.3
3451
3658
3864.5
4263.4
4486.1
4797.3
5079
5274.6
5509.7
5591.7
5449.2
5251.4
5151.2
5084.3
5118.9
5111.9
5289.3
5209.9
5186.3
4972.6
4865.3
4560
4371.7
3908.8
3284.7
2763.1
2351.4
1948.3
1673.5
1546.6
1381.1
1243.2
1076.3
850.8
850
702.2
650.8
635
538.7
585.3
536.1
613.2
553.7
519.2
522.2
516.6
502.8
509.1
511.5
529.3
538.1
472.5
519.5
516.8
583.2
494.8
529.7
553
595.9
625.1
569.6
722
624.2
590.4
600.7
642
612.1
676.4
640.3
677.2
642.8
694.6
789.7
836.9
958.7
952.4
941.8
921.8
871.6
883.3
852.2
912.3
958.5
1049.2
995
1037.9
1069.8
1134.1
1213.8
1213.6
1291.4
1321.2
1447.7
1515
1772
1850.2
1993
2165.8
2416.2
2636
2803.1
3059.4
3235.1
3906
5727.7
6351.1
5523.4
3299.9
1610.5
1401.6
1432.2
1580.5
1547
1626.7
1782.6
1997.5
2107.5
2403.6
2674.1
2936.5
3362.5
3761.3
4256.4
4733.1
5399.8
6048.4
6784.4
7615.1
8474.7
9416.5
10463.9
11613.7
12896.4
14085.5
15306.1
16633.2
19195
24937.8
31280.3
32218.1
26224.5
15167.3
7538.8
4629.3
3816
3464.5
3196
3010.1
2772
2643.2
2647.6
2571
2626.5
2558.7
2706
2602.9
2788.1
2842.1
3026.8
3185.4
3390.8
3662.8
3939.6
4279.3
4633
4975.1
5370
5813.6
6292
6663.8
7024.4
7459.7
7709.2
8018.5
8100
8310.6
8372.9
8418.5
8512.9
8608.2
8661.2
8720.4
8685.2
8652.7
8712.5
8595
8407.3
8163.4
7977.2
7695.5
7406.6
7104.9
6796.5
6499.8
6224.5
5871.4
5580.2
5420.3
5214.7
5102.6
5165.6
5126
5285
5582.6
5739.5
6067.6
6484.4
7090.5
7543.3
8136.4
8799.3
9538.9
10338.3
11104.2
12135.3
12905.3
13749.3
14376.4
14937.7
15182.1
15430.4
15569.9
15758.4
15621.2
15595.3
15612.7
15657.2
15692.5
15606.5
15464.3
15425.2
15442.7
15234.3
14844.5
14467.6
14067.8
13826.7
13451.1
12971.4
12443.6
12084.5
11699.5
11442.5
11231.1
11102.2
11161.1
11341.1
11463.2
11483.5
11538.3
11639.7
11549
11359.8
11271.3
11209.1
11343.2
11396.2
11637
11874.3
12455.6
13189.3
14063.4
14931.1
15966.6
16934.4
17879.7
18616.6
19474.3
20236.9
20864.9
21627.5
22039.3
22580.2
23198
23852.6
24301.5
24635
24991.3
25460
25861.6
26514.4
26976.7
27528.2
27635.6
27845.4
27600
27050.9
26143.1
24619.9
23175.2
21456.5
19749.4
18232.1
16757.1
15051.4
13609
12196.2
10948.8
9993.1
9368
9044.4
9096.5
9197.6
9463.6
9837.9
10257.1
10821.8
11560.5
12493.8
13289.2
14337.6
15490
16651.5
17834
18993.6
20320.3
21435.3
22564.8
23875.6
24850.3
25995.6
27338.1
28804.1
29985.5
31235.5
32266.5
32725.3
32937
32611.3
32266.3
31416.2
30217.9
28990.8
27698.1
26305.6
24813.5
23272.7
21527.3
19763.2
17998.3
16333.4
14706.5
13390.9
12244
11362.5
10518.4
9774.3
9179.3
8693.7
8230
7900.5
7596.3
7494.1
7456.9
7464.2
7603.6
7886.6
8105
8330.1
8766.2
9327.4
9950.1
10537.2
11149.4
11856.7
12725.9
13317.1
13932.8
14599
15053.5
15606
15898.4
16378.1
16546.5
16828.6
17138.9
17224.6
17376.2
17572.8
17621.5
17539.6
17568.3
17282.1
17085.7
16720.5
16532.3
16123.3
15439.4
15092.8
14720.2
14429.4
14178.9
14215.9
14174.5
14110.7
14048.8
13905.9
13727.9
13362.2
13181.9
12160.8
11452.8
10812.5
10187
9554.5
8976.4
8343.3
7828.7
7233.9
6610
6030.4
5476.6
5042.9
4413.8
3843
3373.2
2967.7
2737.4
2542.5
2409.7
2294.3
2301.7
2255.2
2322.1
2320.9
2358.7
2409.6
2540.6
2652.4
2771.7
2849.6
2980
3156.6
3208.2
3415.8
3575.9
3772.1
3962.4
4180.6
4276.5
4330.4
4360.1
4398
4512.1
4405.4
4395.1
4238.7
4175.8
3918.8
3741.4
3600.4
3491.2
3233.1
3266.7
2842.2
2646.5
2395.3
2324.4
2107.2
1900.3
1702
1550.1
1472.9
1371.8
1372.8
1381.8
1391
1339.8
1371.3
1435.3
1524.4
1599.4
1693.1
1763.1
1882.4
2002.8
2147.7
2309.5
2499.3
2728.7
2843.6
3115.3
3395.9
3703.4
4021.5
4218.7
4419.8
4564.4
4696.5
4866.9
4763.8
4861.2
4791.5
4760.4
4694.5
4638.8
4538.5
4322.4
4106.3
3995.6
3841.6
3517.5
3244
2952.3
2725.1
2539.7
2358.7
2046.1
1780.3
1672.2
1470.3
1378.4
1288.5
1236.4
1232.7
1187.1
1191.6
1127.6
1161.8
1151.6
1119.8
1139.6
1152.7
1196.7
1164.9
1274.4
1325.5
1316.4
1463.1
1481.5
1603.9
1679.4
1794.5
1917.6
2115.2
2368.8
2549.2
2767.5
2895.3
2932.4
3120.6
3103.1
3022.1
3035.7
3010.2
3034.4
3014
3239.8
2908.5
2787.2
2692
2656.5
2511.4
2299.2
2100.3
1860
1686.3
1627
1483.7
1210
1075.2
927.7
870.6
755.1
660.8
651.4
684
669.6
637.2
613.3
667.4
671.1
539.5
602.5
573.1
542.1
630.3
523.1
493
494.2
476
467.8
435.7
414.1
354.3
310
321.8
317.9
300.6
233.5
265.9
162.4
207.5
156.2
179.1
99.2
200.9
103.5
174.7
176.7
173.6
160.2
231.4
201.3
250
235.8
284.2
310.4
297.2
402.1
461.3
444.8
465.9
490.5
444.9
407
465.2
424.4
451.8
414.5
392.4
426.1
332
330
300.8
341.4
319.7
285.5
324.2
174.9
185.7
292.8
118.2
108.5
126.7
52.1
76.8
53.2
49.4
13
48.3
48.8
50.1
85
234.8
75.9
0
31.9
47.6
110.8
57.7
75.5
88.1
81.1
148.8
117.5
114.2
167.2
191
189.8
169.2
213.3
261.6
282.5
297.8
319.8
366.5
351.5
339.1
348.2
380.8
358.5
354.5
286.2
309.2
277.1
201.6
210.1
230.8
202.3
144.2
194.5
154.1
118
125.9
123.4
166.2
272.9
401.5
562.2
606.4
614.4
584.8
561.1
522.6
539.7
544.8
642.1
648.7
520.4
469
481
387.2
460.4
368.5
326.9
319.5
279.4
289.9
256.1
246
236.9
238.6
265.4
269.1
238.8
400.7
277.4
267
269
239.3
276.9
331.8
234.4
289.7
313.9
358.2
378
352.4
343
399.3
354.7
287.7
332.5
256
306.5
218.7
185.7
212.6
180.6
127.1
132