7305.1
5942.1
3938.5
2391.3
1492.3
1539.6
1836.5
2199
2649.9
3325.2
4180.4
5255.2
6781.9
8312.2
10379.3
12797.7
15752.6
18986.8
21067.7
20113.6
15146.2
9177.1
4297.4
2119.6
2199.8
2393.5
2719.9
3243.8
4007.5
4905.8
6024.2
7754.6
9579.9
12020
14734.6
18144.9
22398.2
27651.5
32095.1
34210.8
30695.3
21339.1
11790.7
4158.3
1616.3
1369.7
1216.8
1100.8
1092
1176.1
1038.1
983.4
1023.5
1212.8
1231.8
1379.7
1575.1
1774.1
2115.5
2479.2
2625.9
2832.5
2534.7
2060.7
1500.2
1161.7
1077.9
1217.3
1399.4
1753.6
2230.6
2804.6
3556.8
4279.7
5264.7
6178
6773.7
6708.1
5463
3904.2
2470.3
1529.4
1467.7
1714.9
1761.8
2066.3
2228.2
2410.3
3077.3
3895.8
5025
6446.6
8126.8
9560.3
11867.1
14127.2
15644.4
15645.3
12925.3
8984.7
5237.7
2434.8
1918.9
2087.7
2291.2
2489.7
2926.1
3413.5
4079
4876.6
5943.1
7157.5
8686.8
10665.8
12857.7
15436.6
18515.2
22769.3
27490.4
30101.7
29951.2
25424.8
17540.9
10039.6
4103.9
2076.3
1948.9
2036.9
2089.9
2340
2572.2
2995
3467.1
4167.6
5080.1
5945
7258.1
8587.5
10345.3
12429.5
14810.5
17577.8
20797
25579.5
29208.5
30396.1
28576.8
22462.5
14680.8
7781.9
3290.9
2490.6
2566.4
2700.6
2973.4
3374.7
3781.2
4537
5227.4
5666.3
5685
5104.1
3940.7
2872
1916.2
1556.7
1577.8
1672
1750
1987.9
2359.2
2727.6
3226.9
3944.1
4665.4
5364.2
6163.5
7299
8494.3
9133.7
8993.6
7966.6
5871.9
3772.2
2103.7
1330.9
1305.6
1304.5
1383.7
1468.1
1597
1639.8
1788.3
2031.5
2319.7
2879.2
3556.9
4365.2
5402.1
6379.3
7448.2
8662.1
10437.9
12153.8
13268.9
13163.9
11662.8
8646.3
5453.7
2758.7
1575.7
1496.8
1425.2
1503.2
1602.3
1647.2
1728.2
1951.6
2001.1
2187.2
2467.2
2820.1
3201.5
3684.9
4339.3
4943.9
5782.7
6808.1
7799.1
9107.5
10679.7
12748.4
14244.5
14583.2
13712.4
11151.8
7601.2
4285.1
1881.1
1071
923.6
889.7
828.9
934.7
895.8
1078.4
1123.7
1186.3
1259.5
1364.5
1525.7
1758.3
1881.7
2191.4
2489.7
2853.4
3278.1
3722.8
4351.5
5013.8
5801
6715.9
8055
9351.1
10152.4
10103
9560.6
8123.8
6429.7
4787.6
3654.6
3123.1
2572.3
1871.1
1300.9
1077.8
844.5
898
886.8
837.6
885.2
890.8
1021.5
1098.3
1215.3
1391.2
1581.6
1824.1
2128.6
2357.3
2651.8
3069.3
3624.3
4054.7
4281.2
4321
3769.9
3085.4
2041.9
1205
641.9
491.4
443.7
460.1
511
523
524.8
594.8
674.6
658.3
917.5
722.6
779.6
896.4
1006.1
1323
1397
1745.6
2074.1
2336.7
2664.2
3022.6
3587
4351
5030.4
5227.3
5338.9
4826.8
3922.6
2814.3
1766.5
1121.6
1015.8
989.7
951
944.4
883.6
854.9
738.3
729
709.8
704.4
761.3
785.8
817.6
944.7
977.3
1064.2
1202.6
1463.3
1498.6
1687.1
1918.4
2175.5
2482.2
2808.1
3146.1
3699.5
4273.2
4900.8
5183.4
5085.5
4685.6
4007.4
2982.8
1896.3
1070.7
647.3
560.4
568.1
597.4
648.9
635.1
656.4
656
708.8
711.4
726.6
801.3
824.8
862
883.6
972.2
1049.6
1192.3
1413.7
1485
1697.2
1952.4
2269.6
2578.2
2806.9
2909
3057.4
3036.1
2930.1
2865.8
2848.2
2959.9
2957.3
2884
2669.5
2378.3
1838.6
1310.9
976.5
673.2
617.6
638.3
631
719.8
758.7
823.7
910.8
1012.9
1164.7
1286.1
1431
1515.7
1667.4
1963.3
2245.8
2469.5
2435.1
2373.3
2170.9
1857.9
1435.7
933.5
596
466.3
494.3
466.9
454.3
438.4
479.5
462.5
573.3
462.6
514.6
541.5
582
570.6
662.8
600.8
564.9
611.8
686.7
670.7
746.9
827.5
982.4
1053.5
1335.1
1405.2
1571.7
1729.8
1939.7
2238.5
2591
2908.2
2933.6
2934.5
2863.1
2710.3
2372
1937.9
1704.6
1431.5
1388.4
1317.5
1248.2
1071.3
959.6
777.5
606.9
502.7
491.5
510.8
572
730.1
885.9
901.2
985.6
1034
1125.8
930.2
837
753.7
715.4
843.4
888
967.2
993.4
1101
1134.2
1276.2
1337.1
1388.8
1560.5
1623.6
1748.6
1934.7
2155.2
2191.3
2154
2000.4
1924.9
1712.7
1365.3
1067.2
832.1
606.7
536.8
577.3
526.3
502.5
566.1
515.9
539.8
562.9
618
587.6
656.7
746.9
801.1
855.4
948.6
980.9
958.5
888.6
836.4
838.4
666.7
539.7
471.1
431.7
428.1
426.6
459.3
618.1
526.2
535.5
634.2
632.1
622.9
680.8
788
793.4
836
945.1
974
1026.7
1049.4
1015.4
977.6
969.2
972.2
913.9
886.1
828
874.3
865.9
973.7
998.3
1090.8
1205.8
1238.1
1203.1
1138.4
1112.8
1044.5
977
792.1
692.6
648.2
631.5
625.6
515.1
480.7
543.8
531.6
510.9
450.3
530.9
473.2
452.5
447.4
436.6
485.5
533.2
566.1
682.8
583.1
652.9
648.2
702
767.3
788.3
857.3
812.8
876.5
945.9
1001.6
1057.3
1060.8
1125.2
1308
1296.9
1401
1399.5
1538.1
1635.9
1757.6
1842.8
1913.6
1958.7
1925.5
1908
1935.5
1913.2
1727.2
1634.4
1537.9
1464.7
1315.9
1225.3
1058
981.5
895.2
828.6
804.3
748.4
684.1
656
683
624.8
572.6
500
506.6
491.9
504.3
578.2
622.9
654.8
554
497
533.6
483.9
482.8
493.3
493.2
456.5
467.5
485.9
532.4
464.4
481.9
484
515.1
484.5
458.7
571.2
491
470.7
466.3
549.2
544.7
610.6
712.5
720.8
664.3
664.4
652
589.8
599.3
653
590.2
630.4
716.9
802.1
915.2
989.3
1158.4
1191.8
1289.8
1513.5
1560
1650.9
1676.1
1761.8
1848
1916
1939.4
2023.2
1996.3
2009.4
1990.4
1993.3
2043.3
2120.6
2067
2056.2
2020.7
2054.5
2130.4
2146.1
2198.4
2200.4
2195.1
2240.4
2192.5
2139.7
2087.4
1995
2011.7
1979.5
1992.4
1939.1
2066.1
2033.1
2099.4
2066.5
2062.2
2114.4
2173.6
2138.4
2092.9
2082.1
2152.4
2086.7
2071.5
2015.9
2057.8
2049.3
2013.3
2005
1975.7
1952.6
1984.1
1907.5
1842.5
1820
1757
1618.1
1568.8
1475.3
1448.2
1484.7
1453
1546
1525.1
1566.3
1620.3
1675.4
1704.2
1732.7
1674.3
1668.7
1564.3
1554.4
1461.6
1430.3
1361
1355
1263.8
1203.9
1224.9
1183
1181.2
1231.4
1289.6
1294.5
1268.7
1305.8
1270.6
1246.2
1245.4
1261.1
1220.8
1171.6
1209.1
1140.6
1156.8
1150.3
1129.9
1091.3
1135.2
1202.6
1267.8
1318.5
1312
1322
1321.3
1322.8
1268.2
1223.3
1122.8
1021.6
1051.7
800.8
749.3
741.5
640.7
640.5
619.5
637.9
643
671
728
643.4
733
728
713.5
710.9
749.1
832.1
844.9
841.1
859.9
884.9
989.9
944.7
1003.4
1025.3
1058.8
1090.3
1109.1
1122.7
1183
1244
1234.6
1276.5
1288.9
1398.5
1503.2
1587
1727.4
1785.7
2000.3
2216.7
2466.9
2732.1
3188.3
3722.3
4184.8
4761.9
5248.6
5570
5689.1
5815.4
5941.2
6073.4
6174.6
6305.4
6451.8
6526.2
6398.8
6054
5736.2
5499.2
5273.8
5309
5444.9
5790.5
6352.9
7103.3
7709.4
8125.5
8444
8574.5
8647.5
8789.5
8826.5
8930.6
9000.7
9188.5
9074.3
8801.5
7971.9
7430.5
6857.3
6517.1
6366.1
6558.3
6977.2
7517.6
8162.2
8761.7
9298.2
9554.9
9569.4
9617.4
9693.9
9847.4
10075.9
10041.2
10263.7
10228.7
9837
9015.3
8104.7
7449.5
6901.3
6642.9
6633.3
7047.1
7692
8327.6
9014.8
9606.6
9969.9
10158.4
10129
10123.3
10115.3
10374.7
10521.2
10526.6
10738.2
10442.5
9917.9
8957.7
7846.7
7077
6568.3
6184.9
6238.9
6640.5
7099.2
7614.8
8234.2
8950.1
9321
9366.1
9303.1
9102.3
9023.4
9141
9449.4
9489
9642.6
9573.8
9031.6
8421.8
7230.7
6521.4
5798.3
5522.9
5453.4
5874.1
6238.6
6785.6
7342.6
7941.2
8650.1
8922.4
9008.3
8782
8462.4
8538
8663.2
9064.3
9146.3
9370.5
9281.5
8968.7
8277.2
7148.7
6403
5605.3
5271.1
5275.5
5603.8
5736.9
6158.8
6680.9
7154.2
7752.9
8113.8
8292.2
8054.1
7697.4
7419.7
7404.2
7679.8
7925
7883.3
7888.9
7640
7555.3
6406.4
5270
4528.1
3788.6
3446.2
3336.3
3387.8
3293
3347.2
3446
3668
4110.1
4153.1
4314.5
4196.4
3993.2
3861.7
3871.6
4053.6
4410.8
4376.9
4477.7
4264
4129.1
3803.1
3116.1
2668.1
2272.7
2145.9
2176.3
2270.4
2355.1
2448.7
2490.2
2625.2
2851.2
3051.8
3074.2
3052.7
2876.5
2742.3
2673
2681.4
2827.6
2846.1
2744.7
2735.7
2693
2528.9
2311.3
1994.9
1726.1
1648.4
1610.7
1621.7
1657.1
1800.4
1906.8
2066.7
2307.7
2556.6
2956
3184.2
3470.2
3648.8
3690
3667.8
3467.6
3516
3497.8
3627.7
3678.9
3770.4
3633.9
3440.4
3444.9
3391.3
3131.4
2595.2
2305.2
2238.9
2386.2
2371.9
2385.2
2433.2
2682.7
2942.3
3353.1
3767.1
4243.9
4729.3
5286.3
5787
6166
6195.9
6120.7
5753
5612.4
5804.5
5870.7
6104.8
6260.4
6169
5739.7
5619
5664
5363.7
4489.9
3642.8
3362.6
3500.1
3527.3
3481.9
3431.9
3542.2
3783
4246.3
4735.6
5399.7
6098.6
6911.5
7597.4
8276.1
8825
8894.6
8678.4
8217.5
7859.5
8253.3
8524.4
8739.9
9068.2
8815.9
8295.8
7936.4
8093.9
7840
6680.8
5257.1
4662.1
4807.2
5047.6
4900
4673.6
4729.4
4871
5396.9
5978.8
6642.2
7433.8
8356.4
9392.6
10335.9
11086.2
11744.8
11861.4
11416.9
10784.9
10424.1
10982.9
11338.1
11682.8
12216.5
11830.4
11262.2
10507.7
10869.3
10647.5
9183.4
6983.3
6075.5
6212.6
6398.5
6402.5
6176.8
6161.9
6213.5
6840.6
7506.4
8303.2
9310.6
10456.5
11725.5
13008.4
14209.9
15115.6
15801.7
15705.5
15190.6
14252.2
13973.8
14647.3
15207.3
15623.1
16197.3
15905.3
15012.5
14075.9
14500.1
14255.1
12425.4
9645.8
8290.7
8501
9384
12532.3
18053.1
20401.8
19501.6
14237.3
11421.9
11405.4
12314.4
13512.4
15031
16646.4
18207.3
19487.3
20557.3
21210.7
20827.7
20060.7
18890.6
18869
19610.7
20293.5
20953.7
21528.5
21044.2
19939.9
18889.4
19107.5
18458.8
15970.9
12398
10297.2
9857.5
9893.1
9787.2
9460.8
8950
8695.5
8800.9
9314.5
10023.6
11011.6
12094.3
13403.4
14722.6
16055.3
17479.4
18461.1
19402.4
19547
19240.6
18392.2
17595.6
17667.3
18090.7
18429
18964.7
19273
18762.6
17942.6
17312.6
16925.2
16219
14088
11176.5
9075.3
8230.5
7911.1
7673.9
7470.4
6947.8
6635.3
6414.2
6563.9
6849.7
7342
7906.2
8696.1
9486.7
10426.8
11368.7
12077.4
12778.3
13133.7
13436.7
13060.3
12625.8
12181.4
12166
12227.7
12588.3
12833.8
12980.4
12677.9
12208.1
11747.8
11322.5
10693.7
9366.6
7767.5
6325.4
5505.3
4890.1
4532
4301.2
3886.5
3634.4
3340.9
3182
3141.2
3224.2
3444.2
3619
3872.5
4300.2
4480.5
4814.6
5076.3
5330.9
5486.5
5520.1
5452.7
5257
5158.2
5087.1
5109.5
5119.2
5244.9
5252.1
5198.6
5020.4
4844.9
4604
4368.7
3816.5
3243.4
2761.5
2339
1912.2
1688.4
1506.9
1388
1174.3
1051.1
867
785
689.5
586.4
590.7
528.9
538.9
476.1
575.6
544.9
504.9
509.6
465.3
474.9
459.1
487.8
485.5
509.8
441
471.1
467.8
543.7
471.5
509
509.9
560.9
588.2
508.1
692.8
599.1
530.6
542.1
601.5
576.9
652.9
611.5
652.6
616
676.5
753.2
790.1
878.7
896.7
885.8
902.3
851.3
852.5
801.7
899.1
905.7
1021
979.4
991.8
1036.4
1083.7
1189.4
1206.1
1238.1
1301
1436.6
1519.7
1730.9
1829
1978.1
2118.4
2398.6
2625.5
2751.7
3010.2
3187.3
3832.9
5659.3
6319.8
5456
3256
1564.7
1367.6
1370.7
1544.2
1508.3
1603.9
1756
1931.3
2094.4
2386.1
2611.9
2926.6
3353.7
3696.1
4249.6
4695.7
5363.7
5961.9
6718.4
7552.8
8402.4
9328.2
10399.2
11490.7
12795.2
14000.6
15176.2
16490.1
19190.3
24772.5
30738
31627.2
25866.9
15200.3
7728.3
4728.3
3855.5
3471.3
3235.7
3009.2
2808.4
2674.6
2653.2
2587.9
2624.3
2539.2
2715.1
2625.1
2756.8
2813.4
3045
3172.4
3439
3639.4
3935.9
4239.4
4568.8
4977.3
5399.1
5827.7
6311.9
6740
7096.4
7426.4
7715.7
8052
8100.2
8312.5
8433.5
8486.7
8579.7
8653.2
8749
8756.7
8636.7
8734.5
8759
8601.9
8464.5
8203.5
8019.8
7750
7453.9
7154.6
6783.6
6575.2
6235.6
5964.1
5678.3
5394.1
5259.2
5138.4
5187.7
5152.8
5350
5645.7
5856
6202.8
6558.2
7118.3
7618.7
8216.8
8960.8
9608.4
10434.1
11229.1
12191.7
13059
13854.5
14513.4
14998.4
15274.8
15570.4
15674.2
15900.9
15793.9
15741.7
15723.9
15878.3
15838.3
15720
15591
15520
15501.5
15490.2
14975.6
14513.4
14196.2
13962.8
13648.8
13046.7
12571.4
12273.1
11811.6
11612.1
11375.3
11214.8
11330.6
11421.4
11532.7
11646.5
11648.5
11698.4
11624
11475.2
11352.6
11381.9
11494.9
11461.2
11800.7
12063.1
12534.7
13366.8
14128.7
15115.8
16024.4
17082.6
18039.3
18816.7
19577.2
20306.8
21011.6
21832.4
22174.6
22751.8
23329.2
24041.6
24468.9
24837
25171.4
25621.7
26111.7
26705.7
27150.2
27701.2
27818.1
27972.6
27706.9
27352.2
26276
24867
23454.5
21722.8
20002.8
18421.9
16970.7
15244.3
13771.3
12402.5
11205.6
10140.9
9495.9
9133.5
9131.8
9262
9513.8
9939.6
10412.9
10917.9
11671.6
12541.2
13388.1
14368.8
15554.8
16750.7
17842.3
19080.5
20353.8
21492.8
22606.9
23924.3
25037.8
26143.7
27425.1
28917.8
30130
31195.4
32358.2
32916.5
32860.4
32616
32398.3
31514.2
30287.9
29133.7
27813.5
26376.1
24910.4
23471.6
21635
19973
18132.5
16479
14847.3
13559.3
12342.7
11495.9
10547.8
9935.4
9278.1
8800.4
8392.1
8010.3
7664.5
7515.5
7520
7521.9
7635
7904.1
8108.2
8406.6
8788.2
9394.9
9994.2
10531.1
11209.4
11939.9
12775.2
13376.9
13978.6
14702.6
15114.5
15688.7
16043
16431.9
16692.8
17007.5
17257.6
17392.9
17491.8
17622.8
17745.4
17692.5
17691.2
17478
17290.1
16910
16649.2
16182.6
15650.4
15316
14768.6
14562.3
14388.3
14343
14304.3
14326.9
14260.8
13997.8
13871.6
13494.6
13342.2
12347.7
11582.8
10901.2
10321.5
9683.9
9043.5
8460.5
7968.9
7423.6
6734.9
6124.1
5634.3
5126.4
4505.2
3943.3
3439.5
3030.3
2777.5
2575.6
2434.6
2294.1
2311.7
2269.8
2325.9
2300.5
2382.9
2470
2547.4
2651.1
2804.1
2850.6
3011.1
3160.3
3209
3440
3586.2
3827.1
4002.8
4236
4316.1
4330.2
4369.2
4398.9
4485.8
4485.3
4414.5
4262.9
4169.4
3955
3809.6
3651.7
3516.4
3289.3
3274.5
2885.3
2646.3
2423.4
2324
2125.2
1938.3
1698.7
1564.3
1495.5
1421.7
1373.9
1398.9
1387.8
1329.7
1364.6
1423.8
1546.8
1581.4
1678.8
1707.3
1878.6
1990.5
2131.4
2293.7
2514
2753.4
2863.8
3107
3358.8
3696.2
4002.5
4228.3
4404.5
4571.9
4710.4
4850.1
4767.4
4804.3
4797.2
4804.5
4710.7
4594.2
4532.9
4312.8
4106
3982.8
3857.6
3575.3
3267.8
2993.1
2756.3
2589.3
2394.8
2076.2
1761.2
1694.3
1474.6
1392.5
1288
1219.6
1222.8
1185.2
1197.1
1121.5
1149.3
1112
1095.7
1124.2
1112.5
1153.2
1173.9
1242.6
1280.9
1298.4
1432.2
1495.4
1581.6
1670.8
1776.7
1892
2116.4
2363.3
2510
2750.3
2806.6
2904.8
3107.2
3079
3036.9
2954
2952
3030.2
3030
3255.4
2840.4
2767.8
2662.5
2646
2505.7
2292.7
2122.2
1838.7
1684.9
1599.5
1512.1
1233.8
1103.8
916.1
856.2
754.7
643.4
658.9
671.1
685.8
648.7
664.7
676.1
691.7
526.8
619.3
580.2
544.7
611.1
529.7
484.9
520.2
476.9
473
436.6
404.3
367.9
315.6
307.2
327.8
302.3
237.3
303.3
166.5
182.2
199.7
180.2
92.5
204.6
103.8
145.1
171.8
169.5
157.4
235.9
189.2
253.3
230.7
275.8
340.7
314.2
391.6
491.4
447.8
492.4
502.1
458.6
383.9
489
414.6
447.4
417.3
426.1
434.7
370
352.8
323.8
323.2
319.6
291.3
338.3
190.5
192.4
328.5
84.2
128.1
134.3
70.2
62.7
42.6
43.2
29.7
29
27.6
28.8
84
247.4
89.2
0
27.7
59.7
113.2
49.4
50.6
57
84.9
122.8
92.4
90.5
140.3
169.1
191.4
158.1
217.3
268.7
277.1
314.6
313.5
367.9
365.9
361.1
339.6
387.4
357.7
392.8
299.6
331.3
287.8
210.9
244.3
248.5
199.2
160.8
211
156.3
109.9
118.6
136.7
170.8
262.7
422.3
556
598.9
613.2
570.4
582.7
553.9
553.3
562.1
667.7
633.6
546.3
488.4
506.6
401.8
465.4
383.2
370.8
351.1
305.9
276
268.2
274.7
265.9
205.9
270.8
259.5
245.1
430.8
277.8
267.7
283.5
239
314.9
310.8
254.3
318.4
313.3
341.9
382.1
379
365.6
405.3
356.4
287.1
316.4
282.4
302.6
246.1
176.3
200.9
206.6
124.1
167.8