6481.4
5407.4
3608.2
2067.7
1175.8
1248.1
1547.9
1824.2
2255.9
2878.5
3709
4689.5
6024.2
7382.6
9199
11404.2
13963.7
16593.5
18785.5
18715.6
14398.5
8771.5
3816.4
1849.6
1879
2096.4
2374.1
2835.4
3531.5
4297.1
5410.7
6947.9
8457.7
10600.5
13017.6
16008.9
19444.2
23774.5
27955.8
31043.2
29113.6
20747.4
11373.9
3684.5
1330.9
1155
948
889.7
858
980.1
745.4
735.5
759.6
944.3
890.3
1084.1
1237.4
1403.1
1691.8
2040.6
2201.6
2431.5
2244
1808.7
1262
912.4
794.2
912.6
1058
1334.5
1744.1
2248.4
2945
3582.6
4357.6
5235
5899.3
6132.2
5163.6
3624.1
2149.8
1223.1
1168.8
1461.6
1408.3
1762.4
1894.2
2021.9
2556.6
3181.9
4186.3
5469.4
6967.8
8163.5
9904.4
11994.8
13820.7
14675.3
12651.2
8730.5
4934.1
2081.7
1568.3
1753
1977.6
2085.3
2447.3
2868.5
3481.5
4172.7
5123.3
6126.2
7498.1
9188.3
11240.2
13464.5
16100.1
19258.9
23645.5
27080.8
28355.9
25126.9
17320.1
9764.4
3788.7
1754.4
1561
1684.9
1722.4
1962
2163.1
2556.5
2982.1
3548.2
4402.9
5162.1
6375.7
7552.3
9076.9
10942
13125.3
15502.4
18013.7
21846.1
26185.4
28423.4
27989.7
22106.4
14341.3
7452.1
2860.7
2069.1
2119.5
2218
2461.4
2797.6
3232.5
3857.9
4463
5013.7
5189.5
4771.4
3662.9
2563.8
1607.2
1269.9
1246.7
1316
1374.9
1593.1
1977.8
2174.5
2710.4
3383.1
4070.1
4706.8
5439.4
6224.2
7527.4
8432.4
8602.9
7692.7
5671.9
3500.5
1814.5
1054.4
1029.9
1029.1
1114.6
1104.9
1306.5
1358.9
1474.9
1643.5
1905.6
2388.8
3019.7
3752.3
4752.2
5663.6
6661.9
7683.3
9115.8
11010
12312.4
12753.9
11428.9
8389
5197.5
2461.5
1329.3
1201.5
1192.1
1274.8
1356.7
1331.7
1428.6
1716.6
1691.9
1868.6
2120.7
2471.4
2797.1
3242
3839.9
4414.4
5183
6165.6
7072
8272.7
9456.7
11424.1
13248.4
14119.9
13477.1
10927.6
7433.9
4045.5
1601.9
872.2
689.1
671.9
591.8
689.4
640.2
878.6
940.2
944
1023.1
1130
1280.1
1461
1604.8
1912.8
2153.4
2465.7
2906.1
3261.1
3819.9
4486.5
5160.8
5946.6
7085.5
8474.1
9616.5
9739.2
9117.8
7707.5
5994.1
4487.5
3387
2852.9
2374
1659.6
1046.9
906
609.9
671.2
632.4
593.8
599.1
594.5
711.2
804.4
919.9
1094.8
1238.4
1481.6
1767.4
1988.1
2270.8
2602.8
3096
3600.3
3922.4
4085.1
3606.9
2882.1
1827.2
959.8
416.1
280.6
236
245.8
289.9
304
342.7
384.7
427.5
454.6
758.3
494.2
503.1
628.9
741
1082.6
1091.1
1409.8
1723.5
1959.6
2296.2
2582.6
3018.9
3708.3
4539.3
4875.4
5176.6
4589.3
3683.4
2516.7
1470.4
840.8
702.5
717.8
703.8
661.1
656.7
609.2
458.5
496.1
450.2
444
513.7
553.2
538.2
678.4
729.2
797.6
886.8
1202.5
1150.7
1316.8
1521.2
1805.9
2064.5
2417.7
2666.7
3122.1
3600.6
4348.5
4789.5
4885.1
4505.5
3735.8
2735.7
1619.9
761.5
429.8
307.3
315.5
340.7
430
340.8
378.1
419.8
477.3
453.6
460.8
570.5
579.9
662.4
621.7
699.9
754.6
900.3
1082.6
1156.3
1367.5
1548
1880.6
2149.7
2463.7
2574.8
2761.2
2677.2
2564.9
2440.1
2361.4
2520
2663.3
2643.3
2464
2150.5
1603.3
1124.7
711.1
394.7
379.6
351
366.3
466.1
454.4
503.5
619
663.5
836
1004.8
1111.4
1159
1311.7
1545
1832.9
2147.8
2220.5
2160.1
1966.7
1583.6
1158.1
656.3
331.4
210.2
234.5
218.8
201.9
184.9
220.6
203.2
347.4
231.9
265.6
315.1
318.6
319.9
430.6
358.6
287.2
335.3
427.8
393.6
432.3
537.3
647.7
769.4
1016.9
1083.5
1247.8
1324.9
1511.5
1762.8
2040
2428.4
2591.9
2670
2583.2
2365.2
2031
1545.3
1309.2
1066
989.5
968.7
940.7
738.6
619
491.8
302.3
251.9
195.7
291.7
243.9
381.9
550.8
616.8
722.8
746.9
834.3
670.8
538.1
449.2
406.9
519.5
563.5
625.6
673.6
779
784.6
939.4
987.4
1039.6
1230.8
1296.9
1393.7
1499.1
1733.6
1842.4
1909.2
1774.2
1673
1457.7
1083.7
790.4
551.4
354.1
302
312.4
287.6
263
319.5
242.7
297.9
299.3
328.7
354
406.4
460.6
501.2
508.4
623
713.7
694.3
631.2
609.4
626.5
427
325.3
199.5
205.5
167.4
169.3
198.8
340.6
279.2
259.5
359.7
373.6
383.4
423
536.9
530.9
569.7
659.6
644.6
718.7
816.4
800.1
718.3
699.2
698.3
652
571.6
526.5
603.6
566.7
670.2
669.4
739.6
855.9
953.6
928.4
888.6
835
766
723.4
515
449.5
355.9
330.2
357.3
271.5
235.7
264.8
281.5
232.1
212.7
328.4
216
203.9
217.6
166.8
225.9
280.1
307
495.1
364.7
390.9
375.3
431.2
475.2
519.5
540.9
512.1
611.8
655
686.7
754.1
767.4
784.2
1019.4
964.9
1059.3
1097.1
1210.5
1291.6
1386.9
1449.7
1568.5
1603
1593.5
1562.8
1498.2
1538.3
1371.6
1298.2
1254.6
1114.2
1042.7
954.4
808.7
701.4
632.6
603.4
522.4
491.6
402.1
413
476.7
389.3
350.8
245.4
226.1
212.2
255.1
334.1
405.5
479.7
307.2
233.3
267.4
236.1
183
296.4
250.3
215.6
203.9
247.3
257
206.7
238.2
279.1
246.1
232.4
223.7
386.1
275.4
202.5
244.2
327.3
284.2
333.9
494.2
495
427.8
390.1
422.7
340.5
301.2
399.5
305.9
360.9
456.2
480.4
599.5
665.5
865.7
853.5
960.7
1146.1
1242.6
1306.6
1366.4
1432.8
1537.2
1562.9
1544.8
1614.2
1660.2
1711.8
1703.2
1649.1
1696.5
1804.4
1703.6
1698.2
1714.5
1714.8
1813
1796.1
1834.5
1862.9
1884.2
1924.2
1892.2
1792.5
1757.7
1692.4
1659.5
1648.9
1663.6
1619.3
1795.9
1690.4
1741.2
1727.3
1744.4
1804.6
1841.2
1895.9
1783.7
1716.9
1829.4
1758.8
1726
1673.4
1740.6
1682.6
1749.4
1643.3
1660.5
1627.3
1647.9
1608.5
1580.9
1544.5
1484.4
1356.1
1291.1
1197.3
1195.6
1216.2
1146.6
1267.6
1220.6
1250.6
1309.2
1369.5
1401.3
1443.5
1408.5
1364.2
1280
1275.6
1202.9
1149.3
1111.3
1087.3
988.6
901.9
925.9
837.6
868
927.6
1034.6
985.3
983.1
1064.1
1014.9
946.2
934.4
957.8
959.1
872.8
939
898.8
876.4
843.4
816.4
766.1
810.4
838.7
956.9
1008.7
1036.4
975.2
961.1
964.6
991.2
896.2
842.9
749.8
836.6
528.4
494.6
537.5
375.9
372.8
366.7
360.3
376.9
390.6
443.5
363.8
493.9
458.4
406.6
433
436.7
519.3
566.3
545
541
550.7
681.1
615.6
661.9
670
741.8
728.9
800.1
810.9
849.8
890.6
897.5
940.8
940.8
1041
1143.1
1203.8
1361.8
1424.2
1611
1780.8
1946.8
2252.1
2620.2
3083.9
3528.1
4088.8
4621.3
5078.1
5245
5305.6
5413.8
5486.2
5580.3
5707.9
5862.1
6027.6
6056.8
5742.3
5357.5
5076.6
4798.1
4754.1
4766.9
5051.4
5610.3
6217.8
6864.7
7395.7
7818.7
7953.7
7997.7
8133.6
8030.8
8320.7
8258.6
8390.6
8611.2
8529.8
7777.6
7085.7
6445.2
6017.5
5764.9
5870.9
6198.2
6741.6
7333.5
7894.2
8590.4
8891.5
9055.2
8950.1
8963.7
9107.2
9306.6
9410.7
9491.7
9724.3
9507.2
8915.5
7897.5
7075.8
6458.9
6093.4
5994.1
6368.2
6894.8
7506.4
8079.1
8830.5
9342.5
9607.7
9569.1
9431.8
9362.1
9487.9
9914.2
9904.3
9997.8
10103.4
9595.6
9034.1
7672.1
6778.3
6163.7
5652.2
5706.8
6012.4
6379.7
6873.8
7389.8
8138.6
8648.6
8928.7
8920.9
8497.8
8380.3
8370.7
8723.7
8942.9
8977.8
9075.3
8634.6
8344.2
7267.2
6332.8
5511.1
5007
4984.6
5320
5605.6
6031.9
6589.5
7090.4
7877.1
8302.8
8564
8337.9
7941.3
7865.3
7816
8225.3
8510.8
8704.3
8658
8523.5
8082.8
7168.3
6173.4
5236.9
4741.1
4756.8
4947.9
5165.8
5416.2
5918.5
6319.5
6853.8
7457.9
7636.7
7641.4
7164.8
6795.4
6752.1
6817.4
7290
7334.6
7229.8
7155.6
7133.8
6433.2
5216.4
4274.3
3467.1
3062.5
2979.4
3101.5
2987.1
2928.8
3034.3
3187.7
3694.7
3719.3
3916.2
3867.8
3700.8
3481.1
3470.1
3516.2
3896.9
3931.1
4166.7
3853.7
3768.9
3596.6
3126.2
2428
1997.4
1789.7
1827.7
1944.1
2005.1
2037.1
2021.6
2235.5
2417.8
2663.6
2684.2
2762.2
2609.4
2447.7
2353.5
2265.9
2461
2459.1
2450.3
2368.6
2337.6
2279
2174.5
1815.6
1486
1380.4
1338.1
1355.1
1389
1463.1
1539.4
1655.1
1898.4
2124.5
2451.9
2667
2989.8
3201
3345.8
3352.9
3182.1
3146.1
3077.8
3212
3215.4
3348.9
3329.1
3136
2981.8
3042.6
2952.5
2491.3
2045
1936
1998.6
2127
2058.3
2088.9
2210.6
2422.2
2808.5
3132.4
3636.8
4068.8
4684.2
5080.4
5519.4
5679.2
5709.8
5466.7
5140
5216.8
5398.4
5492.2
5730.1
5722.6
5517.6
5187.9
5158
5145.4
4583.1
3611.4
3056.9
3085.3
3188.7
3229.2
3096.9
3212.7
3257.3
3738.9
4080.5
4732.8
5340.5
6106.3
6799
7435.9
7965.6
8387.5
8338.9
7929.3
7398.9
7450.5
7879.7
8074.7
8393.4
8432.9
8034.2
7625.6
7343.5
7597.1
6915.6
5494.5
4395.3
4375
4596.3
4561.3
4359.1
4336.5
4393.6
4747.6
5335.9
5899
6649.7
7365.3
8385.9
9302.5
10154.8
10760.5
11185
11011.5
10528.9
9861.8
9978.9
10553.1
10839.7
11291.7
11331.7
10890.9
10216.8
9899.9
10166.8
9399.6
7538.7
5924.5
5765.8
5904.9
6004.6
5910.9
5845.6
5765.5
6106.2
6781.8
7414.5
8376.3
9279.3
10383.5
11661
12875.9
13881.7
14665.5
14824.6
14663.3
13934.8
13278.5
13517.3
14130
14491.9
15069.9
15193.8
14620.8
13720
13476.6
13591
12614.3
10388.3
8330.8
7982.8
8380.7
10112.8
14287.3
17812.5
18691.8
15872
11981.3
10939.8
11199.4
12275.9
13421.5
15049.3
16335.5
17802.5
18915.8
19761.8
19823.5
19394.7
18384.2
17944.6
18214.1
18915.2
19507.7
20056.1
20120.6
19482.9
18339.7
17972.8
17712.1
16345.3
13505.3
10800.1
9627
9396.8
9345.7
9205.1
8706.8
8433.2
8319.3
8576.4
9113.7
9979.6
11003.5
12069.3
13359.8
14534.5
15899.5
17034.7
18069.1
18450.9
18423.1
17938.9
17168.4
16846.9
17054.8
17300.2
17874.5
18157.6
17985.3
17431.6
16846.3
16170.7
15769.4
14278.4
11923.8
9765.7
8325.9
7686.9
7379.1
7188.4
6747.5
6513.3
6181.9
6146.9
6358.8
6731.5
7131
7796.5
8565.9
9407.1
10248
11009.4
11683
12173.1
12592.9
12490.8
12196.8
11781.6
11602.8
11592
11757.3
12019.8
12159.3
12103.1
11784.6
11363.1
10841
10272.5
9379.8
8031.6
6681.7
5662.6
4925
4393.6
4135.4
3749.4
3507
3213.3
3023.4
2897.2
2888.3
3099.7
3244.8
3438.3
3839.6
3963.3
4297.5
4541.9
4806.2
5006
5092
5094.1
4908.3
4848.7
4790.3
4731.6
4692.9
4871.9
4846.7
4815.6
4644.5
4640.5
4371.5
4132
3738.1
3209.7
2791.8
2339.8
1879.1
1582.6
1370.2
1176.2
1073.8
901.8
718.2
689.2
513.7
406.2
419.1
297.7
341.2
290.8
377.3
322.3
276
300.2
248.1
235.3
255.3
243.8
258.9
319.3
225.1
240.4
244.7
369.5
261.1
284.9
316.2
338.9
352.4
282.5
489.5
387.6
307.1
302.2
379.7
357.4
410.9
368.4
409.6
347.2
379.1
516.7
503
645.4
606.3
656.7
677.2
612.5
598.2
549.7
593.4
626.8
757.9
698.7
708.7
730.2
773.8
889.6
874.4
933.4
981.5
1077.4
1164.6
1389.6
1453.3
1525.4
1643.3
1932.4
2084.7
2222.1
2406.6
2612.4
2861.4
3813.5
5313.3
5270
4144.2
2029.4
1153
1110.4
1322.7
1197.3
1298.2
1437.1
1574.7
1724.6
1963.2
2114.1
2424.8
2814.2
3096.2
3531.3
3977.3
4487.8
5035.2
5715.2
6381.8
7093.9
7914.4
8882.8
9821.1
10899.5
12052.2
13087.6
14226.7
15840.7
19575.9
24578.5
28027.2
26724.3
19868.1
11295.9
6295.8
4017.2
3342.6
3028.7
2847.8
2552.2
2430.7
2455.8
2350.5
2406.9
2312.7
2419.4
2365.3
2437.2
2470.5
2658.2
2750.2
2991.5
3242
3488.7
3804.3
4062.6
4369.6
4764.2
5134.2
5613
6021.7
6350.5
6785.1
6947.7
7371.6
7424.5
7744.8
7780.4
7877.3
7900.6
8049.8
8191.6
8239.9
8119.9
8124.1
8145.8
8128.7
7955.3
7742.4
7634.8
7354.3
7121.1
6934
6574.8
6358.8
6074.1
5713
5486.5
5224
5072.7
4909.1
4946.1
4829.5
4963
5231.8
5368.4
5662.2
5943
6536.1
6843.7
7412.7
8085.2
8748.5
9434.4
10177.3
11036
11934
12627.6
13323.7
13869
14264.2
14548.6
14776.3
15003.2
15039.5
15044.2
15063
15036.6
15142.9
15039.5
14898
14808.2
14845.6
14804.4
14473.9
14099.2
13642.8
13502.8
13250.7
12742.2
12254
11944.1
11548.5
11261.4
10977.4
10787.7
10732.6
10956.6
10966.9
10976.8
10959.6
11054.2
11160.1
11030.2
10941.8
10973.1
10972
11042.5
11257.5
11452.8
11829.2
12463.9
13064.1
13904.7
14837
15759.5
16679.4
17459.5
18260.7
18992.9
19640.9
20440.1
20903.3
21377
22053.4
22677.5
23112.7
23472.5
23920.3
24372.8
24653.7
25232.3
25609.2
26143.9
26290.8
26572.6
26443.8
26173.1
25480
24373.6
23104.5
21593.8
20125.3
18532.3
17349.9
15699.8
14373.4
12952.5
11772.6
10610.6
9748.9
9105
8917.1
8991.3
9181.7
9443.7
9693.4
10171.1
10829.2
11750.6
12378.3
13225.5
14321.3
15346.5
16466.4
17606.5
18877.2
19832
20948
22169.3
23239.1
24272.5
25398.5
26894.9
27959
29047.7
30265.6
30985.9
31251.6
31085.5
31069
30491.9
29551.5
28535
27356.8
25985.1
24740
23469.3
22013.4
20527.3
18740.4
17104.8
15523
14065.4
12708.7
11737.9
10861
10106.1
9430
8867.6
8404.8
8059
7668.8
7423
7204.3
7295.1
7307
7544.9
7622.7
7911.6
8220.8
8673
9291.6
9706.5
10291
10953.5
11816.8
12346.8
12978.5
13648.9
14170.4
14700.3
15104.4
15489.5
15722.9
16037.7
16396.8
16447.6
16619.1
16906.3
16937.9
16982.9
16960.8
16823.6
16648.1
16335
16241.9
15838.6
15247.8
14881.1
14471.3
14078.6
13866.3
13711.9
13697
13716.8
13756.5
13475.6
13377.8
13103.4
13182.5
12236
11527.8
10778.7
10264.8
9629.6
8963.1
8439.3
7975.6
7469.6
6901.1
6259.3
5712.8
5259.7
4778.5
4264.7
3666.5
3142
2851.9
2568.1
2438.7
2180.2
2170.8
2115.5
2176.9
2148.1
2147.7
2216.9
2330.1
2395
2562.9
2565.6
2723.5
2863.6
2878.9
3061.9
3217.3
3404.2
3566.5
3831.6
3907.3
4015.3
3992.4
4067.2
4158
4131.1
4138.2
4062
4005.9
3776.7
3603.3
3442
3391.5
3163.8
3224.4
2809.2
2661.6
2419.7
2309.6
2087.2
1930.1
1719.8
1563.2
1455.9
1327.5
1296.4
1292.6
1280.2
1202.1
1216.3
1247.3
1340.6
1407.8
1444.6
1496.3
1659
1760.7
1894.6
2039.3
2198
2418.1
2470.3
2690.7
2955.9
3194.7
3589.9
3772.2
3994.1
4093.2
4302
4503.2
4392.4
4444.2
4489.2
4497.2
4421.4
4415.8
4387.9
4141.4
3995.6
3866.8
3744.6
3534
3347.1
3055
2734.5
2620.9
2469.3
2192.6
1830.5
1750.2
1498.5
1403.4
1259.1
1136.5
1139.3
1127.1
1120.7
1050.5
1100.8
1043.1
1004.7
998.2
1013.1
1076.3
1019
1130.3
1187.4
1139.3
1303.8
1302
1415.7
1465.4
1564.8
1706.6
1889
2112.9
2196.8
2386.1
2522.5
2621.9
2906
2888.9
2769.3
2775.3
2766.5
2817.7
2806.1
3157.1
2721.4
2665.2
2612
2515.9
2415.9
2341.7
2243.1
1903.8
1698.7
1598.2
1557.7
1317
1191.1
995.4
941.4
776.5
634.9
607
666.7
634.5
617.9
612.7
620
636.2
485.2
577
554
481.2
619.5
492.4
447.3
460.8
414.4
467.8
400.4
393.4
324.1
269.3
287
315.9
331.7
199.3
297.6
177.5
242.4
187.8
169.6
88.5
223.5
54.3
152.6
153.9
152.4
112
214.7
166.6
241.1
193.5
200.6
293.8
260.3
388.3
439.3
388
444.6
483.1
405.4
381.3
444.8
413.6
466
411
358.4
387.9
334.2
339.5
331.5
349.7
341
273.3
414.5
213.4
205.5
422.2
137.2
137.8
150.4
68.7
88.5
64.2
49.8
1.3
0
56.9
64.3
104.6
288.9
85.8
5.7
42.6
38.8
111.5
49.7
39.3
92.5
74.4
138.3
96.6
112.5
163.2
199.8
187.7
174.6
212.3
283.1
296.2
293.7
308.5
377.7
391.2
369.6
364.4
373.9
393.7
405.8
351.2
405.5
351.4
244.5
235.2
289.8
240.4
200.1
276.3
239.1
169
167.1
139.7
126.5
219.3
367.6
526.4
573.2
615.6
600.8
628.4
535.1
552.6
538.3
630.3
667.4
556
535.3
578.6
449.8
585
451.4
433
399.9
347.1
355.4
315.1
305.4
336.8
257.6
331.7
334.7
309.9
525.4
352.7
313.4
321.1
277.5
353.6
397.9
290.1
372.9
350.4
422.3
467.7
406.2
400.6
451.1
435.1
357.6
399.9
328.2
387.8
321.8
268.2
296.4
299.1
260
297.6