7210.9
5796.9
3841.4
2297.1
1459.8
1515.6
1808.1
2219.9
2687.7
3405.6
4226.9
5405.5
6880.8
8513.6
10507.2
12978.7
16038.2
19138.5
21136.4
19899.9
14685.9
8861.5
4073
2092.6
2186.5
2401.3
2777.4
3261.3
4010.3
4935.6
6151.4
7890.6
9756.5
12114.1
15054.7
18447.4
22821.6
28115.2
32359.5
34195
30100.6
20605.2
11320.3
3866
1589.4
1376.2
1217.7
1118.2
1100.5
1157.3
1050.5
983.5
1017
1199.6
1230.2
1370.2
1579.2
1791.2
2138
2517.2
2641.2
2797.5
2453.3
1974.2
1436
1152.9
1060.7
1235.6
1411.6
1747.1
2248.4
2826.3
3541
4322.1
5325
6258
6741
6530.9
5289.7
3756.9
2375.1
1513.9
1449.9
1739.4
1762.2
2050.5
2211
2459.7
3078.6
3958.5
5092.2
6586.3
8183.3
9692.4
12054.8
14254.6
15593.6
15369.5
12613.8
8721.8
5013.8
2338.2
1909.7
2063.9
2309.1
2539.4
2954.6
3458.7
4116.9
4943.2
6036.4
7214.4
8814.8
10800.8
13076.7
15708.9
18804.6
23306.4
27761.5
30138.4
29495.7
24846.9
17010
9522.3
3874.4
2060.4
1914.2
2042.8
2091.6
2374.3
2582.4
3060.7
3570.8
4205.6
5123.7
6019.7
7295
8762
10515.5
12629.2
15121.1
17806.1
21291.8
26025.1
29443.5
30189.1
28135.2
21754.9
14134.2
7345.9
3120.1
2468.8
2552.5
2719.6
3017
3373.7
3862.9
4592.4
5220.1
5629.4
5534.7
4965.5
3845.6
2774.5
1898.9
1553.9
1574.1
1682.8
1760.8
2002.9
2359.8
2724.2
3278.7
3963.7
4684.1
5390.2
6245.7
7391.1
8507.2
9082.9
8775.1
7750.4
5727.2
3646.9
1997.9
1325.9
1258.7
1316
1377.5
1413.2
1591
1657.5
1792.5
2001.3
2354.9
2905.2
3635
4463.2
5466.5
6471.5
7432.9
8771.7
10578.9
12264.3
13115
12973.9
11345
8354.8
5220.5
2631.4
1574.3
1491.4
1436.7
1511.5
1602.6
1618.2
1705.5
1955.2
1974.4
2194.2
2496.2
2822.6
3217
3703.5
4350.5
5001.7
5805
6835.9
7833.2
9188.7
10862.3
12864.9
14174.8
14405
13427
10858.5
7393.9
4052.6
1792.1
1063.9
907.1
863.8
840.5
914.9
904.3
1082.4
1127.2
1200
1272.6
1392.3
1551.8
1753
1910.1
2257.4
2510.2
2889.2
3313.8
3772.6
4385.6
5114.1
5894.7
6879.3
8200
9472.8
10098.3
10041.5
9464
8033
6320.4
4706.6
3559.9
3017
2520.5
1793.9
1241.3
1071.7
834.9
878.6
868.9
854.9
870.1
902.4
1015
1081.2
1225.6
1412
1599.3
1843.6
2081.3
2366.6
2668.4
3083.3
3651.6
4068.5
4229.2
4207.9
3690.6
3006.3
1950.5
1136.8
646.1
494.5
472.8
466.8
496.8
537
542.9
579.9
654.4
671.9
874.2
735
787.1
901.9
1033.9
1354.4
1430
1748
2065
2333.6
2700.3
3104.1
3644.7
4406.7
5053.3
5224.4
5256.4
4720.7
3835.6
2753.8
1747.9
1125.1
958
997.3
956.7
913.4
896.4
865
738.8
722.4
696.1
721.5
750.6
786.6
818.2
921.5
990.3
1088.2
1214.8
1476.5
1488.3
1691.9
1901.1
2180.4
2478.1
2823.3
3164.7
3773.1
4313
4951.2
5079.5
4983.1
4545.6
3907.2
2893.9
1797.2
1013
686.4
564.6
533.5
598.2
638.9
590.6
624
642.5
723.2
723.1
727.5
803.6
818.9
892.8
905.2
971.5
1049.2
1189.1
1378.4
1483.9
1708.7
1931.3
2313.2
2586.5
2803.6
2912.3
2991
2972.2
2912.5
2845.7
2882.7
2939.6
2984.1
2850.7
2643.9
2353
1812.7
1283.5
931.5
652.6
608
634.4
632.5
740.8
748.2
817.1
938.8
1013.2
1157
1250.7
1407.5
1534
1691.6
1975.2
2286.1
2404.5
2412.6
2335
2158.3
1792.3
1369.4
889.8
592.8
457.6
493
491.1
456.1
444.1
460.9
462.1
575.4
464.6
520
528.9
565.4
576.8
623.6
584.8
560.9
594.2
680.5
653.8
742.3
815.4
988.4
1099.9
1339.9
1405
1586.2
1742.6
1944.7
2242.3
2584.2
2858.2
2898.8
2879.2
2804.9
2668.7
2326.4
1877.5
1656.6
1425.1
1340
1283.6
1249.8
1051.2
921.9
764.3
605.2
522.5
486
531.2
614
722
881.5
892.8
980.6
1052.7
1111.2
924.6
853.5
751.1
759.4
823
875.6
934.9
972
1082.5
1110.8
1229.6
1352.1
1394.5
1571.4
1637.5
1774
1935.1
2130.2
2165.5
2097.3
1971.5
1880.3
1682.7
1330.1
1033.2
787.1
615
566.6
555.6
519.3
523.6
552.8
516.3
546.1
551.6
630.1
588.9
668
752.2
806
859.4
904.1
986
936.3
873.7
845.1
837.6
638.9
545.8
487.7
443.6
421.8
446.9
467.5
596.5
525.6
548.3
633.7
638.5
647.5
667.4
748.8
778.5
821.4
947.1
962
1003.5
1059
988.4
995.3
978.8
973.2
916
832.3
801.7
856.8
901.8
978
1021.3
1102.7
1206.4
1223.3
1180.2
1128.2
1085.3
1033.5
964.4
825.4
711.8
621.4
603.1
581.3
488.9
487.3
533.4
495.2
491.8
448.7
552
463.6
462.8
439
454.3
480.7
500.2
549.3
678.5
608
629.7
655
688.2
762.1
789.2
832.6
818.8
886.9
943.4
979
1064
1056.2
1092.1
1308.7
1294.4
1407.3
1423
1540.2
1642.5
1772.7
1841.9
1908.1
1915.3
1920.6
1887.9
1876.1
1904.3
1761.3
1633.4
1486.4
1438.3
1355.3
1218.6
1063.1
987.2
878
813.5
770.7
720.2
646.3
615.3
650
598.4
573.5
519.3
476.6
491.9
516.3
570.6
629.7
634.2
531
510.5
519.6
468.9
462.7
485.8
459.3
456.1
474.6
489.9
481.7
464.3
455.7
495.4
497.5
453.8
465.7
579.3
474.5
462.7
488.3
587.4
573.1
600.3
712.3
693.2
638.5
634.1
657.5
600.1
565.9
636.7
577.1
669.6
714.1
807.4
932.5
988.8
1168.4
1222.5
1341.2
1494.9
1544.9
1657.4
1680.1
1750.9
1847.6
1912.2
1928.3
1966.7
2009.2
1995.3
1985.5
1967.9
2015.9
2124.2
2056.9
2011.6
2017.4
2039.2
2119.1
2144.7
2159.5
2196.4
2163.7
2224.5
2137.1
2128.9
2095.1
1999.6
1993.5
1945.2
1965.1
1945.9
2063.9
2031.8
2084.7
2073.4
2097.9
2108.6
2107.3
2108.2
2088
2039.4
2128.2
2066
2047.3
1997.3
2039.6
1994.5
1986.1
1983.6
1971.3
1966.6
1930.8
1883.3
1844.6
1796.2
1713.7
1594.4
1520.6
1468.6
1440.4
1459.2
1426.7
1547.4
1508.5
1582.1
1585.8
1649
1701.1
1692.5
1648.5
1618.1
1579.3
1539
1449.5
1400.9
1410.5
1318.3
1231.9
1193.1
1218.5
1153.4
1199.7
1238.9
1271.6
1266.1
1255.8
1267.1
1275.1
1242.6
1218.9
1250.4
1207.2
1145.7
1197.9
1139.6
1192.5
1143.3
1129
1119.5
1158.1
1172.9
1268.1
1295.6
1324.9
1308.3
1278.1
1272.3
1300.8
1208.2
1115.3
1026.5
1016.1
761.4
730.3
725.9
639.2
651.7
658.5
628.1
649.3
655.9
699.9
612.6
720.3
723.8
704.3
701.3
738
817.3
835
835
837.9
853.4
972.4
921.4
980.3
1012.7
1065.3
1079.3
1143.5
1141.2
1184.5
1196.7
1212.9
1275.4
1265.7
1364
1509.2
1598.5
1721.3
1800.7
1969
2228.9
2472.3
2742.1
3218.1
3738.2
4184.4
4776
5185
5556.3
5679.3
5772.2
5935.3
6077.3
6154
6220.6
6358.1
6460.4
6348.9
5972.1
5672.2
5420
5237.2
5281.9
5447.5
5828.4
6415.3
7101.4
7627.8
8054.2
8378.9
8491.6
8632.2
8777.1
8828.1
8868.7
8946.9
9026.6
8971.1
8646.1
7832.8
7263.5
6783.5
6450
6334.2
6471.2
6947.6
7554.9
8163.1
8767.4
9255.9
9398.8
9544
9630.3
9601.7
9909.3
9926.8
9931.4
10172.3
10112
9729.3
8801.9
7969.1
7361.3
6832.5
6579.7
6595
7089.4
7693.3
8349.8
9064
9587.5
9903.3
10088.6
10022.1
10015.1
10100.2
10300.2
10466
10473
10630.1
10314.5
9695.6
8791.3
7750.8
6981.7
6469.1
6134.5
6254.6
6625.6
7119.7
7605.1
8306.7
8933.9
9219.6
9356.5
9220.1
9004.9
8936.1
9158.6
9304.4
9459.9
9589.6
9495.6
8874.3
8204.1
7080
6398.4
5758.9
5426.6
5490.6
5888.6
6237.7
6792.8
7372.2
8004.3
8592.2
8879.7
8948.3
8681.2
8487.1
8485.2
8677
9056.9
9073.3
9318.1
9186.3
8836.8
8113.9
6981
6273.5
5472.3
5237.3
5324.2
5539.2
5803.5
6142.1
6727.9
7122.3
7788.2
8165.9
8188.7
7972.7
7591.6
7387.5
7369.7
7699.2
7865
7805.1
7826.8
7535.7
7344.2
6211.2
5141.9
4399.8
3684.2
3413
3298.5
3291
3275.4
3352.5
3480.2
3712.3
4149.7
4160.6
4298.4
4133.5
3972.3
3838.5
3903.6
4059.5
4361.9
4315.2
4499.6
4229.3
4119.5
3723.3
3033.9
2610.2
2204.2
2150.9
2192.3
2249.9
2342.7
2438.4
2466.9
2662.1
2868.2
3020.5
3025.4
2990
2858.2
2732.1
2667.1
2672.3
2837.6
2827.9
2713.8
2699.2
2676.5
2491.4
2302.4
1949.1
1704.6
1649.2
1621.5
1602.4
1647.1
1787.9
1891.5
2083.7
2326.4
2617.5
2962
3160.4
3467
3647.2
3687.2
3602.7
3441.4
3509.5
3494.9
3606.7
3658.1
3729.3
3630.3
3396.3
3381.3
3316.5
3010.2
2518.7
2246.4
2279.9
2376.8
2350.1
2367.2
2421.7
2686.8
2965.5
3360.3
3776.8
4280.9
4814.2
5389.3
5760.8
6145.9
6139.9
5991.3
5667.7
5583.5
5801.7
5871.2
6101.9
6174
6052.4
5640
5599.4
5626
5165.2
4321.8
3553
3339.9
3480.1
3478.1
3449.4
3420.8
3519.2
3828
4271.5
4748.6
5434.5
6125.9
6989.3
7696.6
8237.9
8768.4
8880.9
8589.2
8026.7
7800.9
8240.9
8478.9
8741.9
8949.8
8675.4
8184.6
7894.4
8051
7667.8
6479.5
5055.4
4646.7
4825.6
5014.9
4819.2
4652.8
4661.1
4906.4
5414.4
6014
6781.4
7513.3
8414.2
9510.5
10398.7
11115.2
11751.2
11769.6
11290.1
10584.3
10351.9
10953.6
11298.5
11708.4
12170.2
11664.2
11093.2
10411.9
10917.3
10462.9
8820.5
6657.2
6010.5
6194
6377.7
6293.8
6099.7
6148.3
6174
6932.6
7508.4
8385.2
9440
10553.2
11827.3
13106.4
14227.1
15158.2
15822.3
15516
15034.4
14061.6
13932.5
14664.2
15176.9
15591.6
16139.2
15759.8
14766.4
13849.9
14610.5
14011.8
11997.4
9204.1
8168.5
8514.7
9550.6
13279.9
18850
20922.4
19380
13565.6
11286.9
11435.2
12333.4
13591.9
15181.4
16802.8
18287.7
19470.6
20621.3
21135.8
20696.6
19869.9
18680.2
18872.7
19653.6
20287.4
20993.2
21449.3
20930.2
19756.3
18803.2
19019.7
18264.2
15509.3
11874.1
10145.1
9739.5
9824.7
9687.9
9364.9
8881.8
8637
8731.7
9331.3
10065.5
11034
12264.8
13502.7
14927.4
16341
17649.7
18532
19496.4
19515.4
19064.2
18187
17457.5
17517.2
18092.9
18419.7
18992.5
19171.9
18687
17792.6
17191.1
16884.4
15939
13710.6
10756.4
8821.3
8065.1
7883.7
7618.1
7406.1
6828.3
6591.6
6404.5
6526.5
6910.2
7372.5
7942.4
8718.9
9586.4
10520.1
11364.8
12165.4
12788.5
13137.9
13374.3
12970.8
12557.1
12062.8
12127.8
12209.6
12517.7
12781.5
12910.3
12571.8
12135.3
11624.3
11224.9
10520.9
9158
7486.8
6108.4
5333.2
4840.4
4441.1
4197.5
3846.4
3545.8
3313
3153.1
3140.6
3187.7
3456.2
3692.4
3868.8
4281
4480
4850.3
5134.3
5321.2
5463.3
5480
5383.8
5186.6
5076.1
5068.9
5113.2
5116
5286.1
5248.6
5169.2
4952
4824.7
4554.2
4336
3783.7
3184
2687.9
2265.9
1867.6
1655.4
1460.5
1323.1
1165.8
1030.5
812.8
800.8
640.8
608.1
600.4
512.5
532.7
479.1
541.4
535.6
495.9
482.1
476.3
482.7
466.4
480.5
473.7
519.8
439.7
465.6
475.7
549.1
480
479.5
523.2
560.6
610.7
535.6
664.5
595.2
546.6
539.4
585.3
558.4
650.6
615.7
656.2
599.5
655.5
764.7
791.5
906.6
892
859.9
875.7
851.1
841.6
825.3
883.1
898.7
1000.8
978.8
997.5
1052.2
1106
1178.7
1187.9
1256.9
1292.9
1448.8
1507.9
1775.2
1843.9
1974.6
2153
2422.5
2642.4
2804
3010.2
3277.9
4048.3
5925.6
6218
5248.4
2915.1
1499.7
1365.7
1400.9
1525.8
1494.6
1645.1
1775
1968.1
2126
2380.6
2652.8
2950.7
3397.1
3769.7
4285.7
4793
5437.8
6085.2
6874.3
7669.4
8543
9586.2
10617
11731.8
12973.5
14217.2
15356
16782.7
19759.1
25812.8
31569
31558.1
24551.4
13667.4
6989
4457
3737.5
3440.2
3161.6
2988.8
2740.4
2608.1
2632.3
2526.6
2598.7
2543.1
2673
2654.9
2748.3
2799.7
3021.6
3160.7
3401.4
3664.9
3950.9
4295.7
4634.8
4991.3
5452.8
5860.7
6340.1
6719.8
7094.1
7494
7719.6
8063.1
8075.5
8312.1
8388.5
8437.3
8530.9
8619.2
8718.6
8689.7
8645.8
8652.2
8699.9
8596
8367.6
8111.9
7974.8
7683.2
7379.9
7050.5
6736.7
6497.6
6163.9
5886.7
5562.8
5339
5222.3
5084.1
5184.7
5155.8
5282.8
5610.9
5816.7
6183.9
6549.3
7170.5
7666.1
8251.1
8926.1
9693.7
10463.1
11253
12352.8
13177
13944.1
14471.7
15057.9
15226.4
15524.3
15731.6
15807.6
15720
15662
15741.5
15791
15790.6
15742.3
15441.1
15537.9
15495.1
15309.3
14896.3
14515.5
14078.8
13883.4
13449.2
12876.8
12451.6
12084.4
11756.8
11493.9
11199.4
11135.1
11289.8
11374.1
11532.8
11559.5
11629.5
11633.5
11531.6
11404.4
11229.3
11349.1
11385.1
11480.5
11699.8
12028
12558.8
13401.5
14200.3
15168.7
16169.5
17105.2
18115.5
18779.4
19607
20334.8
21009
21826.4
22263.9
22738
23427.6
24131.4
24419.1
24807.6
25154.6
25604.9
26102.2
26758.2
27138.8
27576.4
27756.6
27999.6
27640.5
27066.8
26054.7
24554.4
23034.9
21276.4
19610.9
18086.5
16584.8
14895.9
13496.1
12107.4
10890
9912.1
9343.9
9039.9
9076.7
9284.1
9531.8
9969.9
10391.9
10933.3
11677.4
12648.3
13457.4
14548
15681.2
16890.2
17950.2
19239.7
20542.9
21638.5
22799.1
23999.1
25149.2
26272.9
27563.4
28995.6
30183.5
31393.7
32448.2
32808.3
32837.1
32470
32249.2
31301.9
30078.8
28777.3
27503
26083.3
24623.7
23046.6
21290.4
19580.8
17815.3
16133.9
14559
13276.3
12143.8
11234.5
10431.3
9787.6
9149.3
8621.5
8232.7
7936.1
7581
7478.1
7395.7
7483.8
7664.6
7908.2
8105.7
8402.3
8872.8
9363
10074.4
10613.2
11296.5
11938.9
12808.2
13427.8
14048.3
14682.7
15148.3
15691.7
16058
16433.5
16678.8
16913.3
17250.5
17340.3
17514.2
17638
17665
17584.4
17536.9
17242.2
17145.4
16704.5
16503.4
15952.8
15493.1
15101
14773.3
14332.6
14190.4
14198.3
14158.2
14101.5
13958.4
13757.6
13628.3
13226.8
12922.6
11943.4
11279
10570.7
9994.4
9470.1
8722.9
8214.3
7676.3
7063.7
6415.5
5857.5
5370.6
4862.4
4288.7
3771.7
3296.7
2919.4
2710.2
2504.1
2387.1
2273.7
2270.3
2226.8
2309.1
2316
2366.3
2417.8
2557.1
2637.8
2807.9
2862.3
3021.9
3180.1
3205.2
3437
3619.9
3810.6
4018.6
4240.6
4303.6
4359.7
4379.6
4420.2
4487.1
4437.8
4340.5
4182.6
4169.8
3875
3739
3577.8
3450.6
3258.5
3243
2811.9
2583.8
2387.4
2288.3
2068.7
1861.3
1655.2
1569.9
1459
1380.1
1366.3
1376.3
1375.7
1351.8
1376
1418.5
1531.4
1592.1
1623.3
1693.1
1863.4
1995.9
2153.2
2310.4
2531.1
2729.5
2852.6
3153.6
3370.4
3675.1
4048.8
4234.2
4469.7
4601
4725.5
4843.2
4776
4808.5
4764.1
4754.2
4722.3
4599.4
4469.8
4248.9
4084.4
3964.1
3794.9
3523
3185.1
2969.8
2722.8
2512
2322.9
2023.5
1745.3
1638.3
1447.8
1368.4
1276.1
1208.5
1180.8
1144.7
1163.5
1117
1138.1
1119.7
1088.5
1121.6
1130.1
1153.5
1176.3
1278
1303.9
1307.4
1447.2
1450.4
1569.8
1688.1
1787.2
1903.4
2129.5
2401.4
2518.9
2761.3
2856.3
2872.3
3105.3
3097.5
3010.4
3004.6
2973.7
3028.3
3027.8
3211.2
2846.1
2770.8
2678.9
2599.4
2467.9
2270.4
2040.3
1805.1
1681.1
1604.5
1440.6
1198.7
1057.4
895.3
849.5
755.9
649.6
639
677.7
655
648.9
614.2
651.3
659.5
516.2
606.8
577.4
532.2
618.8
526.1
483.2
455.7
478.6
477.5
427.6
369
327.1
285.4
309.6
303
282.3
206.7
262.4
158.8
190.8
172.3
193.1
79.6
178
92.5
161.1
173.8
169.7
166.6
210.2
207
252
203.3
255.3
318.5
319.9
403.4
472.6
436
471.5
480
435.4
378.8
461.2
425.9
450.4
415.7
414.8
409.3
330.3
311.8
306.9
320.2
304.3
272.8
317
176.4
176.1
306.8
93.4
93.8
138
61.3
79.9
65.8
23.5
5.4
0.7
37.4
41.4
76.8
216.9
57.9
10.7
0
53.8
108.6
54.3
41.2
55.6
87.1
127.3
108.4
74.3
153
168
173.5
148.7
203.2
250.6
285.4
291.3
296.2
358.2
342.4
341.8
340.2
379.8
347
361.4
278.5
306.1
290.3
204
196.1
242.9
186.4
127.3
200.5
145.8
114.3
127.6
132.6
151.8
226.9
402.9
533.2
571.1
577.7
557.7
563.9
508.1
520
540.6
638.2
645.4
511.9
448.3
456.1
377.7
436.5
317.1
324.5
313
241.5
279.4
236.4
245.6
229.3
222.3
257.1
254
251.7
388.3
278.2
250.8
277.8
237.7
294.6
328
229.8
297.1
287.5
344.9
390.9
366.6
333.3
399
341.9
269.8
303
268.4
272
205
185.9
176.7
189.1
114
134.8