NaN
4952.1
3175.6
1665.6
1300.5
1436.1
1682.1
2076.6
2542.3
3165.9
4021
5135.2
6421.5
8138.9
9936.8
12247.9
14945.7
17603.2
19288.4
17713.4
12392.3
6977.6
2987.2
1876.9
1941.3
2254.3
2610.3
3072
3797
4765.4
5813.7
7358.1
9345.5
11496.6
14082.9
17237.8
21376.7
25764.5
29937.5
31373.1
26718
17296
8559.2
2512.5
1283.9
1143.1
1111.2
992.8
899.1
897.6
1043.2
901
874
951
1187.6
1198.2
1394.3
1603
1866
2226.5
2522.8
2428.7
2199.8
1614.8
1229.8
984
1059.8
1091.4
1299.8
1621.8
2105.3
2690.5
3288.9
4009
4852.5
5641.7
6202.7
5998.3
4674.4
3173.3
1869.1
1332.9
1295.3
1420.4
1725.2
1755.5
2118.4
2384.9
2760.3
3772.5
4806.5
6103.3
7548
9213.4
10966.2
12985.4
14379.7
14042.3
11140
7205.3
3929.4
1972.5
1735.1
1889.2
2146.1
2454.4
2762.8
3260.7
3841.5
4726.8
5641.9
6865.8
8269.1
10103.1
12328.4
14704.8
17444.8
21465.3
25606
28046.4
27252.5
21898.7
14354
7480.6
2703.3
1828.5
1729.5
1785.6
2011.7
2146.1
2566.8
2812.1
3368.9
4022.2
4820.2
5830.3
6879.5
8368.4
10003.8
11992.6
14169.1
16762.1
19900.9
24249.6
27554.1
28406.6
25454.3
19092.2
11703
5608.6
2500.7
2240.7
2290.3
2510.1
2783.3
3034.5
3565
4192.1
4893.2
5245.1
5153.6
4411.4
3339
2290.4
1523.2
1331.8
1446.9
1488
1623.4
1843.8
2167.7
2680
3154.8
3756.4
4475.4
5150.7
5880.9
7003.5
8058.8
8572.9
8278.4
6904.6
4931.6
2988.1
1582.6
1238.5
1196.5
1228.1
1232.6
1342.7
1435.5
1603
1672.8
1867.5
2229.9
2733
3430.3
4321.6
5204.8
6196
7087.2
8266.9
9994
11662.5
12487.8
11977.8
10215.3
7285.2
4288.5
2040.4
1422.8
1384.1
1426.9
1428.1
1512.8
1634.9
1659
1778.5
2074.3
2132.6
2387.9
2735.8
3106.7
3580.8
4157.7
4883.4
5655.4
6504.7
7580.7
8680.1
10359.4
12256.4
13549.5
13612.9
12265
9599.2
6157
3186.1
1245.6
866.2
841.9
756.9
793.1
781.2
878.4
867.6
1111.4
1177.2
1234.3
1335.9
1510.8
1678.4
1942.2
2083
2459.3
2759.4
3147.5
3643.2
4152.6
4812.2
5594.1
6519.3
7766.9
8965.2
9593.2
9488.2
8531
7131
5486.9
3986.9
3221.4
2682.8
2100.7
1552.8
1015.6
788.9
908.8
761.7
791.4
776.4
739.5
784
827
989
1139.6
1274
1507.8
1707.8
1923.9
2202.7
2479.2
2866.6
3419.3
3905.8
3955.9
3848.5
3491.1
2483.3
1661.9
808.2
495
389.7
375.3
383.5
398.7
437
447.5
477.5
562.5
600.1
612.4
880.2
666.3
767.8
901.5
1117.5
1536.2
1575.5
1928.2
2242.9
2525.5
2924.4
3399.4
4096.7
4750.4
5010.8
4799.9
4428.2
3371.5
2250.9
1372.4
918.5
852.2
866.8
866.7
796.9
743
671.3
698.1
620.7
654.8
644.6
670.9
710.5
761.8
768.9
922.9
989.9
1096.7
1233.5
1557
1528.7
1757.3
2012.3
2293.4
2645.3
3031.7
3430.2
4117.1
4592.1
4859.3
4657.2
4214.6
3444.4
2419.9
1461.2
725.3
562.7
552.7
491.4
515.7
528.3
576.8
547.1
575.7
616.8
667.2
660.1
693.3
783.7
819.5
876.1
896.4
960.2
1050.6
1223.4
1438.6
1550.1
1844.4
2070.3
2460.4
2654.8
2721.3
2725.1
2737.1
2623.1
2543.1
2639.7
2706.6
2728.7
2626.8
2399
2015.9
1580.5
1025
676.4
616
529.7
534.7
567.6
576.7
721.2
754.4
821.1
936.7
1032.4
1157.4
1298.5
1428.3
1556.1
1810.2
2112.1
2276.6
2272.1
2139.9
1944
1557.1
1082.6
702.8
420.8
351.8
375.3
384.1
393.6
373.5
365.3
399.2
376.1
496.8
409.1
455.2
477.2
488
499.1
571.2
494.8
500.7
546.3
629.3
632.8
731.7
891.8
982.7
1108.6
1368.8
1432.1
1635.7
1798.3
2034.3
2393.7
2661.8
2761.2
2640.2
2560.5
2386
2019.2
1630.3
1309.5
1266.7
1173.8
1115.8
1004.6
922.9
742
608.4
475
391.5
393.7
383.8
532.2
593.9
618.1
701.8
744.6
847.8
797.6
847.9
656.5
585.1
603.2
661.2
796.2
813.8
895
969.6
1056.9
1111.1
1247.2
1305.4
1376
1544.9
1642.4
1804.5
1928.8
2032.3
1960
1789.8
1689.1
1495.8
1192
803.6
610.2
513.4
424.2
473.7
447.5
440.5
415.2
457.6
405.9
455.8
508.2
530
552.5
576.6
706.8
794.2
816.6
844.1
801.7
761.3
707.3
603.8
597.3
387.1
346.7
311.8
405.4
372
377
419.6
539.1
474.5
494.7
556.2
556.2
593.7
643.1
702.6
753.7
798
936.8
896.6
899.1
922.4
882.1
831.9
795.2
764.4
771.6
695
727.7
810.7
836.2
909
994
1034.8
1099.2
1062.5
1008.8
957.1
869.5
790
730.5
563.8
503
469.7
450.8
505.7
396.9
392.2
427.6
413.5
381
361
474.9
355.6
345.4
395.9
356.5
441.2
464.3
518.8
670.9
573.7
590.5
598.4
621.9
724.9
759.9
787.8
770.3
839.1
861
924.7
1011.5
1025.3
1049.9
1273.1
1236.9
1322.3
1350.2
1530.1
1622.5
1680.6
1716.6
1745.1
1733.2
1726.8
1679.7
1611.3
1554.4
1373.6
1294.1
1263.5
1175.3
1060.3
921.5
796
744.1
651.7
649.7
607.9
586
478.5
469.5
550.1
500.2
503.3
404.1
431.3
391.7
401.6
489.3
545.6
577.3
458
373.6
399.3
361.1
366
410.5
369.1
359.8
366.5
400.4
427.3
382.7
376
399.2
409.7
376.1
381.6
519.3
428.4
403.9
448.4
554.8
526.2
516.1
622.5
631.4
533.1
517.3
520.9
432.1
460.7
584.6
565
602.1
743.3
796.6
909.9
977.4
1142.7
1166.1
1321.6
1439.2
1512.4
1545.1
1595.4
1686.6
1773.4
1762.3
1776.9
1839.3
1828.4
1809.9
1810.9
1827.6
1891.8
1972.3
1876.4
1875.7
1893.3
1942.8
1986.6
1963.3
2013.9
2051.4
2060.4
1987
1939.5
1913.7
1918.2
1811.6
1796.2
1779.2
1837
1803.1
1949.7
1906.7
1901
1915.3
1950.1
1945
1942.5
1956.3
1922.4
1880.3
1970.8
1866.7
1875.4
1811.6
1887
1830.2
1863.1
1782.4
1761.4
1782.3
1786.5
1711.2
1614.2
1575.6
1516.8
1411.3
1336.3
1298.1
1332.9
1388.5
1368.7
1478.1
1434
1450
1509.8
1562.7
1590.4
1573.9
1487.2
1482.7
1404.3
1368.3
1267.4
1217.3
1220
1159.8
1101.9
1094.4
1072.8
1067.2
1078.9
1108.7
1176.1
1146.3
1125.6
1132.6
1102.8
1089.8
1076.3
1115.4
1083.6
1029.4
1059.9
996.8
1018.4
1001.1
985
1026.5
1073.5
1065.3
1199.9
1175.2
1181.8
1127
1111.2
1083.7
1044.8
975.6
866.8
793.5
808.8
600.9
560.7
625.8
551.2
556.3
567.7
558.7
547.5
559
628.3
576
643.9
627.6
620.6
698.2
702.9
748.2
748.5
752.5
764.2
790.6
914.5
860.2
924.9
943.5
1009
992.5
1046.8
1068.4
1113.5
1115.2
1142.5
1218.6
1227
1386.8
1521.7
1611.4
1759.8
1859.1
2101.2
2306.5
2611.1
3031.8
3547.7
4069.5
4509.6
5000.3
5219.9
5381.1
5487.6
5576.1
5717.9
5817.9
5901.6
6040.4
6163.1
5949
5701
5274.3
5109.1
4964.7
4890.7
5124.8
5468.5
6122.3
6672.1
7346.9
7686.7
7906.1
8097.1
8137.4
8226.2
8463.5
8379.3
8515
8632
8454.2
8025.9
7567.5
6818.7
6464.1
6024.2
5978.2
6132.1
6709.2
7237.1
7847.1
8517.8
8774.3
9076.5
9058.3
9090.5
9204.6
9388.6
9560.7
9606.2
9730.1
9630.8
9172.6
8407
7511.4
6924.8
6430.1
6194.6
6356
6755.9
7371.3
7992.8
8706.3
9266.9
9546.1
9595.7
9600.4
9557.3
9579.6
9845
10046.3
10119.3
10188
9902.6
9219.9
8240.2
7378.3
6582.3
6004.2
5892.5
6057.9
6372.9
6854.6
7324.7
7942.3
8528.3
8916.6
8950.5
8776.4
8671.5
8482
8720.1
9000.3
8947.4
9101.5
9045.8
8567.1
7683.9
6724.2
5982.3
5553.1
5186.5
5316.1
5619.4
6052.8
6578.1
7098.1
7763.8
8244
8553.5
8536.4
8219
8095.8
8016.6
8279.9
8591.9
8658.5
8790.2
8826
8449.5
7712.5
6559.9
5872.5
5302.6
4942.5
5096.6
5333.6
5527.9
5877.4
6308.1
6842.2
7407.9
7706.1
7853.9
7525
7205.7
7030.6
6883.4
7294.8
7469
7395.8
7337.3
7057.8
6622
6060.1
4760.4
4006.5
3420.8
3206.5
3097.1
2993.7
3148.6
3156.2
3250.2
3439.9
3775.4
4128.2
3990.1
3896.6
3702.5
3605.8
3580.3
3783.3
4067.8
4091.1
3997.9
4152.1
3840.9
3481.6
2735
2370
2011.3
1989.4
2044.2
2070.2
2114.2
2232.6
2365.1
2462.1
2681.5
2863.3
2900.8
2735.2
2708.2
2575.3
2501.5
2508.5
2516.7
2715.6
2539.7
2493.2
2468.8
2367.6
2021.2
1775.1
1549.9
1469.2
1532.5
1515.1
1510
1620.4
1773.8
1941.7
2160.6
2423
2743.2
3121
3209
3441.4
3462.5
3376.2
3211.5
3245.8
3349.5
3334.2
3530.5
3415.6
3307.6
3200.3
3185.1
3062.3
2798.9
2372.2
2090.6
2118.2
2209.5
2206.1
2235.8
2294.5
2500.1
2812.1
3153.6
3568.3
4049.4
4547.6
5041.4
5457.2
5746.4
5927
5644.3
5370.7
5281.2
5484.4
5657.3
5761.8
5880.2
5655.2
5377.6
5302.8
5294.5
4935.5
4065.9
3361.6
3143.6
3294.1
3343.2
3247.5
3338.6
3369.5
3768.5
4078.9
4623.8
5204.8
5905.1
6662.4
7383.1
7866.1
8357.3
8486.8
8246.3
7749.5
7439.2
7818.2
8097.8
8330.2
8697.8
8253.9
7862.5
7380.8
7718.4
7278.4
6133.9
4785
4462.6
4659
4753.7
4650.7
4486.8
4500.3
4739.6
5283.4
5713.1
6494.5
7248.9
8079.6
9032.4
10010.5
10586.9
11247.6
11186.4
10763.9
10136.6
9903
10457.6
10877.9
11134.3
11612.2
11162.8
10567.8
9911.7
10287.7
9845.6
8423.1
6368.5
5776.2
5904.2
6188.8
6058.6
5868.7
5932.8
6084.7
6637.6
7263.3
8030.3
9030.1
10131
11364.2
12519.2
13465.9
14421.2
15094.6
14952.2
14146.4
13370.7
13330.1
14064.9
14433.7
14964.4
15346
14967.3
14251.6
13261.5
13660
13266.6
11434.6
8730.3
7852.2
7983
8863.8
11539.2
15254.6
16910.9
15714.1
11915.2
10520.5
10729.6
11786.8
12832
14447.3
15968.4
17522.4
18429.9
19512.7
20009.6
19833
18781.3
17858.6
17918
18676.5
19150.3
19979
20208.1
19891.7
18799.4
17855.2
17871.1
17111.1
14612.4
11324.9
9766.2
9432
9360.9
9238.3
8886.5
8563.4
8272.1
8410
8943.3
9631.1
10544.3
11599.7
12890.8
14212.1
15509.1
16588.3
17675.5
18311
18740.9
18122.8
17238.5
16663.7
16687.4
17233.5
17763.3
18052
18162.8
17777.2
16857.7
16212.4
15964.4
14957.3
12959
10310.9
8471.8
7770.1
7488.1
7255.4
6976.5
6730.4
6251.5
6247.2
6229.2
6621.3
7046.5
7698.7
8310.3
9139.3
10041.6
10807
11483.2
12152.7
12566.7
12593.3
12383.3
11933.2
11649.2
11473.4
11675.9
11940.3
12191.9
12203.2
11924.4
11458.8
11107.9
10638.3
9915.4
8595.4
7266.5
5838.7
5044
4633.8
4267.8
3984
3705.8
3340.6
3110.3
3042.6
3002.8
3030.8
3176.8
3471.6
3735.4
3979
4412.2
4556.8
4909.8
5067.4
5207.3
5233
5130.3
4973.2
4814.9
4813.8
4810
4973.7
4900.9
5033.7
4838.4
4764.1
4546.1
4355.4
4006.7
3538.1
3035.3
2490.5
2147.9
1804.7
1524.3
1340.9
1186.4
1042.3
923.6
803.4
623.2
640.2
508.3
469.7
487.2
409.4
432.8
400.3
475.1
447.1
407.3
413.3
380.6
370.1
341.7
393.5
415.1
453.5
359.4
389.3
396.8
471.7
397.2
428.9
470.6
477.8
495.7
440
631
506.2
429
456.8
534.1
471.3
596.8
555.7
583.9
548.4
610.3
763.1
767.6
833.9
749
731.2
773.8
781.6
821.6
739.1
825.7
834.7
951.1
906.8
907.7
959.7
1024
1123.6
1116.5
1171.9
1238.3
1397.3
1474.5
1749.5
1841.7
1969.3
2126.2
2431.1
2569
2710.5
2932.7
3592
5288.4
5772.4
4857.7
2755.2
1402.9
1306.7
1268.7
1310.4
1546.3
1513.4
1621.6
1783.3
1995.1
2203.5
2515.7
2768.7
3125.2
3593.9
3913
4521
5064.3
5683.5
6375.2
7157
7966.4
8865.9
9814.2
10833.3
11978.6
13135.6
14311.1
15515.2
18088.7
23371.9
28777.2
29338.6
23193.9
13352.1
7038.4
4319.7
3616
3223.1
3012.5
2843.8
2682.5
2473.4
2440.6
2482.8
2371.1
2555.4
2475.4
2673.9
2586.7
2741.7
2870.8
3084.3
3234.3
3512.4
3760.3
4112
4441.5
4757.7
5172
5569.2
6018.7
6387.1
6775.9
7016.4
7363.5
7509.8
7807.8
7824.5
8051.9
8046.1
8161
8211
8264
8280.3
8272.7
8227.3
8313.1
8191.8
7943.8
7779.5
7472.3
7409.8
7080.5
6715.8
6488.2
6157.4
5913.9
5657.2
5367.5
5204.3
4964.6
4912.8
4890.6
5039.8
5069.8
5294.6
5681.6
5959
6384.7
6789.8
7432.4
7943.1
8588.4
9270.5
10033.7
10780.8
11641.3
12538.4
13284
13838.1
14278.6
14588.1
14745.7
15076.8
15130.6
15155.3
14977.1
15059.7
15110.7
15071.5
15023
14874.9
14823.1
14788.9
14574.1
14182.4
13869.5
13498.1
13203.5
12987
12446.7
11953.5
11557.7
11355.4
11033.7
10843.7
10663.6
10776.3
10974.4
11059.6
11061.7
11125.7
11051.2
11057.9
10949.3
10820.2
10891.1
10994.6
11204.7
11313.7
11765.8
12163
12736.1
13813.9
14568
15476
16460.3
17275.7
18075.9
18757.9
19531.4
20158.9
20818.7
21503
21737.5
22349.9
22992.9
23542.5
23765.5
24007.8
24411.6
24999.3
25469.1
25946
26200.9
26620.6
26456.7
26340
25746.7
24948
23575.4
22030.1
20518.8
18958.7
17476.1
15992.9
14630.7
13107.7
11846.8
10759.5
9827.1
9194.4
8946
8816.9
8996.6
9300.3
9645.7
10135.8
10666.4
11317.8
12197.2
13144.8
13943.3
15028.5
16220.5
17392.8
18516.3
19660.6
20835.5
21876.7
22938.2
24170.7
25206.5
26379.1
27714.8
28990.7
29948.5
30796.4
31385.5
31541.5
31145
30660.2
30207.7
28962.3
27591.2
26433.2
25296
23753.2
22335.5
20704.8
19031
17413.7
15770.7
14241.7
12969.3
11935.2
10994.2
10182.3
9507.1
8943.7
8446.1
8034.7
7718.3
7490.6
7300.5
7292
7311.7
7411.2
7653
7988.7
8228.4
8595.1
9021.1
9624.9
10295
10896.4
11448.7
12227.2
13061.6
13583.7
14141
14642.4
15007.5
15434.7
15752.1
16119.4
16259.9
16510
16786.2
16916.4
16935.3
16989.1
16944.7
16835.8
16770.3
16478.4
16307
15817.4
15472.1
15029.7
14577.3
14342.1
14135.9
14025.9
14151.9
14342.6
14568.8
14520.2
14543.5
14413.6
14238.5
13675.2
13273
12223.4
11554.2
10956
10346.9
9787
9137.9
8539.6
7897.4
7261.8
6621.4
5990.3
5432.9
4757.5
4110.5
3582.8
3184.8
2767.8
2605.8
2401.9
2315.2
2241.8
2267.1
2228
2302.5
2289.5
2388.8
2442.7
2590.2
2672.4
2835.7
2860.6
3013.5
3179.8
3215.4
3455.6
3643.5
3846.6
3967.8
4157
4173.7
4225.8
4257.3
4248.3
4236.7
4093.3
4012.8
3875.1
3856.9
3630.3
3408.8
3273.9
3165.1
2950.5
2959.4
2470.4
2313.3
2115.6
2055.2
1855.3
1670.9
1512.6
1413
1349.3
1302.4
1301.3
1320.4
1347.7
1294.2
1351.7
1413.7
1526.6
1641
1671.9
1754.9
1919.8
2049.8
2190
2336.3
2543.5
2819.7
2948.5
3229.4
3488.5
3747.8
4048.9
4154.1
4373.6
4455
4465.8
4683.6
4552.4
4572.5
4506.5
4471.4
4363.9
4293.4
4150.9
3858.6
3748.6
3643
3427.2
3064.8
2826.1
2658.4
2440.9
2208.4
2044.6
1772.3
1508.9
1476.8
1281.6
1249.5
1181.7
1128
1091
1121.7
1103.1
1064.8
1106.8
1083.6
1069.1
1062.8
1118.9
1168.1
1137.4
1268.5
1322.8
1293.6
1460.1
1475.9
1645.2
1677.3
1822.8
1973.5
2236.8
2521.5
2607.6
2786.3
2790.6
2788.1
2956.8
2951.4
2793.2
2770.7
2792.4
2863.3
2899.5
3083.5
2608.8
2527.1
2465.9
2379.6
2156.9
1926.1
1807.6
1630.4
1483.6
1359.2
1268.2
1004
897
781.6
768.6
667.7
571.8
613.6
650.7
632.8
613.3
615
622
670.1
490.7
591.9
565.5
488.3
596.1
508.4
449.8
443.3
426.9
387.1
377.5
348.5
283.3
246.2
262.3
290.3
248.7
187.1
262.8
152
185.7
156.7
201.8
108.6
194.9
94.9
171.3
184.6
201.6
158.7
232.8
224
245.9
232.7
288.1
343
338.7
451.9
496.6
421.5
471
480.6
436.7
378
433.5
395.8
436.1
401.2
371.4
381.4
306.2
244.1
288.5
324.5
321.3
250.8
335.4
150.8
150.9
341.3
89.5
85.3
103
81.9
83.7
46.5
37.4
0
35.4
54.8
83.1
79.6
268.1
91.8
26.8
57.6
68.9
118.6
81.6
94.6
90.2
110.4
176
138.5
99
179.9
176.7
215.4
184.6
265.6
301.8
303.1
328.2
336.1
356.6
365.2
365.5
337.2
375.4
382.1
359.3
272.8
314.3
301.5
246.1
234
215.9
164.4
157.1
231.1
187.8
135.4
198.9
236.4
315.5
466.8
689.2
815.5
801.1
759.3
664.7
662.7
659.2
724.5
704.3
817.3
742.8
622.6
562.7
568.8
441.4
548.7
394.1
405
377.7
315.1
346.6
275.2
280.7
280.3
267.2
287
310.5
303.1
519.4
322.5
300.9
313.2
257.2
369.8
369.3
287.1
352.7
334.7
399.8
451.7
410.7
370.1
406.9
346.6
301.9
354.4
304.1
311.2
240.1
175.8
205.3
217.3
149.5