7269.6
6374.6
4481.9
2865.4
1703.6
1466.8
1743.8
2071.2
2473.1
3155.5
3969.2
4995.2
6375.7
7925.7
9864.2
12195
15061.1
18335.1
20854.5
20831.9
16839.6
10921.7
5583.2
2516.1
2162.7
2364.1
2680.1
3173.6
3823.3
4667.5
5819.2
7441.4
9146.5
11463.4
14268.3
17481.8
21532.1
26841
31510.5
34448
32534
24438.5
14745.6
6187.3
1963.8
1452
1277.5
1155.4
1109.9
1212.4
1046.1
1027.5
1015.3
1207.4
1221.1
1346.9
1499.2
1713.2
2038.4
2380
2576.4
2723.8
2590.7
2195.7
1619.5
1260.8
1089.4
1156.5
1369.5
1641.5
2062.2
2580.2
3311.8
4034.7
4959.8
5936
6529.1
6559.7
5770.3
4283.4
2807.6
1714.5
1427.1
1684.5
1736.4
1997
2181.4
2306
2895.8
3640.1
4713
6084.6
7656
9125.4
11294
13659.8
15314.1
15522.1
13639.9
10063.4
6188.2
3043.6
1984.4
2077.9
2267.4
2464.4
2835.2
3283.4
3964.2
4701.1
5668.3
6828.8
8340.5
10241.9
12442.2
14846.7
17860.1
21943.7
26720
29673.4
29893.4
26840.6
19784.4
12023.2
5593.3
2356.8
1955.3
2079.1
2076.6
2380.3
2566.9
2987
3430.4
4080.1
4937.3
5819.7
7018.9
8439.5
10023.9
12062.6
14512.4
17077.4
20381.4
25030.7
28853.1
30450.7
29219.2
24442.5
16892
9674.1
4256.3
2527.1
2503.9
2639.1
2863.8
3218.7
3662.6
4367.6
4999.3
5459.3
5477.1
5138
4165.2
3168
2199.9
1634.2
1568.8
1661.4
1746.4
1934.9
2337
2617.8
3135.1
3801.4
4464.9
5128.1
5913
6968.1
8149.6
8833.3
8755.1
8039.6
6324.8
4263
2504.6
1477.4
1298.2
1326.3
1399.3
1412.6
1573.5
1631.8
1780.3
1983.1
2263.5
2727.5
3397.2
4153.5
5180.5
6096.7
7121.4
8319.8
10103.7
11754.7
12790.8
12950.4
11920.5
9375.7
6284.9
3415.6
1788.6
1530.7
1473.1
1555.6
1610.4
1628.7
1732.2
1945.7
1983
2181.3
2426.7
2759.4
3105.6
3598.4
4192.3
4820.4
5622.5
6633
7593.5
8848.8
10397.8
12415.4
13897.6
14442.1
13834.2
11837.7
8644.8
5295.9
2482.1
1218.8
950.6
921.8
868.5
933.9
922.4
1090.4
1139.8
1193.3
1268.4
1392.8
1521.2
1736.8
1901.5
2210
2472.7
2824
3236.5
3700.2
4297.4
4975.6
5653.1
6614.5
7875.2
9200.2
10000.4
10036.6
9758.9
8633.2
6937.6
5229.4
3818.9
3160.1
2764.8
2049.5
1451.2
1166.9
902
908.8
883.2
878.2
902.1
945.4
1031.2
1129.2
1236.7
1370.8
1558
1789.3
2067
2285.7
2595.9
2974.2
3505
3923.4
4153.9
4169.7
3784.4
3256
2291.8
1448.3
809
538.3
514.6
505.3
530.5
573.2
588.2
626.1
665.7
674.9
909.1
742.6
801.9
907.1
1042
1270.8
1369.2
1696.6
1942.1
2281.2
2622.2
2967.8
3509.7
4222
4901
5121.4
5252.7
4861.9
4195
3127.7
2084
1337.2
1066.7
1071.6
1042.5
1016.9
992.3
957.4
827
801.3
752.8
763.3
780.1
841.6
865.2
978.3
1025.3
1105.6
1228.2
1481.4
1479.5
1667.5
1917.2
2154.5
2428.3
2795.1
3147.2
3654.1
4184.6
4855.8
5157.2
5030.5
4692.7
4205
3326.5
2244.7
1332.6
790.7
623
599.7
616.2
662.8
623.4
671.8
705.9
742.7
769.1
742
836.8
882.3
905.4
938.9
977.6
1091.6
1170.8
1402.1
1483.5
1670.3
1882.7
2235.1
2476.4
2720.4
2866.6
2973.1
3041.4
2975.1
2943.8
2935.2
2965.2
3022.8
2904.4
2757.1
2524.9
2076
1516
1111.1
730.6
685.8
638.6
679.4
758.7
789.3
842
940
998.8
1161.2
1271.3
1427
1551.6
1660.7
1951.6
2238.3
2432.7
2427.8
2347
2173.7
1959.4
1561.3
1078.1
765.7
558
536.3
535
505.2
496.9
530.8
519.2
616.7
531
559.7
596.5
620.5
623.3
677.4
651.7
623.7
650.4
727.9
703.5
800.6
847.5
975.8
1109.8
1337.9
1426.6
1607.5
1715.1
1928.1
2251.9
2591.1
2875.9
2940.6
2948.5
2909
2825.3
2561
2187.7
1911.5
1628.7
1539.1
1443.5
1372.3
1200.7
1077.2
908.5
708.1
631.5
576.2
568.9
633.2
763.3
911.5
928.5
1006.6
1078.1
1176.8
1051
950.8
822.4
768.3
881.4
917.5
991.9
1054.5
1118.7
1174.6
1312.9
1364.5
1432
1605.6
1682.9
1770.6
1953.4
2158.5
2212.8
2190.4
2024.1
1941.2
1828.9
1464.8
1179.5
912.4
681.9
602.2
601.1
581.4
576.7
598.8
548.5
586.5
591.1
625.4
601.7
690.3
734.5
817.7
870.3
936.1
981.1
975.1
920.2
871.6
865.8
741.6
632.6
540.6
513.4
484.6
477.6
497
624
594.1
575.2
666.6
645.5
706.3
733.2
796.1
830.9
840.7
968.1
982.3
1070.6
1104.4
1073
1001.7
1018.9
1035.1
998.9
922.5
882.9
897.7
913.7
1009.2
1052.9
1101.9
1223.5
1273
1210.3
1171.3
1129.5
1101
1092.3
894.5
761.6
714.4
658.2
666
563.8
557
571.1
563.3
532.7
477.1
572.3
514.4
503.7
508.5
485.6
526.4
564.3
574.1
732
630.2
670.1
687.7
723.7
752.2
833.4
863.3
865.3
936.5
994.2
1056
1090.2
1082.1
1142.1
1350
1314.7
1420.3
1437.7
1552.6
1648.1
1763
1882.7
1951.2
1980.9
1982.6
1984.8
1992.4
1992.8
1841.7
1785
1620.6
1534.4
1429
1294.8
1157.6
1051.8
932.1
855.5
821.5
774.8
704.2
667.3
686.4
659.6
605.8
524.8
516.2
513.5
510.2
588.3
647.4
692.9
597.7
550.4
577.7
546.3
549.7
535.9
516.2
526.8
500.8
534.8
546.2
520.5
528.3
531.9
530
509.3
492.9
596.4
543.9
549
520.2
596.4
592.9
634.1
764.1
740.3
683.6
695.7
701.8
636.4
636.2
668.5
664.9
687.6
765.4
813.6
919.8
1014.9
1155.9
1200.9
1322.9
1485.4
1583.3
1663
1674.6
1795
1871
1925.5
1956.8
1976.3
1999.6
1978.5
2038.2
2022
2043.8
2103.5
2089.2
2038
2028.3
2040.8
2149
2121
2144.5
2191
2220.7
2212
2180.7
2125
2117.9
2025.6
2044.9
1985.2
2006.2
1955.2
2056.8
2044.3
2112.6
2094.6
2124.7
2128.1
2144.3
2162.9
2109.1
2106.6
2162.2
2085.3
2055.2
2016.6
2025.4
1998.2
2041
2014.8
2006.2
1968
1971.1
1905.8
1884.3
1830.4
1744.7
1620.3
1575.1
1490
1513.2
1479.5
1430.3
1519.4
1520
1570.9
1566.7
1669.1
1696.6
1718.7
1653.9
1647.9
1598.9
1553.1
1501.8
1450.7
1404.6
1386.8
1297.4
1247.1
1257.6
1223.6
1193.2
1255.3
1333.8
1319.7
1315
1345.5
1299.2
1312
1280
1284.5
1258.1
1209.6
1277.7
1161.5
1197.8
1197.7
1193.2
1160.9
1218.4
1248.6
1334.1
1361.5
1391.2
1370.8
1425.9
1390
1397.8
1296.2
1218.6
1126.7
1139.2
855.4
806.2
816.9
686.1
687.1
660.5
692.5
690
690.8
751
681.9
769.9
750.6
781.7
767.8
792.7
905.7
889.3
870.4
905.5
932.6
1044.3
1012.1
1057.8
1072.2
1139
1171
1179.1
1189.5
1282
1291.6
1273
1325
1310.4
1430.5
1564.9
1588.2
1752.2
1830.1
1983.8
2179.4
2423.3
2724
3149.8
3643.7
4012.3
4620
5067
5448.1
5588.2
5717.2
5878.1
6002
6089
6125.1
6291.9
6356.2
6329.2
5930.7
5688.2
5466.5
5277.7
5280.3
5301.5
5676.3
6194.1
6915.9
7473.2
7866.5
8252.4
8372.9
8519.5
8724.3
8682.7
8798.3
8783.5
8927.1
8929.8
8666.5
7872.2
7351.5
6826.7
6557.4
6363.3
6427.2
6803.9
7353.1
7989.1
8544.1
9088.4
9278.7
9373
9518
9575.1
9769.2
9876.1
9828.7
10082.3
10079.3
9714.8
8914.1
8129.2
7478.2
6954.3
6599.5
6582.5
6933.6
7489
8134.3
8773.4
9398.9
9717.6
9966.1
9971.6
9971.1
10054.3
10176.7
10369.8
10363.5
10547
10340.7
9830
8936.7
7863.2
7122.9
6580.3
6217.8
6245.8
6541.4
6977.6
7426.7
8056.3
8779.4
9152
9270.4
9215.4
9002.6
8927.7
9082.2
9302.2
9290.7
9450.6
9543.2
8962
8387
7298.8
6521.8
5929.7
5489.3
5451.6
5777
6144.5
6665.2
7249
7813.1
8552.8
8882.2
8945.5
8801.5
8550.2
8561.7
8581.7
8977.7
9058.3
9281.7
9290
8951.7
8394.7
7261.1
6525.8
5747.8
5360.5
5306.8
5564.3
5761.3
6118.1
6659.3
7126.1
7712.3
8148.7
8277.2
8143.1
7733.9
7502.1
7475.4
7683.5
7892.5
7879
7984.3
7668.7
7519.6
6578.4
5462.6
4724.1
3947.1
3553.2
3366.9
3396.2
3351.5
3336.3
3486.9
3690.1
4119.2
4154.5
4279.5
4251.2
4056.2
3898.5
3952.3
4071.5
4412.5
4346.3
4518.3
4296.4
4204.6
3856.8
3211
2709.9
2371.1
2227.8
2211
2275.7
2377.4
2433.1
2456.2
2663.9
2829.3
3016.5
3036.4
3066.3
2906
2786.8
2692.3
2685.5
2786.7
2833.6
2741.4
2749.8
2709.3
2522.2
2352.6
2026.7
1782.4
1671.3
1619.9
1587
1654.4
1781.8
1861.5
2040.6
2248.2
2511.3
2853.6
3129.7
3382.1
3619.6
3667.4
3653.4
3423
3467.2
3478.2
3550.3
3622.3
3681.1
3609.3
3395.4
3398.7
3335.9
3127.4
2636.8
2314
2247.7
2348.3
2359.9
2382.3
2420.6
2627.1
2909.3
3266.8
3698
4149.7
4617.1
5221.9
5636.6
6015.4
6141.4
6068.5
5665
5546.7
5656.7
5782.9
6007.6
6125.4
6096.6
5719.4
5538.4
5587.3
5273.2
4519.7
3636.7
3297.3
3431
3483.9
3430
3410.8
3518.4
3687.8
4132.8
4625.8
5242.5
5948.4
6771.9
7455.2
8056.2
8537
8849
8644.5
8081.1
7734.4
8060.3
8377.4
8568.5
8884.6
8743
8259.9
7811.4
7997.5
7821.2
6779.9
5278.1
4697.7
4782.4
5027.5
4876.8
4582.2
4664.3
4784.6
5336.9
5867.8
6530.4
7268.9
8158.7
9166.2
10161
10913.4
11581.7
11793.3
11402.9
10680.4
10276.6
10751.4
11218.7
11498.4
12086.4
11792.7
11202.6
10446.5
10724.7
10638.7
9247.8
7062.8
5972.9
6148.9
6331.4
6374.7
6127.4
6109.8
6110.4
6730.4
7388.8
8154.4
9167.8
10188.8
11415.4
12776.9
13982.7
14867.5
15735.3
15663.2
15132.3
14224.6
13808.6
14430.8
15044.7
15410.8
16192.5
15780.9
15025
13921.9
14436.8
14215.3
12613.9
9767.5
8138.9
8419.7
9145.1
11910
17912
20847.2
20294.5
14770
11401.3
11235.4
12118.5
13245.6
14768.4
16481.7
18031
19292.5
20380.9
21218.3
20898.2
20111
18873.7
18759.4
19461.7
20201.5
20893.3
21488
21087.6
20125.8
18801
19070.3
18641.6
16360
12581.6
10177
9724.5
9801.5
9772.9
9434
8945.3
8643
8677.6
9186.2
9872.9
10866.9
11942.4
13185.9
14604.8
15906.2
17371.6
18340.4
19335.3
19599.2
19268.7
18412.1
17487.6
17473.1
17964.2
18383.8
18913.8
19269.4
18840.3
18003.6
17240.7
17005.2
16431
14383.4
11369.5
9088.3
8135
7871.9
7667.6
7493.7
6907.8
6653.7
6335.4
6453.5
6819.3
7230.1
7843.4
8554.5
9398.4
10265.1
11204.4
11989.3
12674
13112.4
13384.7
13106.6
12621.2
12091
12073.7
12195.1
12468.8
12757.2
12889.4
12704.2
12222.8
11686.8
11321.9
10791.2
9580
7862.1
6318.2
5452.2
4872
4577.4
4293.8
3971.7
3638.5
3365.9
3175.5
3146.8
3204
3409.8
3604.7
3883.6
4264.8
4473.7
4795.3
5051.5
5378.8
5515.1
5570.1
5471.7
5326.9
5176.3
5083.4
5172.3
5078.1
5329.2
5294.4
5203.4
4984.3
4884.4
4627
4429.6
3980.4
3349.3
2816.3
2359.3
1937.2
1714.4
1535
1394.9
1273.5
1059.2
885.7
825.7
718
647.5
620.5
536.5
562.8
510
583
555.3
541.5
534.2
498.9
513.8
500.6
495.6
515.8
537
470.6
500.4
513.8
577.1
505.7
521.9
533.9
593.7
635.3
553.4
727
588.2
571.4
581.8
615.4
584.7
703.3
615.6
643.7
639.6
676.9
763.1
842.9
924.1
908.1
927
903.2
879.4
873.9
821.9
874.3
925.4
1045.8
983
1010.5
1068.9
1123.9
1186.6
1191
1286.9
1334.3
1447.4
1539
1784.5
1819.2
1970.3
2163.9
2422.8
2640.4
2813.4
3028
3246.2
3890.2
5670.6
6378.2
5659.4
3532.2
1634.6
1398.4
1395
1570.4
1540.7
1622.2
1785.3
1939
2106.1
2408.3
2633.2
2962.9
3365.7
3697.6
4268.6
4735.5
5381.7
5985.3
6788.3
7596.3
8512.7
9449.7
10520.7
11705.1
12942.7
14145.1
15372.8
16628.7
19011.2
24735.4
31410.4
32846.3
27176.3
15976.3
7821.7
4732.7
3840.2
3500.3
3230.2
3034
2785.7
2654.3
2646.5
2573.5
2622.3
2566.9
2678.7
2617.1
2743
2817.3
3013.2
3152.1
3380
3619.8
3919.6
4263.8
4571.9
4927.7
5328
5813.3
6215.2
6615.5
7046.7
7491
7653.4
7987.9
8095.5
8342.9
8437.1
8469.3
8485.2
8615.5
8708.2
8728.2
8689.6
8670.1
8715.4
8641.5
8426.8
8250.8
7949.9
7764.1
7467.2
7128.6
6786.1
6544.5
6263.6
5905.9
5627.8
5402.8
5217.5
5084.3
5188.4
5115.3
5294.4
5571.3
5748.4
6072.2
6489.9
7032.2
7467.6
8128.5
8809.1
9545
10296.1
11090
12058.9
12973.2
13782.7
14378.3
14948.4
15273.9
15509.7
15661.2
15795.9
15720.3
15648
15642.2
15692.4
15815.7
15703.9
15567.9
15468.5
15454.9
15359.6
14895.1
14566.3
14114
13995.8
13502.6
12977
12531.5
12190.9
11742.3
11489.5
11208.9
11094.5
11159.1
11328.7
11429.8
11518.6
11554.2
11642
11601.4
11436.9
11306.7
11251.2
11340.1
11406.5
11651.1
11884.4
12398.8
13237.5
14013
14938.8
15966.4
16968.3
17925.3
18705.5
19511.9
20160.7
20919.2
21715
22093
22632.1
23317.1
23869.4
24282
24650.9
25083.3
25536.9
26001.2
26555
27082.2
27654.1
27800.1
27995.5
27770.8
27253.4
26483.4
24954.8
23481.3
21672.3
19960.6
18334.2
16894.2
15195.6
13674.8
12284.3
11064.2
10044.9
9341
8972.6
9023
9220
9450
9823.2
10223.4
10835
11572.8
12496.6
13260.4
14372.3
15534.2
16683.4
17775.9
19037.4
20379.2
21565.9
22638.3
23996
25055.5
26122
27411
28846.1
30163.8
31283.3
32533.7
33037.1
33100.5
32855.9
32518.7
31723.7
30488.1
29243.2
27931.3
26471.7
24969.3
23487.1
21725.1
19919.1
18173
16389.9
14809.7
13507.6
12342.7
11408.9
10555.5
9888.2
9205.1
8717.8
8297.3
7947.5
7596.1
7489.1
7427.3
7490
7611.7
7849.9
8082.6
8412.9
8712.1
9313.9
9966.2
10486.3
11116.1
11879.3
12687.7
13345.1
14003.6
14588.6
15119.3
15675.4
16042.2
16422.3
16658.4
16989.7
17296.3
17331.2
17483.3
17604.5
17750.9
17640.3
17648.1
17364.4
17145.6
16818.1
16599.7
16121.8
15667.3
15175.5
14771.4
14481.2
14163.1
14039.3
14060.1
13976.1
13920.3
13638.2
13528.3
13121.7
12919.3
11913.5
11273.4
10558.1
9939.9
9377.8
8707.6
8166.9
7600.6
7033.7
6470.3
5856.1
5370.9
4898.8
4292.7
3800.2
3288
2942.7
2683.1
2487.4
2363.3
2215.3
2263.4
2186.3
2321.2
2285.9
2329.7
2416.9
2505.8
2591.7
2740.5
2837.4
2930.7
3111.4
3183.1
3370.8
3578.7
3758.2
3938.1
4243.9
4255
4320.7
4371.5
4422.9
4453.1
4398.9
4365.4
4217.6
4155.1
3991
3767.4
3627.3
3457.9
3241.5
3255.1
2853.4
2640.6
2375.2
2309.6
2066
1883.8
1703.5
1530.1
1479.1
1377.1
1384.8
1381.1
1394.9
1334.6
1345.2
1400.7
1528.5
1610.1
1649.3
1735.6
1884
1982.7
2138
2302.8
2466.6
2693.5
2822.3
3093.1
3357.8
3657.4
4032.4
4197.3
4421.2
4603.3
4714.5
4853.5
4769.2
4829.3
4825.2
4760
4723.5
4666.8
4567.6
4303.5
4126.1
4014.7
3855
3527.4
3257.6
2989
2747.6
2555.6
2323.2
2044.2
1779.9
1662.2
1456.1
1377.2
1297.4
1199.9
1212.2
1174.5
1210.5
1121.1
1140.3
1106.7
1089.2
1120
1114.4
1173
1173
1237.1
1304.5
1296.3
1452.5
1467.5
1563
1701.9
1805
1904
2146.9
2389.3
2553.3
2762
2882.5
2936
3114.7
3149.9
3051.6
3008.2
3028
3065.7
3059.1
3213.8
2885.8
2789.6
2687.3
2662.5
2507
2293.5
2088.8
1841.9
1690.3
1582.6
1484.6
1227.4
1066.7
900.4
847.2
755.9
632.5
631.8
664.4
634.8
624
637.5
649.6
647.6
485.6
599.6
555.3
515.7
590.4
517.8
447.3
453.1
464.2
459.2
438
391.9
320.9
259.7
271.2
297.9
257.4
198.6
267.9
132
167.7
153.1
175.2
101.7
195.4
97.4
135.7
148.6
150.3
135.8
218.9
198
205.8
190.6
219.8
293.2
292.8
385.9
442.4
428.1
427.5
450.1
422.8
389.7
463.7
388.3
424.4
382.1
391.1
380.9
346.8
295.6
299.2
297.4
277.9
241.4
303.9
142.7
140.1
280.2
67.7
59.2
87.7
43
58.8
38.9
20.3
1
0
40.1
46.5
65.6
191
65.4
3.2
13.1
32.4
92.1
30.4
37.1
48.2
64.8
112.1
86.6
85.4
138.6
153.9
179.1
157.4
196.3
250
249.1
267
278.5
333.2
350.2
315.5
314.8
349.1
332.4
318
261
288.6
246.1
176.5
186.9
223.7
138.2
119.8
182.2
130.3
85.1
102.4
104.8
142.2
235.4
375.8
495.7
556.3
552.9
503.4
506.6
467.9
511.8
497.5
587.4
563
479
432.1
421.6
362.4
413.6
304
297.4
291.3
248.8
251.8
208.5
215.7
226.8
195.6
223.4
214
215.4
376.9
268.1
231.6
242
206.7
260.2
279.8
235.7
287.5
256.2
333.7
324.9
319.4
316.1
369.5
304.3
273.8
285.5
250.4
264
183.1
169.5
154
153
103.1
108.2