6317.1
4648.2
2799.6
1603.6
1313.8
1478.8
1878.5
2232.9
2750.3
3461.6
4428.8
5533
7078.9
8668.7
10771.3
13348.6
16125.5
18939.4
20124.3
17173.4
11483.3
6183.1
2460.6
1890.9
2090.9
2374.3
2771.8
3334.2
4187.3
5136.7
6385.7
8249.9
10112.7
12502.3
15382.5
18875.1
23286.5
28189.1
31809.2
32296.9
25582.1
15756.9
7171.3
1974.8
1268.8
1131.8
1044.2
930.3
943.3
1057.1
878
845.5
904.5
1075
1079.4
1242
1487.8
1693
1957
2334.6
2454.3
2529.8
2001.4
1597.7
1118
961.5
958.1
1096.9
1339
1697.7
2206.7
2807.5
3471.7
4194.4
5116.2
5897.6
6321.9
5822.7
4338.8
2848.4
1678.6
1247
1329.5
1653
1668.8
1980.4
2164.4
2387.1
3147.6
4009.3
5169.3
6635.8
8189.2
9613.9
11850.8
13814.9
14962.9
14050.5
10502.5
6682.1
3331.4
1778.7
1800.3
2000
2209.5
2471.6
2892.6
3389.9
4096.8
4928.7
6092.6
7276.9
8970.4
10884.4
13149.5
15697.4
18896.4
23248.9
27358.2
29138.5
27541.8
21026.8
13161.3
6378
2362.8
1796.8
1785.8
1925.5
2008.2
2300.6
2569.8
3001.9
3524.3
4246.5
5167.5
6133.6
7448.4
8941.2
10645.6
12777.6
15206.4
17879.1
21445.1
26041.8
29152.6
29171.2
25486.6
18033.9
10669.8
4632.5
2412.6
2243.4
2367.1
2518.5
2809.7
3233.9
3679
4444.7
4985.5
5285.3
5095
4224.8
3080.8
2106.7
1456.1
1396.8
1426.9
1509.9
1628.2
1864.5
2281.8
2665.3
3211.7
3914
4614.8
5255.5
6048.5
7172.8
8261.7
8649.6
8131.6
6591.7
4491.7
2541.9
1402.9
1101.3
1130.7
1180.6
1245.8
1317.2
1501.8
1526.6
1673.3
1932.5
2252.2
2849.8
3644.7
4481
5461.3
6430
7440.2
8724.7
10575.8
12072
12742.1
12137.1
9764
6630.4
3675
1730.3
1323.5
1316.9
1294.4
1390.4
1466.1
1491.5
1628.4
1845.5
1908.6
2138.8
2434.5
2783.5
3160
3696
4336.4
5017.6
5844.8
6804.1
7860.6
9243.1
10886.5
12885.3
14047.7
13889.3
12287.1
9018.5
5651.4
2641.3
1113.4
868
797.3
767.2
739.8
827.5
762.8
1018.7
1045.5
1122
1167
1291.1
1458.4
1678.5
1824
2214.9
2460.8
2826.4
3290.2
3754.2
4348.5
5102
5817.3
6801.2
8230.6
9421
9932
9620.2
8584
6870.7
5202.4
3810.2
3119.7
2590.2
2087.2
1374.1
928.3
926.9
716.5
788
726.5
705.2
717.7
798
901.3
967.5
1109
1295.5
1485.2
1702.6
1971.4
2255.3
2530.6
2944.4
3518.8
3881.8
4022.2
3915
3192.9
2365.3
1367.8
731.3
389.4
374.9
375.7
352.5
377.9
445.6
465.6
508.8
545.5
566.6
849.1
596.1
691.2
800.6
977.1
1324.4
1340.4
1724
2001.7
2222.9
2629
2976.8
3548.9
4337.5
4947
5029.5
5023.4
4225.9
3159.9
2041.3
1202.7
850.6
821.9
861.6
816.8
773.3
728.6
697
567.8
625.7
584.5
653.9
663.8
673.1
704.6
826.3
900.2
981.4
1126.7
1388.5
1398.4
1575.3
1841.6
2066.9
2437
2739.3
3089.6
3649.4
4278.8
4836.4
4963.5
4795.9
4178.7
3299.3
2219.9
1211.2
646.7
481.7
414.7
453.2
461.2
487.5
474
493.6
527.5
582.3
597.5
597.5
687.7
708.4
749.5
792
858.9
945.1
1059.7
1304.6
1368.4
1560.5
1804.8
2188.4
2469.1
2647.7
2739.3
2821.6
2751.6
2623.2
2583
2653.1
2773.1
2848.4
2674.8
2373.3
2030.2
1450.1
980.3
681.6
521.9
508.1
470.7
487.8
582.6
649.4
713.4
806.9
878.7
1019.3
1185.9
1282.5
1365
1557.3
1854.1
2116.6
2263.7
2243.2
2108.8
1861.3
1446
1002.4
576.2
371.2
316.5
383.9
342.7
330.5
307.4
366.1
318.3
469.3
335.6
388.6
410.7
435.8
436
534.6
465.8
422.9
487
573.4
571.8
625.4
743.3
883.8
970.9
1256.7
1309.7
1477.8
1602.7
1810.4
2083.2
2423.3
2715.9
2773.1
2690.4
2620.6
2367.6
1971.9
1562.4
1374.7
1246
1219.8
1136.9
1095.8
846.9
723.4
581.5
393.6
362.5
350.9
424
486.5
641.4
772
794.9
908.1
949.5
957.5
775.9
625.1
587.6
605.5
694.7
762
823.8
875.6
999.3
980.5
1128.7
1184.9
1200.1
1398.6
1491.4
1614.8
1777.9
1966.8
2033.6
1966.1
1815.1
1674.8
1417.2
1011.6
763.3
526.6
421.4
403.6
411.7
396.3
345.3
454.1
380.7
423.2
436
482.7
486.1
522.7
601.9
687.8
710.6
792.2
826.7
790.6
726.1
660.7
656.5
461
344.8
305.7
308.3
309.5
321.5
324
491.8
419.9
425.1
503.4
519.3
550.9
565.2
655.7
664.3
704.1
841.9
834.6
888.1
894.8
880.7
843.5
813.5
765.4
731.1
666.1
629.8
725.7
763.3
829.2
818.7
944.6
1029.8
1083
1011.4
943.4
922.6
865.7
804.4
601.3
502
448.3
461.7
476.2
363.7
358.5
421.2
351.2
370.8
292
426.8
315.6
306.8
326.3
313.8
354.3
403.6
467.4
587
475.9
494.6
509.1
558.5
635.1
676.6
719.2
663
778
827.2
855.9
901.7
944
967.4
1164.8
1163.2
1210.3
1206
1416.5
1478.7
1591
1647.9
1690.1
1761.4
1727.9
1724.4
1671.5
1649.1
1501.5
1448.3
1349
1245.4
1134.3
995.9
857.2
772.9
680.1
670
637.3
579
519.5
475
508.2
471.4
466
358.2
364.8
355.7
401.9
446.8
514.1
572.4
412.5
390.3
399
339.5
335.2
386.2
317
318.4
343.8
358.1
376.5
320.1
340.8
378.1
365
364.8
329.6
476.5
388.3
334
339
451.3
440.3
483.2
620.2
610.4
533.3
505.4
511.5
442.2
431.8
499.1
452.5
517.3
614.7
686.4
811.5
877.8
1015.3
1031.3
1143.7
1329.6
1394.7
1504.8
1524.5
1575.4
1673.5
1712.7
1700.3
1773.6
1786.3
1804.5
1773.2
1747.8
1826.3
1907.9
1823.6
1794.3
1789.8
1821.7
1939.9
1896.2
1901.9
1959.1
1989.4
2001.3
1923.1
1880.9
1872.9
1799.6
1717.5
1714.5
1778.8
1720
1897
1786.5
1874.4
1870.7
1897.4
1874.4
1911.3
1939.7
1872.4
1815.4
1931.6
1860.2
1820
1791.8
1864.4
1789.5
1763.4
1714.9
1746.4
1737.4
1741.4
1673.3
1623.1
1571.1
1490.4
1380.7
1313.5
1240.6
1261.8
1313.1
1241.8
1338.7
1331.7
1363.6
1411.8
1499.2
1529.2
1535.3
1455.4
1437.5
1385.5
1346.4
1241.9
1217.5
1202.9
1176.9
1090.1
1032.8
1038
982.8
1016.7
1064.8
1165.6
1134.1
1106.8
1151.8
1083.3
1058.5
1039
1066.1
1037.4
1028.7
1065.8
972.2
983
985.4
967.9
938.2
1003.6
1032.1
1164.5
1159.9
1166.1
1128.6
1133.8
1108.6
1124.6
1045.8
936.2
827.5
893.2
631.6
577.3
587.1
491.9
519.4
505.9
505
502.7
523
589.8
498.6
633.3
615.1
597.2
587.5
628.9
677.9
696.4
705.4
678
694.3
863.6
801.8
840
832.7
922.9
950.5
952.2
998.7
1030.1
1054.3
1052.6
1104.5
1130.7
1223.3
1376.6
1414.4
1587.8
1642.3
1852.7
2033.7
2298.9
2585.5
3031.4
3549.2
3952.9
4528.3
4912.9
5253.9
5339.3
5464.2
5521.4
5642.3
5745.3
5792
5987
6022.1
5894.1
5458.7
5196.3
4962.3
4794.1
4861.7
5029
5493.6
6071.7
6761.7
7354
7646.3
7933.1
7980.6
8079.8
8179.5
8205.9
8332.4
8398.3
8474.2
8409.7
8071.2
7195.1
6674.1
6120.8
5946.8
5819.4
6127.4
6591.7
7169.3
7802.2
8386.5
8856.2
8996
8961
8989.2
8990.9
9320.6
9365.7
9389.2
9657.2
9527.9
9032.5
8145.1
7297.9
6685.6
6198
6059.7
6283.7
6791.8
7339.3
7916.9
8657.2
9219
9464.5
9624.4
9461.7
9467.8
9462.9
9844.8
9934.3
9985.7
10062.4
9710.8
9135.3
8117.9
7033
6328.5
5951.9
5713.2
5997.7
6335.6
6802.4
7286
7968.4
8592.1
8878
8906
8785.7
8468.3
8400.3
8693.9
8891.7
8971.8
9067.6
8889.1
8394.2
7639.9
6501.6
5875.2
5242.4
5055.8
5194.8
5626.5
5947.6
6483.3
7037.6
7722.7
8234.8
8478.6
8471
8169.5
7966.3
8021.4
8273.2
8609.1
8614.5
8905.6
8646.2
8305.7
7545.3
6369
5753.7
4967.2
4843.8
5044.7
5301
5419.1
5885.7
6386.1
6881.3
7463.2
7753.9
7786.3
7457.9
7104
6942.3
6922.4
7395.9
7515
7463.5
7403.4
7107.7
6988.2
5725.8
4648.5
3961
3338.4
3149
3066.7
3146.2
3046.3
3098.2
3264.5
3499.4
4000.2
3994.1
4059.1
3834.8
3672.1
3531.5
3619.9
3865.3
4137.9
4016.3
4201.9
3911.6
3800.8
3372.4
2707.8
2278.7
1963.3
1966.6
1995.1
2060.5
2157.5
2200.5
2254.8
2459
2681.5
2831.2
2757.8
2749.4
2618.3
2491.8
2411.4
2453.6
2627.6
2575.7
2463.1
2477.9
2423.2
2242.9
2021.1
1677.8
1479.2
1471.6
1463.1
1428
1490.1
1600.5
1730.4
1908
2131.2
2432.1
2795.9
2982.6
3233.2
3363.5
3402.2
3308.7
3159.7
3251.3
3209.9
3349
3349.2
3397.6
3233.1
3095.5
3112.5
2993.4
2764.1
2235.2
1996
2047.1
2161.5
2147.9
2147.5
2230.4
2483.1
2766.8
3149
3590.9
4069
4539.7
5082.8
5399.5
5780.3
5740.9
5607.1
5251.3
5225.1
5454.5
5526.4
5731.5
5780
5593.2
5269.7
5211.3
5250
4750.3
3948.4
3167.3
3077.2
3223.2
3231.8
3188.5
3179.3
3371.9
3637.8
4054.3
4581
5206
5904
6709
7311.3
7828.6
8343.1
8352.6
8049.4
7551.3
7404.8
7818
8060.7
8341.1
8446.9
8139.8
7624.9
7395.9
7592.3
7103.5
5905.1
4589.4
4390.9
4542.2
4744.7
4513.2
4387.5
4431.6
4663.3
5204.7
5792.4
6499.8
7243
8136.8
9108.8
9954.7
10663.7
11206.1
11084
10607
9967.1
9869.4
10466.8
10713.7
11223.2
11433.9
11030.1
10440.3
9896.7
10232.7
9746.1
8121.2
6142.8
5782.9
5930.9
6048.6
6002.6
5853.9
5893.7
5990.1
6666.7
7272.7
8118
9117.4
10244.2
11444.2
12710.4
13615.5
14609.6
15039.3
14779.6
14157.4
13395.2
13422.7
14016.3
14486.6
14942.3
15320.6
14930.3
14023.8
13331.9
13780.5
13126.6
11095.8
8571.3
7880.9
8338.1
9531.8
13557.8
18256.3
19948.2
17806.7
12754.3
10936.6
11188.9
11955.1
13260.7
14785.2
16334
17602.1
18811.5
19789.1
20182.5
19642.2
18777.6
17971.5
18237.4
18848.5
19556.5
20150.1
20390.7
19908.8
18833.2
18008.5
18019.6
17013.2
14319.6
11260.8
9790.5
9372.5
9349.7
9270.6
8925.9
8464.3
8333.8
8508.5
9051.9
9757.4
10758.4
11979.1
13153.2
14505.1
15745.4
16944.3
17886.1
18719
18597.2
18178.6
17367.1
16774.2
16935.3
17413.5
17764.7
18214.5
18406.6
17756.4
17008
16446.4
16053.8
14969.8
12747.7
10166.4
8497.4
7798.7
7518.9
7243.7
7083.4
6555
6359.7
6104.5
6349.1
6669.4
7135.3
7720
8492.9
9348.6
10149.1
10974.5
11676.1
12329.2
12602.8
12693
12400.1
12004.6
11633.4
11623.8
11779.5
12127.1
12261.3
12304.1
11990.4
11591.3
11162.3
10629.3
9797.4
8548.5
7015.3
5813.7
5098.5
4588
4228.7
3967.5
3612.1
3348.5
3151.3
3014
2976.8
3064.7
3298.1
3492.3
3735.3
4187.2
4327.5
4617
4886.2
5097.5
5223.1
5234.4
5118.6
4975.5
4917
4834.5
4886.6
4855.8
5035.3
4939
4924.8
4681.1
4569.7
4252.8
4010.1
3507.9
2934.6
2500.1
2127.8
1731.3
1471
1287.6
1152.9
1048.2
885.1
689.2
689.6
552.3
485.1
517.6
381
440.2
403.8
471.8
440.9
408
385.4
341.2
352
341.8
381.5
378.3
416.5
325.8
372.6
356.2
458.3
353.7
369.8
417.8
461.9
458.2
414.3
582.1
447
420.4
448.1
467.6
418.6
547.5
467.8
533.4
469.5
542.1
656.7
679.1
783.5
741.9
745.3
722.9
729.6
723.1
705.8
773.8
785.1
932.2
807.6
850.1
892
944.2
1043
1040.8
1118.6
1144.8
1293.6
1362.3
1614.3
1698.4
1783
1927
2261.4
2421.2
2573.1
2726.2
3014.9
3744
5512.8
5736.6
4749.4
2440.6
1351.8
1237.4
1292.1
1423
1399.2
1518.2
1640.8
1828.7
1996.3
2269.4
2480.5
2816.1
3232.2
3589.6
4077.9
4548.6
5155.1
5800.7
6614.2
7280.7
8149.2
9114
10068.4
11251.4
12350.7
13527.8
14656
16032.7
19226.2
24721.9
29671.1
29154.6
22483.8
12794.6
6727.8
4299.7
3539.4
3216.2
2976.7
2807.4
2574
2445.6
2483.9
2384.2
2451.3
2399.6
2593.1
2490.6
2603.4
2697
2900.6
2992.3
3282.2
3513
3794.3
4142.3
4438.2
4766.7
5136.2
5620.2
6023.6
6462.6
6802
7104.5
7302.9
7700.8
7734.3
7938.7
8032.9
8060.9
8174.6
8202.1
8372.6
8340.3
8220.6
8281.6
8270.4
8162.9
7964.2
7719.4
7561.3
7300
6995.5
6738
6375.2
6182.3
5886.7
5610
5348.6
5113.2
5018.5
4878.6
4988.7
4925.4
5119.1
5464.5
5607.7
5989.6
6331.1
6933.1
7383.2
7965
8677.8
9367.2
10148.5
10926.3
11841
12676.6
13344.5
13954
14396.1
14627.3
14984.7
15082.2
15223.3
15175.5
15087.5
15205
15176.7
15183.7
15033.2
14974.6
14902.4
14950.9
14658.3
14201
13893.7
13525.3
13326.4
12949.7
12406
12055.2
11702.3
11316.8
11079.7
10855.1
10795.2
10918.8
10994.7
11110.1
11123
11142.2
11149.8
11131.5
10982.5
10885.1
10992.7
11060.2
11202.4
11429.6
11784.4
12242.4
13093.1
13846.2
14732.4
15689.2
16617.9
17547.6
18160.2
18964.9
19727.2
20402.9
21085.6
21506.5
22000.5
22613.7
23270.9
23647.3
23892.2
24293.1
24856.7
25226.1
25736.6
26235.4
26678.7
26770.4
26841.2
26472.7
26061.1
25001.8
23635
22113.2
20550.2
18967.5
17480.3
16136.3
14504
13173.1
11859
10743.4
9814.1
9166.2
8903.2
8963.7
9142.3
9398.7
9732.6
10131.2
10728.8
11456.4
12417.1
13090.2
14194.5
15418.5
16389
17621.5
18755.3
20027.5
21065.7
22197.4
23340.3
24390.8
25534.6
26811.4
28224.6
29294.6
30413.9
31312.7
31884.5
31749.5
31402.1
31239.4
30240.9
28974
27882.1
26613.8
25233.8
23860.2
22373.6
20734.1
19085.6
17392.3
15779.4
14224.3
12967.2
11833.7
11019.4
10185
9563.9
8975.7
8462.9
8045.2
7785.4
7464.9
7309.8
7334.9
7346.5
7506.1
7780
7953.7
8270.4
8628.5
9168.6
9850.9
10425.9
10986.1
11728.5
12487.7
13092.3
13732.2
14294.4
14752.3
15223.7
15600.7
15982.3
16140.6
16459.8
16825.7
16785.6
16969.3
17170.3
17167.4
17092.1
17158.5
16879.1
16724.3
16268.2
15993.3
15528
15046.4
14644.2
14211.7
13969.5
13750.6
13601.9
13566.3
13438.6
13316.3
13007.7
12838.4
12457.8
12252.5
11211.4
10502.2
9852.4
9370
8734.1
8156.4
7600.7
7112.8
6604.3
6028
5494.7
5003.1
4621.1
4097.8
3573.2
3182.8
2753.2
2571.2
2351.4
2248.8
2148.1
2164
2106.2
2223
2185.1
2221.8
2328.1
2438
2495.1
2655.3
2708.7
2861.7
3009.7
3047.4
3270.1
3471.5
3625.5
3789.1
4009.6
4087.6
4085.6
4093.4
4185.9
4256.2
4186
4118.9
4007.9
3972.4
3695.9
3516.9
3437.1
3316.6
3102.9
3094.8
2686.8
2507.7
2267.6
2199.8
2007.7
1817.2
1616.5
1476.1
1394.3
1308.2
1330.7
1312.8
1316.6
1285.4
1286.7
1343.8
1459.4
1522.8
1568.5
1643.7
1780.6
1896.7
2082.4
2197
2435.8
2658
2743.6
3023.4
3269.9
3571.4
3855.7
4037.3
4272.2
4405.3
4505
4724.9
4556.3
4596.4
4574.8
4535.5
4508.1
4402.9
4330.6
4117.2
3940.9
3806.2
3683.5
3389.8
3112.4
2869
2634.9
2492.8
2266.7
2012.6
1702.6
1617.8
1402.1
1334.1
1215
1167.6
1180.5
1174.8
1125.1
1064.9
1126.3
1092.1
1055.8
1082.8
1080.3
1124.5
1137.8
1212.9
1260.5
1297.2
1400.1
1413.5
1559.2
1601.9
1736.3
1852.1
2075.4
2383.1
2496
2708.6
2786.7
2797.4
3038.9
2996.2
2916.5
2847.9
2847.6
2918.1
2904.6
3168.6
2727.8
2712
2564.2
2525.6
2387.2
2258.2
2025.4
1777.9
1579.9
1548
1457.3
1200.4
1058
919.6
847.7
727.1
629.3
623.4
655
683.2
653.9
626.6
660.5
669.8
482.4
618.2
574.8
501
610.8
509.5
441.9
461.4
437.4
450.3
385.4
412.3
297.5
270.9
289.3
313.3
291.1
209.9
288.9
167
179.3
173.7
194.8
94.1
203.4
106.8
136
181.7
189.9
142.6
236.7
209.8
251.6
208.1
268.8
310.7
321.8
411
474.2
425.8
465.8
487.3
433
384.8
472.6
407.8
459.7
407
405.1
419.5
345.5
304.6
313.4
348.1
344.4
264.6
364.2
196.9
163.7
358.2
120.3
120.2
133.6
63.5
86.2
79.2
27.5
0
40.1
81.2
83.9
99.4
276.1
97.5
12.7
43.2
89.8
127.6
71.3
89.3
83.5
82.6
149.4
112.7
99.8
180.8
172.6
191.2
189.6
220
288.1
296.1
294.1
309.5
383.9
391
364.5
353.9
388.1
354.3
375.9
289.5
343.3
343.7
240.7
248
280.2
193.2
167.7
237.2
203.6
143.4
168.9
171.1
162.1
242.2
416.4
561.3
543.6
550.4
533.5
517.6
489
528.2
534.6
628.8
593.6
494.5
459.3
481.5
359.9
480
364.8
398.1
352.7
313.1
320.1
296.5
283.1
294.2
257.8
318.8
319.8
311.4
487
334.5
267.8
314.8
271.6
344.7
410.5
300.9
374.8
336.3
382.5
466.4
424.1
370.3
419.2
407.6
321.4
367.5
301.5
342.3
266
239.2
251.2
254.1
207.4
216.2