NaN
NaN
3227.4
1700
1140.6
1428.5
1665.2
1993.6
2516
3098.5
3859.7
4863.6
6232.6
7760.9
9813.8
11960.1
14467.7
16905.3
18725.2
17681.7
12842.2
7288.7
3012.8
1926
1890
2144.9
2599.4
3070.6
3689.5
4603.3
5804.4
7195
8972.2
11353.9
13772.8
16883.7
20752.5
24946.2
28770.3
31222.4
27409
18293.5
9136.8
2512.8
1227.4
1040.3
973.2
920.6
849.9
809.7
827.7
965.8
814.3
850.6
951
1188
1210.3
1436.4
1741.1
1967.1
2241.3
2431.2
1990.9
1623.1
1083.9
923.3
875.4
1002.6
1084.1
1406.5
1824.5
2362.4
3013.2
3604.4
4388.7
5083.6
5726.7
5818.8
4669.6
3110.9
1750.6
1149.7
1231
1291.6
1430.1
1785.3
1866.8
2263.1
2723.6
3340.2
4497.7
5665.8
6997.4
8388
10420
12152.2
13763.6
13955.3
11300.4
7428.4
3948.9
1954.9
1729.3
1731.4
1946.8
2236.9
2630.1
3021.8
3650.9
4309.7
5334.8
6415.7
7918.5
9543.5
11581.5
14012.8
16565.7
20038.1
24420.3
27304.6
27617.7
22768.3
14959.1
7822.8
2754
1664
1685
1691.7
1822
2106.9
2274.9
2727.9
3158.9
3774.3
4556.3
5483
6682.5
7938.6
9755.7
11499.7
13610.6
16109.4
19149.7
23395.1
27133.8
28598.2
26674
19816.6
12404.5
5755.8
2406.7
2040.8
2115.9
2248
2543.7
2821.3
3209.1
3785.8
4473.7
5052.2
4988.4
4327.1
3257.7
2214.8
1408.9
1209.4
1261.7
1386.4
1491.4
1653.3
1917.6
2309.1
2968.4
3435.4
4120.6
4756.2
5493.2
6421.7
7576.4
8207.8
8142.1
6881.8
4839.9
2924.1
1505
1066.5
1071.3
1065
1135.6
1187.2
1327.1
1398.7
1596.1
1746.4
1999
2507.1
3161.4
4087.9
5002.5
5863.2
6843.9
7841.5
9480.1
11290.5
12368.2
12186.7
10246.7
7357.7
4364.9
2024.9
1252.2
1198
1261
1325.8
1332.6
1467.8
1578.4
1631.1
1828.3
2171.8
2277.7
2569.9
2998.5
3420.3
4040.8
4703.5
5532.2
6370.5
7354.5
8615.2
10117.7
12242.7
13587.2
13819.4
12570.4
9829.9
6487.5
3224.5
1225.9
741
720.2
750.1
713.9
724.5
723
835.1
827.2
1094.9
1169.8
1254.8
1416.3
1540.1
1769.3
2034.9
2236.5
2692.6
3033.8
3510.8
4098.4
4727.6
5486.9
6391.4
7642.6
8963.5
9627
9568.8
8815
7179.3
5529.4
3925.2
3076.8
2675.5
2018.9
1377.8
992.6
677.1
660.5
873.8
679.8
748.6
725.3
685.7
751.2
852.9
1011.7
1179.7
1374.9
1621.9
1771.6
2022.2
2327.1
2677.1
3182.8
3732.4
3967.8
3787.7
3296.8
2598.9
1508.2
769.7
359.4
335.2
296.4
280.6
291.1
340.5
371.7
412.6
428.9
511.3
544.8
564.4
883.5
670.8
800.7
974.4
1267.2
1728.2
1753.9
2117.2
2424.2
2707.2
3268.8
3943.9
4562.2
4911.7
4838.4
4287.6
3541.2
2269.4
1335.7
827.1
762.3
779
771.3
758.7
694.2
577
557.1
557.2
501.4
566.7
563.9
578.8
656.1
726.8
751.1
896
971.8
1111.1
1261.2
1661.3
1646.6
1884.8
2217
2490.6
2888.5
3374.5
3949.7
4614.6
4820.7
4734.9
4266.3
3508.5
2401.6
1363.7
657.9
415.6
416.6
444.6
391.5
408.3
436.3
492
434.4
448.9
527.4
555.5
579.2
584
733.4
733.6
799.3
865.3
940.8
1068.9
1237.8
1517.3
1627.5
1955.9
2239
2544
2631.6
2633.6
2622
2572.8
2457.4
2463.7
2654.7
2727
2655.4
2392.7
2036.6
1472.5
999.2
569
469.9
524.7
414.8
487
470.1
516.4
624.8
701
751.2
905.9
975.5
1128.1
1288.1
1457.2
1626.8
1899.7
2136.8
2154.3
2075.9
1876.4
1526.6
1019.1
581.1
357.4
248.1
223.8
238.1
310.5
285.9
271.6
281.9
310.2
285
405.4
299.9
365.8
409.4
411.5
410.7
490.4
432.9
406.3
471.2
616.7
622.6
736.5
856.7
1012.4
1117.2
1403.5
1467.6
1705
1892.1
2219.8
2552.7
2637.2
2669.4
2536.7
2342.1
1991.3
1610
1307.1
1173.9
1228.9
1123.5
988.3
868.2
755.6
517.5
359.3
310.8
262.1
286.1
354.9
608.1
646.7
659.8
749.2
797.5
793.9
679
694.6
500
522.5
564.1
598.6
733.5
770.7
845
907.4
1060.9
1042.2
1203.3
1264.1
1318.3
1533
1665.9
1824.7
1921.8
1864
1730.5
1630.8
1386.9
1109.6
784.6
460.4
357
358.7
307.1
306.7
335.7
327
324.3
363.1
311.2
378.7
411.2
446.2
450.7
552.5
684.9
711.4
705.7
695.7
661.6
593.8
537.7
395.6
405.5
205
229.6
255.4
307.7
276
309.3
345.3
491.5
405.9
395.6
498.3
497.1
503
550.6
673.4
669.5
753.1
870.7
817
784.3
804.9
764.4
671.6
613.9
591.6
602.2
631.3
650.8
721.3
741.8
866.3
912.6
958.1
976.7
961.3
853.8
791.8
694.8
544
530
350.4
358.9
324.5
332.5
392.6
315.3
301.3
287.9
296.1
287.9
239.4
358.4
278.6
248.2
266.6
227.3
338.6
382.4
414.8
590
449.3
497.5
487.7
553.4
600
644.6
681
686.7
758.1
821.4
837.3
935.9
952.2
1006
1236
1171.9
1275.7
1295
1518.7
1580.7
1650.2
1621.3
1639
1645.8
1618.4
1579.8
1440.4
1371.6
1219.3
1177.6
1105
973.7
825.9
699.1
597.9
574.4
509.8
522.2
455.6
405.9
326.3
291.7
414.5
415.3
406.6
327.1
312.8
322.7
292.3
346.5
431.2
475.5
340.7
262.9
294.8
274.8
268.3
318.6
273.4
311
291.7
285
317.8
240
249.1
278.5
293.8
274.7
266.8
421.6
353.7
326.8
397.4
489.9
426.7
404.6
524.6
503.8
399.3
407.1
378.9
326.4
366.4
550.7
510.9
549.2
686
743.4
862.5
938.9
1142.4
1151.5
1224.9
1383.7
1434.5
1463.1
1504
1576.5
1653.2
1661.4
1677
1696.2
1693.4
1692.8
1705.2
1693.1
1728.4
1825.7
1729.4
1764.8
1748
1814.6
1842.9
1834.9
1872.5
1909.4
1851.1
1814.7
1733.6
1723.9
1704
1638.1
1628.6
1609.1
1708.3
1718.7
1845.9
1736.8
1791.9
1794
1817
1773.3
1750.8
1790.5
1733.6
1720.6
1820.8
1775.4
1761.9
1688.5
1745.7
1635.3
1654.4
1626.4
1603
1610.2
1588.9
1493.6
1389.5
1352.6
1286.3
1189.2
1173.3
1137.1
1190.7
1264.6
1262.2
1361.5
1285.8
1327.3
1386.8
1444.2
1428.8
1353.9
1291.6
1279
1185.6
1154.3
1103.2
1078.7
1014.4
978
952
918
975.2
932.9
988.2
1039.2
1107
1004.3
994.7
1060.6
963.8
973.5
974
965.4
955.1
851.7
930.6
855
876.7
915.8
929
917.7
963.2
1012.9
1115.5
1117.2
1083.9
1056.7
1019.4
978
910.8
801.7
699.2
601.3
699.1
440.3
407.5
484.4
394.1
458.2
437.3
428.7
432.3
455.7
519.7
479.4
575.1
513.3
529.1
554.1
569.3
611
655
660.6
679.5
684.6
821.1
732.6
830.9
852.6
878.9
916.4
925.8
921.1
1018
1046.1
1041.5
1138.6
1163.3
1341.3
1493.4
1526.5
1747.5
1874.8
2104.6
2410.4
2728.4
3192.1
3740.8
4265.6
4641.6
4965.4
5072
5308.2
5335.5
5412.5
5473.7
5616.4
5731.1
5843.1
5806.9
5417.7
5150.9
4840.5
4762.3
4654.7
4772.6
5242
5696.9
6334.8
6956.3
7409.9
7602.2
7667.1
7833.9
7860.7
7993.8
8235
8161.2
8324.4
8256.1
7765.7
7234
6840.9
6159.3
5923.9
5623.1
5825.7
6268.6
6900.8
7388.5
8135.5
8499.2
8625.7
8771.9
8755.1
8796.5
8909
9150.6
9220
9392
9346.3
8931.8
8200.2
7432.9
6742.3
6228.1
5943.8
6025.7
6453.5
6937.8
7513
8263.1
8963.4
9217.9
9342.3
9181.5
9186.2
9233.1
9547
9659.4
9748.6
9913.5
9727.2
9135.9
8168.9
7176.5
6541.8
5876.2
5562.2
5835.3
6078.7
6488.3
7064.6
7532.9
8232.7
8537.4
8734.5
8613.8
8367.4
8367.9
8329.6
8660.9
8785
8809.6
8887.7
8510.6
7823.5
6544
5896.4
5216
5095.8
5028.6
5369.4
5673.8
6262
6730.5
7369.5
8016.7
8222.5
8353.6
8015.9
7840.5
7843.7
7904.4
8390.2
8455.7
8582.7
8565.3
8384.4
7783
6578.7
5726.8
5090.5
4948.1
4831.5
5054.1
5303.5
5627.8
6009.6
6479.6
7150.7
7495.8
7633.1
7514.3
7164.4
6907.8
6781.8
7017.9
7326.4
7216
7184.2
7078.8
6750.5
5897.1
5037
4008.1
3382.8
3177.5
3048.3
3002.4
2832.6
3011.8
3124
3292.1
3552.8
3784.1
4113.3
3785
3666
3500.8
3492.3
3526.1
3911.4
3972.5
3995
3830.2
3945.7
3454.9
2785.4
2278.2
1927.9
1868.1
1895
1962.4
1993.1
2067.8
2163.9
2332.6
2437.7
2688.7
2697.4
2684.8
2468.2
2463.6
2351.9
2380.5
2385
2405.3
2463.3
2341.2
2313.9
2267.6
2055.3
1615.6
1445.1
1332.2
1315.9
1400.5
1425
1454
1549.2
1746.5
1974.3
2188
2454
2774.3
3049.6
3172.2
3260.5
3195.5
3016.3
3041.1
3096.9
3266
3240.2
3348.2
3129
2999.4
3005.6
2969.5
2656.1
2270
2023.2
1931
1983.4
1992.1
2069.8
2147.3
2308.9
2529.3
2960.9
3315
3771.4
4231.3
4751.9
5143.6
5484.4
5639.6
5559.7
5177.1
5057.3
5171.6
5349.2
5513.9
5600.2
5522.2
5126.1
5017.6
5086.9
4851.2
4104.1
3284.4
3003.7
3080.6
3187.4
3093.1
3079
3169.1
3427.2
3904.8
4239
4842.8
5422.8
6219.2
6986.8
7597.1
7966.5
8205.9
8006.7
7547.9
7262.8
7492.8
7807.4
8004.8
8325
8171.4
7665.1
7211.1
7369.9
7324.6
6202.6
4842.7
4241.2
4469.9
4582.7
4447.9
4354.7
4307.6
4474
5000.8
5449.3
6068.7
6853.6
7667
8620.6
9480.9
10183.1
10728.1
11013.4
10585
10075.6
9566.6
10061.6
10495.7
10840.1
11212
11049.1
10479.4
9705.9
9990.6
9865
8517.6
6647.6
5652.4
5749.7
5958.4
6027.6
5750
5770.6
5817.2
6379.4
6888.8
7706.6
8633.3
9579.3
10809.6
12000
13114.5
13950.7
14617
14816
14327.4
13289.5
13023.6
13633.7
14156.1
14498.2
15119.7
14821.9
14226.6
13356.5
13346.7
13182.7
11786.3
9246.1
7834.8
7908.4
8614.7
11292.8
16063.5
18865.2
18422.7
13882.6
11032.2
10685.8
11506.7
12573.4
13833.1
15450.3
16916.9
18198.9
19031.5
19733.5
19624.9
18916.6
17799.1
17701.9
18369.4
18960.6
19546.9
20059.5
19760.4
18980.8
17935.2
17675.6
17125.1
15104.6
11956.6
9858.9
9406
9290.9
9185.8
8916.7
8547.3
8291.7
8244.9
8700.4
9409.9
10204.3
11246.3
12363.6
13734.7
15032.4
16280.5
17213
18062.4
18379.5
18218.8
17284.1
16652.3
16542.1
16853.9
17409
17955.6
18033.8
17763.9
17015.2
16206.9
15783
15148.5
13272.7
10864
8832.4
7807.7
7416.6
7206.4
6940.2
6583.1
6348.5
6033.9
6216
6406.3
6840.6
7370.1
8058
8786.2
9654
10504.6
11253.5
11919
12316.6
12515.8
12265.3
11956.7
11500.8
11452.7
11470.3
11745.7
11958.8
12163.6
11927.4
11466.2
11042
10639.9
10036.8
8825.2
7380.2
6070.3
5133.4
4591.3
4313
3932.3
3644.9
3394
3088
2955
2905.5
2930.3
3064.5
3262
3617
3841.4
4090
4556.3
4710.9
4938.2
5075.9
5076.3
5036.4
4929.6
4825.3
4694.2
4722.8
4783.6
4885.5
4785.3
4877.4
4597.8
4552.8
4233.4
4035.8
3528
3066.2
2558.6
2063.9
1816.2
1592
1338.1
1109.7
960.1
845.7
721.2
614.7
441.9
495.9
372.4
349.2
370
253.7
330.6
320.4
381.5
358.5
301.9
292.5
277.5
292.4
283.5
270.7
302.5
350
249.4
315.5
312.2
375.7
278.7
359
376.4
366.8
437
357.4
529.9
391.1
359.5
360
423
386.5
517.5
466
479.7
453.3
554.8
703.6
716.6
686.1
578.7
566.6
659.3
668.3
705
659.6
738.1
747.5
910
805.4
864
908.8
947.4
1070.7
1047.8
1126.1
1186.3
1336.3
1442.1
1763.6
1796.6
1936.8
2134.6
2436.9
2568.9
2670.7
3137.1
4623
5573.9
5039.6
3234.3
1447.6
1192.4
1211.5
1204.3
1270.6
1557.1
1471.2
1621.3
1818.8
2057.5
2262.2
2637.2
2930.6
3303.7
3807.6
4202.8
4832
5354.1
6072.2
6784.1
7605.6
8465.6
9514
10491.5
11481.7
12632.4
13824.5
15029.7
16962.8
21487.4
27247.4
29393.8
25338.8
15980.7
8384.8
4804.8
3521.5
3226.1
2911
2713.2
2586.5
2495.2
2319.8
2265.3
2344.6
2282.4
2452.4
2416.3
2653.9
2582.1
2772.3
2860.8
3101.8
3274.9
3592.3
3861.6
4251.1
4572.3
4932.7
5313.4
5713.5
6118.2
6565.7
6908.3
7100.7
7400.3
7490.1
7791.3
7799.2
7908.8
7935.8
8095.8
8124.9
8147.2
8080.2
8157.7
8106
8089.3
7954.1
7621.3
7444.4
7247.4
7070.3
6637.2
6412
6142.9
5781.4
5622.1
5375.5
5171.9
4968
4829
4830.6
4818.1
5082
5166.7
5422.9
5842.9
6125.5
6583.2
7048.1
7784.2
8297.6
8940
9720.1
10472.5
11306.3
12055.3
12999.3
13570
14099.7
14326.8
14503.8
14706.2
14930.6
14994.8
15009.1
14837.8
14985.5
14983.6
14903.7
14753.2
14699.3
14599
14522.9
14224.4
13762.2
13447
13197.4
12867.3
12461.3
11999.4
11588.7
11281.2
11029.9
10699.2
10683.3
10651.5
10814.8
10907.7
11028.2
11005.8
11078.6
10930
10821.8
10777.2
10776.2
10878.2
11110.5
11269.8
11467.3
11929.8
12533.6
13357.5
14317.1
15106.6
16005
17029.6
17778
18450.1
19023.7
19934.3
20559.4
21093.1
21692.2
21974.7
22624.5
23284.1
23745.5
23866.1
24191.2
24648.7
25273
25661.6
26156.5
26275.1
26550.6
26320.5
25795.8
25009.8
23831.1
22450.2
20842
19382
17845.6
16436.1
14837.4
13696.8
12201.3
11090
10031.7
9368.7
8947.8
8882.1
8884.8
9112.1
9508.1
9907.8
10527.3
11137.5
11881.2
12735.5
13875.9
14721.5
15823.3
17075.4
18195.9
19319.6
20486.5
21663.7
22688.7
23661.5
24957.6
26160.9
27400.9
28641.9
29875.4
30647.2
31156.1
31509.3
31424.1
30862.5
30299.3
29517.1
28025.1
26823.2
25524.5
24272.8
22856.5
21262
19540.8
17837.3
16376.4
14740.3
13345.6
12208.9
11319.3
10381
9701.8
9070.4
8654.7
8121.6
7778.4
7549.1
7444.3
7249.5
7256.5
7359.2
7577.5
7740.2
8156
8467.6
8810.7
9374.9
9989.7
10695.4
11375.6
11915.4
12610.1
13382.3
13875.6
14437.4
14914.4
15246.7
15711.7
15955.3
16276.6
16337
16558.7
16845.2
16846.5
16930.4
16904.1
16886.6
16723.2
16532.6
16244.6
16014.2
15392
15094.6
14651
14215.6
13949.7
13782
13630
13637.4
13652.4
13544
13309.8
13293.6
12915.9
12531.5
11748.8
11460.4
10454.6
9861.8
9277.7
8783.6
8274.5
7608.3
7007.3
6534.3
5981.3
5469.3
4950.6
4392.7
3869.3
3334.8
2985.7
2724.7
2417.3
2289.5
2152
2149.4
2080.3
2173.8
2123.4
2249.9
2240.2
2345.1
2418.8
2548.5
2668.2
2839.9
2844.3
3015.3
3194.2
3227.1
3485.7
3754.3
3878.9
3912.7
4067
4138.9
4172.6
4146.6
4118.9
4085.1
3899.5
3837.7
3695.1
3646.2
3421.6
3216
3091.6
2990.4
2758.5
2769
2248.8
2150.1
1979.1
1898.2
1683.1
1488.5
1374.8
1325.1
1314
1260.7
1292.1
1283.2
1361
1287.1
1337.9
1446
1583.8
1648.2
1702.7
1790.7
1951
2132.5
2283.9
2458.5
2671.4
2976.7
3088.5
3405.5
3638.3
3891.5
4167.6
4283.8
4452.1
4498.5
4483
4675.1
4576.4
4505.3
4437.2
4383
4274.6
4156
4004.9
3759.1
3629.7
3485.6
3258.4
2876.1
2620.5
2526.4
2280.7
2033.9
1876.4
1636
1395.7
1390.2
1188.7
1200.3
1125
1073.2
1070.8
1067.3
1083.4
1044.9
1086.4
1086.6
1057.8
1100.2
1106.4
1166.7
1168.8
1309.3
1346.5
1328.1
1548.1
1530.6
1725.1
1787.1
1920.8
2110.7
2370.3
2699.4
2769.4
2869.8
2813.5
2787.4
3096.8
3013.1
2841.6
2844.5
2848.1
2885.8
2863.5
3088.8
2554.1
2532.2
2385.1
2290.2
2013.1
1844.5
1725.9
1588.5
1423.3
1260.9
1136.2
885.8
858.4
707.7
709.3
626.5
557.1
573.6
623.7
633.7
633.1
594.6
591.2
619.8
427.2
565
542
498.3
573
452.5
433.1
419.1
402.6
394
320.6
327.8
272.8
226
260.1
261
228.7
162.5
265.4
115.6
187.6
192.8
202.7
85.3
223.7
99.4
169.3
179
177.3
146.8
247
225.2
275
228.3
271.9
374.9
379.4
455.9
500.4
423.3
485.7
467.4
403.2
365.7
441.4
391.4
432.8
395.4
391.1
366.6
273
259.4
274.5
337.2
290.1
242.4
337.2
144.8
133.4
351.7
86.2
127
172.3
48.9
87.8
48.9
38.1
29.9
0
100.3
83.4
112.3
310.1
119.2
27.2
74.7
92.4
163.4
105.3
98.6
97.3
124.2
193.5
146.7
156.5
218.2
207.1
233.1
224.3
278
369.8
380.3
395.4
334
400.5
369.1
363.8
368.5
410.1
373.9
352.5
276.1
330.4
341.6
240.6
225.5
261.6
166.2
141.7
269.1
229
164
246.8
282.5
317.9
457.5
633.5
732.8
654.1
588.1
559.7
580.8
560.9
602.1
613.4
705.6
629.2
494
440.9
483.7
353.1
500.4
350.3
391.8
388.6
319.6
354
299.4
318.3
310.4
301.5
335.9
355.2
332
551.1
377.1
297.1
330.6
304
388.5
418.8
345.8
401.2
383.2
475.3
516.6
442.1
413.2
423.9
398.3
355.4
423.3
337.8
338.9
225.1
201.6
233.3
247.4