NaN
4286.4
2593.3
1257.8
1245.2
1437.8
1727.9
2174.6
2643.8
3267.7
4213.9
5340.7
6717.6
8492.2
10351.7
12771.3
15379.6
17571.2
18928
16219.3
10791.5
5545.1
2287.7
1797.1
1971
2313.9
2705
3206.1
3932.7
5002.4
6132.6
7750.2
9920.9
12092.5
14824.3
18111.5
22224.2
26300.7
29979.8
30818.9
24573.5
15003.7
6357.1
1684.7
1164.6
1039.2
984.3
894.2
807.7
823.3
959.2
798.6
779.9
833.5
1098.5
1098.1
1286.1
1519.2
1756.7
2055.4
2300.3
2171.5
1876.2
1320.3
996.8
791.2
902.1
966.7
1185.6
1527.8
1986.9
2574.2
3143.2
3864.3
4578
5346.1
5838.3
5499
4023
2580.5
1441.4
1197.5
1172.5
1326
1636.6
1695
2068.7
2337.6
2745.6
3729.5
4771.4
6069.5
7477.4
9023.4
10751.8
12742
13946.4
13261.7
9923.8
6090.2
2988.9
1720.8
1617
1789.7
2036.2
2350.6
2696.9
3205.7
3841.7
4689.4
5662.4
6936.4
8389.6
10243.1
12395.7
14837
17566.9
21554.2
25486.2
27806.3
26601.6
20187.4
12407.4
5681.4
2004
1668
1658.2
1717.6
1959.8
2069.3
2493.7
2803.5
3394.7
4067.3
4836.8
5940.7
7029.3
8578.6
10246.6
12234.9
14560.8
17185.6
20388.4
24757.8
27926.9
28596.8
24625.6
17459.8
9922.8
4099.2
2139.8
2058.3
2106.3
2342.7
2555.4
2903.4
3329.1
3947
4720
4943.8
4737.9
3955.2
2809.6
1821.4
1276.5
1178.6
1328.9
1379.6
1548.6
1753.5
2092.6
2622.4
3025
3684.5
4318.1
4979.3
5647.9
6804.3
7764.6
8270.8
7822.6
6128.9
4172.9
2336.4
1205.8
1103.3
1054.9
1089
1123.5
1253.7
1326.2
1528.4
1584.2
1776.2
2135.7
2694.1
3483.3
4334.9
5205.6
6169.8
7058.1
8267.7
10066.5
11774.3
12408.5
11604.6
9353.3
6291.6
3380.7
1537.8
1224.8
1248.8
1330
1324.1
1406.9
1539.4
1587.9
1702.1
2045.1
2097.6
2321.1
2690.1
3077.8
3622.5
4235.5
4938.2
5730
6622.5
7783.8
8981.9
10714.1
12609.9
13872.2
13610.5
11841.8
8748.1
5207.3
2357.4
926
725.6
760.9
695.7
701
728
809.2
789.4
1050.4
1116.6
1178.9
1269.4
1403.2
1593.3
1907.8
2065.7
2478.9
2766.4
3180.5
3729.7
4228.6
4982.2
5787.7
6743.1
8065.9
9281.9
9683.8
9456.3
8189.9
6642.8
4884.8
3515.4
2955.3
2418.8
1772.2
1332.8
806.4
686.9
871
691.2
757
704.6
698.8
720.7
779.6
929.9
1054.5
1234
1462.7
1653
1856
2117.4
2382.5
2783.7
3342.5
3841.6
3833.2
3626.1
3168.4
2108.9
1275.2
567.2
361.5
323.4
298.8
282.3
295.4
358.7
383.2
418
503.6
515.1
520
856.1
607.3
671.9
837.1
1102.7
1525.9
1533.2
1906.8
2215.7
2480.7
2886
3376.2
4108.2
4769.4
4983.6
4666
4188.1
2988.7
1865.2
1092.9
794.7
788.2
841.7
807
764.9
655.6
603.4
621.8
514.7
537.5
569
600.5
645
679.9
722.7
841.8
908.8
1050.4
1218.5
1530.5
1521.8
1766.8
2005.4
2324
2655.2
3080.9
3479.9
4168.5
4721.4
4892.3
4591.9
4116.7
3146.2
2064.6
1110.5
524.3
429
450
400.3
395.5
426.7
461.9
432
453.9
535.1
583.4
550.4
579.5
680.3
689.7
795.5
794.2
858
984.3
1138.3
1367.9
1470
1726.5
2026
2405.3
2535.6
2632.9
2614.3
2643.4
2499.3
2412.2
2577.8
2691
2746.5
2597.4
2311.7
1834.1
1393.8
827.7
563.5
520.4
443.7
444.1
460.7
481.8
616.7
668.5
712.5
830.1
908.6
1065.8
1202.6
1333.9
1443.8
1714.1
2014.7
2152.8
2176.3
2010.6
1799.2
1362.8
848.8
510.4
290.6
240.6
253.9
343.1
303.6
271.2
281.9
310.6
288.1
431.7
276.3
353.9
399.8
432.5
423.2
508.6
437.6
397.3
424.4
572.1
577.8
692
782.2
961
1039.7
1271.9
1390.8
1580.3
1718.2
2005
2354.7
2645.8
2697.3
2647
2524.3
2336.8
1847.3
1542.2
1286.9
1307.1
1211.2
1109.1
1022.3
882.8
637.1
479
383.5
251.7
290.8
295.2
475.5
551.8
595.2
664
725.1
812.7
756.1
757.3
544.1
518.7
545.5
559.6
677.2
747
811
875.6
981.6
1005.9
1145.5
1198
1259.4
1465.5
1566
1712.6
1893.2
1969.5
1846.9
1751.3
1576.9
1330.2
1027
619.2
462.4
403.9
341.9
333.5
359.4
307.2
323.8
383.1
299.9
364.2
387.5
435.4
432.8
492.2
607.9
705.5
696.5
732.7
702.8
664.1
573.5
449.3
466.6
261.3
236.5
218.9
329.1
275.1
292.9
319.1
489.3
383.4
388.4
482.7
507
489.9
538.7
623.9
656.5
703.6
856.9
821.4
828.8
834.9
815.3
719.6
668.6
628.3
615.4
578
604.8
704.2
747.8
812.9
901.1
944.2
998
1010.7
900.2
853.5
784.8
648.7
582.8
414.9
382.8
377.6
362.7
419
305.9
274.6
338.4
325.8
308.3
259
373
257.1
232.3
262.4
263.1
366.6
367
410.1
597.3
457.9
485.3
492.9
532.9
593.8
635.4
682.6
682.9
744.5
783
808.7
884.3
917.6
960.2
1194.6
1144.9
1218
1255
1418.5
1528.8
1597.6
1615.7
1669.5
1684.6
1644.4
1636.8
1521.1
1481.1
1307.1
1269.7
1232.7
1086.6
921.4
775.8
634
633.7
546.9
537.9
495.4
454.6
340.2
347.2
417.4
395.8
392.5
309.4
320.5
297.3
294.1
378.7
465.3
513.4
338
283.9
321.5
305.1
287.8
324.1
288.1
290.5
297.3
297.7
305.7
285.2
277.4
300.4
307.3
285.6
278.5
441.8
345.9
300.4
360
462.5
426.9
442.4
573.3
557.7
426.9
409.6
386.6
330.7
350.4
491.4
433.8
517.3
620.5
679.1
792.3
880.2
1071.7
1063.3
1140.3
1334.9
1433.8
1466.4
1474.9
1581
1643
1640.8
1673.7
1670.9
1674.3
1682.2
1691.8
1670.4
1716.9
1825.7
1746.5
1712.1
1756.4
1778.1
1827.2
1797.8
1816.3
1887.2
1892.1
1878.7
1777.6
1711.6
1720.6
1640.5
1652.1
1601.3
1687.5
1666.9
1819.7
1774.5
1770.5
1786.3
1786.5
1831.8
1796.3
1790.8
1777.9
1710.6
1806.6
1771.4
1731.7
1690.2
1769.8
1623.5
1665.3
1565.1
1607.3
1625.7
1634.4
1538
1425.4
1393.4
1308.8
1212.4
1180
1139.1
1163.8
1254.7
1178.9
1354.5
1282.2
1311.5
1363.5
1432.8
1468.8
1418.6
1345.1
1325.5
1237.4
1177.4
1122.9
1086.1
1085.9
1035.6
957
932.4
986.6
932.1
954.4
1039.7
1095
1058.5
1006.9
1068
1007.4
969.8
983.7
975.1
985.3
916.9
951.2
859.1
905.8
897.5
917.9
928.3
1002.1
1026.9
1142.8
1131.1
1140.4
1067.7
1068.5
1048.7
985
903.2
805.9
652.9
771.5
452.3
454.3
503.6
402.7
457
437.3
433.5
460.6
454.7
547.6
438
581.7
535.2
522.3
558.7
566
621.9
613.5
651.9
664
704.1
854.7
759
847.4
868.3
939
920.3
926.3
938.2
1005.2
1065.8
1044.7
1099.6
1097
1238.6
1443.5
1471.8
1660.6
1716
1931
2139.9
2418.7
2835.4
3387.6
3880.8
4321.7
4697.8
4964.6
5190.1
5228
5264.8
5369.7
5512.7
5544.7
5758.4
5828.2
5625.5
5393.1
4977.8
4788.6
4634.1
4587.8
4904.9
5302.3
5837.8
6445.7
7119.3
7459.3
7591.2
7711
7753.2
7829.2
8122.6
8013.4
8171.7
8329.5
8041.3
7673.3
7188.8
6409.9
6022.6
5679.9
5659.2
5906.8
6428.5
6938.4
7582.2
8193.4
8469.6
8716.9
8724.3
8709.5
8745.5
8951.2
9197.6
9154.8
9327.9
9244.3
8774.3
7997.8
7090.1
6459.8
6088.9
5873.9
6102.9
6507.4
7114.6
7712.6
8461.2
8956.9
9205.6
9298.9
9211.3
9190.3
9221
9539.1
9638.9
9757.7
9846.5
9486.7
8868.3
7841.7
6974.4
6124.1
5714.7
5663.2
5830.1
6172.9
6601.1
7090.5
7704.8
8330.7
8685
8699.7
8423
8312.5
8187.5
8423
8765.4
8723.1
8816.2
8753.2
8394.2
7383
6411.9
5655.2
5194.6
4916.6
5088
5421.2
5919.5
6330.2
6918.5
7620.8
8072.1
8303.7
8301.9
8011.5
7850.2
7700
8099.7
8386
8481.6
8540.2
8635.3
8213.6
7455.5
6282.6
5533
5070.3
4777.6
4960.2
5188.7
5408.6
5716.7
6154.1
6771.5
7326.2
7601.3
7732.4
7355.5
7032.9
6868.8
6761
7152.2
7347.1
7272.9
7246.4
6950.1
6600.9
5850.8
4583.6
3818
3275.4
3089.2
2987
2885.5
3023.4
3057.3
3134.9
3347.8
3654.3
4051.9
3874.6
3820
3606.7
3474.5
3421.7
3677.7
3957.6
4008.8
3884.4
4012.4
3672.7
3324.7
2620.4
2176.2
1869.2
1852.7
1946.8
1977.9
2007
2108
2236
2314.6
2547.8
2716.7
2742
2582.7
2531.9
2425.6
2342.7
2345.9
2393.1
2533.2
2364.7
2335.1
2300.4
2210.3
1865.1
1589.1
1385
1303.9
1384.1
1365
1344.9
1485.6
1588.6
1791.9
1956.6
2277.5
2539.4
2872.6
2992.2
3235.6
3222.9
3113.7
2994.8
3010.6
3152.8
3123.2
3283
3192.9
3049.3
2983
2954.2
2844
2620.8
2190.3
1906.6
1914
2013.2
2071.1
2033.5
2142.8
2314.7
2674.8
2979.3
3454.9
3870.2
4338.9
4782.9
5273
5535.6
5666.5
5324.5
5114
4991.1
5198.1
5395.8
5544.1
5591.2
5369
5107.7
4980.1
5017.7
4694.2
3818.2
3110.1
2948.3
3109.6
3117.4
3038.2
3150.6
3120.6
3555.5
3861.2
4446.9
4984.4
5660.2
6413.6
7110.8
7588.4
8039.1
8154.4
7793.8
7417.3
7167.3
7509.7
7849.5
8040.8
8298.5
7880.4
7520.9
7107.7
7474
6946.6
5862.3
4515.8
4292.9
4444.1
4516.4
4444.5
4272.2
4304.8
4544.5
5107
5537.8
6272.2
7071.5
7896.9
8809.4
9655.9
10271.8
10942.7
10820.1
10495.4
9786
9616.7
10199
10533
10911.3
11270.2
10795.2
10242
9729.1
9989
9490.4
8101
6134.2
5620.1
5868.3
5965.5
5825
5727.6
5752.1
5877.3
6461.4
7096.2
7930.3
8819.4
9919.8
11192.2
12264.2
13272.4
14167.8
14684.3
14621.1
13879
13108.4
13114.3
13839.4
14104.5
14716.9
14903.9
14597.7
13933.7
13067
13322.3
12946.2
11023.5
8578
7796.6
7978.6
9088.3
12292.2
16247.6
18080
16437.1
12357.3
10628.2
10807.5
11814.6
12853.2
14334.7
15882.6
17237.1
18251.8
19278.6
19704.5
19395.6
18432.5
17627.9
17828.1
18592.4
18962.9
19838.5
19963.8
19540.6
18605.1
17770.1
17596.5
16703.8
14230.6
11219.5
9708.4
9273.6
9164.6
9073.1
8723.9
8384.6
8147.6
8330
8876.7
9539.2
10487.1
11480.3
12800.8
14086.2
15368.6
16383.3
17483.2
18086.3
18460.5
17864.7
17085.1
16628
16517.4
16978.8
17593.5
17809.9
17941.5
17498.6
16654.3
16121.1
15763.7
14653.8
12648.5
10275.8
8453
7682.3
7348.1
7120.5
6809.6
6550.5
6120.2
6127.1
6147.4
6498.5
7001.1
7543.9
8211.1
9019.3
9897.1
10623.9
11403
11955.4
12328.1
12360.5
12211.2
11747.1
11509
11352.8
11559.1
11805.7
11988.7
12044.6
11756.7
11378.7
10935.7
10449.7
9658.2
8393.1
7097.2
5768.8
4971.2
4554.4
4101.5
3855.5
3603.8
3260.1
3066.2
2962.6
2898.1
2959.6
3127
3408.3
3625.7
3885.7
4302.6
4472.4
4773.1
4971
5059.3
5092.2
5038.7
4912.6
4762.9
4707.6
4730.3
4873.9
4735.2
4949.8
4758.9
4660.2
4422
4288
3878.4
3402.4
2969.1
2404.7
2046.5
1772.3
1455.4
1223.2
1078.3
942.7
831.1
672.7
507.5
554.3
407.1
353
383.4
317.1
341.2
291
398.2
350.9
334.8
311.6
313.7
263.1
282.5
286.6
310.1
356.9
284.4
292.9
291.1
381
323.2
328.8
371.2
399.3
421.7
340.8
523.4
399.2
362.5
366.1
449.6
382.4
518.4
439.9
494.7
428.3
504.2
655.6
699.8
727.8
618.2
606.2
644.9
671.1
709.4
646.3
723.5
727
844.1
800.3
794.5
848.3
894
1039.7
1023.7
1082.1
1119.9
1259.5
1373.5
1616.9
1698.9
1831.2
1998
2280.8
2439.7
2580.7
2799
3456.8
4986.8
5532.8
4669.4
2607.4
1294.5
1210.2
1164.5
1231.4
1465.2
1421.1
1521.2
1694
1888.4
2103.6
2414
2636.1
2991.9
3474.5
3812.1
4423.5
4921.8
5555.9
6229.7
7024.2
7859
8687.2
9705.1
10686
11791.3
12997.7
14170.8
15479.6
18052.6
23226
28337.5
28722.8
22821.8
13578.1
7273.1
4311.1
3520.4
3131
2887.5
2687.8
2600
2383.8
2296.5
2346.3
2305.7
2416
2410.1
2587.8
2485
2622.7
2729.9
2935.8
3075.9
3411
3619.2
3982.8
4298.7
4683.7
5011.9
5428.7
5844.6
6258.8
6611
6884.5
7283.5
7321.1
7692.9
7707.7
7912.8
7881.3
7943.4
8095.4
8118.5
8155.4
8126
8118.7
8101.2
8059.5
7808.5
7609.9
7401.1
7253.4
6914.7
6605.9
6366.3
6024.9
5840.3
5480.5
5291.2
5145.4
4930.7
4810.6
4814.3
4972.2
5004.6
5204.6
5599.8
5820.6
6243
6643.3
7290.2
7780.1
8362.8
9159.5
9884.4
10633.6
11333.3
12273.2
13084.6
13652
14008.9
14355.9
14500
14770
14929.5
14970.3
14774.4
14862.7
15001.8
14880.4
14799
14680.7
14653.6
14633.7
14406.7
14039.7
13657.1
13374
13070.8
12797.8
12314.6
11848.1
11531.5
11227.7
10898.6
10749.3
10561
10713.3
10835
10948.6
10839.7
10928
10949.1
10890.9
10813.6
10658.9
10718.2
10944.9
11124.2
11238.3
11625.9
12032.7
12688.4
13582.1
14392.3
15357.5
16236.3
17075.2
17919.3
18553.9
19294.7
20049.2
20668.8
21361
21643.9
22092.4
22830
23382.4
23609.1
23867.5
24246.9
24888.5
25278.8
25795.5
26087.9
26309.8
26403.2
26215.7
25583.6
24762.1
23468.8
22005.8
20451.9
18935.5
17451.5
15993.7
14768.5
13160.8
12013
10796.1
9951.3
9191.7
8909.7
8827
9002.7
9282.8
9586.4
10091.4
10638.7
11276.4
12092.4
13129.5
13932.7
15015.4
16196.6
17337.9
18390.3
19536.2
20888
21844.5
22928.1
24091.6
25174.9
26464.9
27790.4
29076.5
29994
30769.1
31425.6
31610.1
31253.7
30794.4
30358.4
28943.4
27760.5
26573.4
25325.5
23864
22498.9
20866.4
19128.7
17647.4
15962.5
14432.8
13086.8
12026.2
11004.2
10273.8
9557.1
8998.7
8525.1
8062.7
7742
7551.2
7306.3
7283.5
7217.3
7394.6
7555.9
7939.5
8161.3
8507.7
8914.3
9491.3
10299.9
10804.3
11459.2
12086.9
12879.2
13489.6
14016.5
14552.7
14883.5
15391.4
15655.1
16059.7
16156.2
16487.3
16688.7
16757.7
16839.6
16882.2
16988.5
16783.2
16709.6
16474.2
16217.2
15782
15459.3
14977.2
14481.1
14228
13946.6
13841.7
13829.9
13848.1
13834.2
13801.8
13681.4
13412.6
13208
12704.7
12354.5
11223.1
10616.2
10068.2
9484.4
8894.5
8279.2
7781.4
7209.5
6645
5996.5
5509.9
5012.4
4456.2
3879.7
3361.1
2995.3
2623.7
2456.7
2287.6
2201.8
2097.9
2156.9
2110.1
2215.1
2189.9
2276.1
2365.1
2480.2
2562.8
2757.4
2776.4
2912.3
3094.8
3125.4
3352.9
3576.2
3737.7
3844.3
3989.2
4050.2
4104.5
4107.3
4103
4120.5
4032.1
3965.8
3793.4
3725.2
3526.8
3391.7
3198.1
3118.5
2882.6
2881.7
2463.6
2268.8
2119.8
2033.6
1820.9
1630
1447.2
1375.1
1290.8
1280.9
1277
1319
1341
1306
1315.5
1388.9
1501.6
1583.9
1627.9
1711.9
1874.5
1958.2
2169.7
2313.6
2527.7
2794.8
2923.9
3176.6
3435.4
3669.6
3985.8
4105.3
4365.9
4398.8
4454.9
4609.6
4513.7
4506.1
4467.4
4381.6
4355.4
4256.3
4142.8
3850.3
3718.8
3646.1
3480.7
3126.3
2832.5
2664.5
2435
2259.5
2031
1783.7
1509.1
1475.2
1271.4
1243.3
1110.3
1088
1098.6
1063.9
1065.5
1012.1
1130.4
1050.9
1028.1
1040.5
1076.8
1139.3
1100.4
1254.2
1272.7
1287
1442.3
1455.3
1634.8
1691.2
1834.3
1957
2240.3
2487
2600.9
2799.4
2815.1
2761.3
3013.9
2985.6
2856.4
2828.9
2829.5
2892.4
2924.7
3133.2
2620
2561
2491.5
2399.8
2174
1995.9
1869.8
1684
1505.1
1432.3
1274.7
1014.9
926.9
816.8
762.5
639.1
557.3
588.4
614.1
637.6
624.2
608.1
590.6
638.3
415.3
571.6
529.2
473
563.6
443.4
400.2
434.1
416.9
424.8
366.8
363.1
282.6
264
272.7
285.7
275.4
167.1
274
140
194.2
181.7
188
81
197.1
105.5
163.8
159
192.6
164.9
248.1
204.2
277.3
219.4
276
347.4
354
433.7
486.2
432.2
454.9
460.4
403.1
375.3
435.6
414.2
455.4
413.7
409.2
384.5
285.9
275.5
283.5
337
334.2
252.7
343.8
134.3
173.4
353.7
108.6
121.6
149.6
61.4
93.7
61.4
47.4
35.3
20.5
66.5
90.6
126.9
297.6
100.3
0
53.9
64.3
158
77.4
76.3
105.7
93.5
170.9
128.8
112.1
182.2
215.5
227.8
240.2
257.4
326.3
325.5
341.1
330.2
399.5
383.9
342.1
343.9
391
359.6
380.3
295.2
338.7
331.7
226.2
254.1
265.2
205.1
163.5
282.5
215
146.5
212.9
234.9
268.3
423.1
585.8
739.4
727.9
629.4
614.9
625.3
609.6
590.8
630.9
731
706.6
540.2
510.7
526.5
433.2
531.1
404.5
415.4
387.4
337.5
374.2
311.4
332.7
327.9
290.6
355.8
378.5
296
564.4
376.1
348.4
329.4
292.8
400.1
415.9
325.5
379.6
379.4
480.6
523.2
468.9
417.6
445.4
411
350.6
410.5
340.8
321.1
257.4
214.8
257.4
265.2
208.8