7273.4
6494.6
4647.8
2921.1
1631.3
1436.8
1709.7
2023.1
2428.7
3053.5
3857.3
4835.9
6227.8
7697.3
9628.3
11851.3
14665.4
17886.7
20731.9
21272.1
17581.6
11519
6049.5
2486.2
2132
2315.5
2632.9
3054.4
3772.2
4586
5702.3
7257.8
8956
11279
14015.5
17191.2
21074.2
26065.3
31105.5
34814.2
33988.8
25957.1
15869.7
6924.1
2011.4
1454.6
1272.2
1117.4
1096.5
1189
1010.1
960.9
972.9
1142.6
1131.4
1259.9
1441.7
1617
1897.2
2233.2
2435.1
2698
2543.1
2187.8
1607.7
1236.3
1012.3
1097.1
1248.1
1511.2
1929.3
2445.4
3128.7
3847.4
4666.7
5671.1
6354.5
6674.8
5927.3
4408.4
2893.1
1681.3
1387.9
1654.4
1675.9
1973.7
2143.3
2228.4
2770.7
3416.2
4429
5781.9
7385
8727.5
10571.9
13032.5
14967.7
15933.4
14288.9
10510.7
6598.2
3224.7
1928.7
1997.4
2172.3
2381.5
2741.6
3146
3777.5
4528.3
5477.8
6590.5
8008
9842
11994
14418.7
17284.8
20772.5
25801.2
29550.7
30932.2
28446.8
21180.2
12989.4
6189.4
2406
1970.8
2038.2
2075.6
2322.3
2492.8
2878.5
3350.2
3948.8
4788.5
5592.2
6838.3
8162.3
9777
11779.5
14156.1
16709.3
19594.1
24007.8
28708.5
31088.8
30996
26192.8
18299.2
10642.6
4611.6
2553.5
2443.2
2537.3
2781.3
3059.8
3475
4089
4756.7
5236.6
5497
5224.8
4297.4
3209.7
2190.6
1641.7
1525
1575.3
1720.4
1878.3
2239.4
2494
2987.6
3596.5
4260.6
4929.3
5610.4
6567
7745.7
8687.9
8964.1
8294.8
6581.8
4407.1
2601.2
1460.3
1267.2
1268.3
1295.9
1357.5
1518.5
1587.9
1701.3
1869.6
2126.5
2561.9
3211.6
3928.3
4904.9
5937.2
6860.6
7995.9
9515.9
11419.1
12817.1
13383.8
12501
9902.1
6622.3
3673.1
1844.6
1511.5
1425.8
1502.2
1581.2
1556.7
1678.8
1923.2
1920.8
2096
2352.8
2668.6
2991.3
3467.6
4092.9
4726.9
5453
6402.9
7447.1
8659.8
9949.1
11937.5
13936.9
14857.8
14600.5
12620.2
9245.9
5658.9
2665.4
1241.8
943.3
907.4
852.2
912.8
868.5
1066
1108.1
1151.6
1210
1319.6
1491.4
1654.6
1800.4
2147.4
2364.3
2714.9
3111.4
3548.3
4163.5
4762.4
5495.2
6418.3
7599
9057.2
10211.4
10461.7
10156.1
8916.4
7195.3
5429.3
3976.2
3199.9
2811.6
2087.2
1472.2
1221.8
875.5
904.1
857.8
859
900.4
907.8
1024.1
1074
1171.6
1304.6
1466.1
1705.7
1964.5
2207.6
2494.6
2790
3256.8
3775.4
4122.9
4313.2
3950.1
3416.8
2370.9
1506.9
786.6
498.5
484.7
457
510.7
496.4
542.2
567.7
641.7
659.5
900.5
707.3
746.5
839.3
995
1249
1314.1
1627.2
1902.7
2171.5
2527.5
2847.2
3289.8
4023.2
4791
5242.4
5490.8
5099.7
4383
3300.8
2188.3
1375.9
1100.4
1090
1083
1038.6
1001.5
957.5
818.2
762.4
752.1
747.4
766.7
805.9
829.5
947.3
967.2
1076.4
1161.2
1444.9
1447
1630.2
1816
2090.9
2372.4
2706.3
3040.9
3521
3996.3
4761.1
5252.8
5333.5
5045
4401.6
3463.1
2303
1372.5
779.2
599.7
571.3
611.5
630.9
575.8
626.2
699.5
725.3
718.2
736.7
818.2
788
875.4
894
925.8
990.8
1131.7
1319
1413.6
1578.4
1782.9
2135.9
2380.3
2642.4
2860.3
3000.6
3052.3
2954.5
2875.4
2833.7
2978
3070.8
3084.3
2861.4
2669.7
2170.8
1604
1157.4
743.3
674.4
620
666.9
746.7
762.9
808.5
878.7
953.8
1086.3
1234.5
1359.8
1432.4
1572.2
1793.1
2110.8
2385.4
2467
2412.9
2256.9
2006
1609.7
1094.5
707.2
539.2
507.6
508.5
472.7
463
504.4
502.5
605.4
489.6
524.4
572.5
589.9
615.1
676.2
627
618.9
603.3
708.1
666.6
723.8
804.6
945.2
1029.3
1296.5
1376.3
1568.9
1684.8
1881.3
2099.8
2463.8
2832.6
3036.3
3097.9
2994.1
2876.5
2638.3
2243.7
1968.6
1724.1
1621.7
1567.1
1511.7
1296.5
1158
960.7
712.9
615.3
502
555.9
535.6
684.9
868.2
995.7
1041.7
1088.3
1222.5
1055.8
946.2
808.6
761.1
851.2
882.8
955.3
1008.4
1108.4
1111.3
1241.8
1346.4
1370.3
1539.1
1641
1707.9
1867.9
2074.1
2214.9
2275.8
2153.1
2024.8
1847.7
1492.1
1216.9
920.7
665.2
575.2
578.2
537.6
520.6
553.4
486.8
551
541.4
583.3
579.8
649.8
692.6
771.3
794.8
893.3
963.8
956.5
927.5
862
859.5
712.8
620.9
508.9
492.7
430
442
452.8
608.8
544.2
561
659.3
653.8
655.8
687.1
791.7
780.4
844.7
934.9
937.7
1026.2
1067.8
1032.8
999.7
976.1
1016.2
970.7
869.5
808.7
848.9
864.8
954.8
996.4
1065.3
1173.2
1259.6
1222
1164.1
1152.4
1102.2
1082.4
885.3
758.9
688.9
638.7
613.1
579.1
528
548.6
527.4
519.3
464.8
547.1
455.9
450.7
464.9
446.6
469
521.9
540.5
696.2
595
621.1
621.7
686.9
764.1
819.6
855.4
839.4
895.7
945.9
941.9
1049.7
1023.2
1079.9
1280.6
1282.9
1352.4
1397.5
1525.7
1596
1718.5
1818.4
1953.3
1992.2
2015.5
1975.5
1999.8
2020.7
1912.9
1825.1
1691.9
1571.5
1462.1
1338
1180.7
1056.4
910.7
800.9
790.7
737.5
658
640
665
623.3
565.7
469.7
489.5
475.2
510.8
570.4
631.2
686.5
565.8
520.6
523.4
504.9
495.4
517.5
492.5
492.4
481.3
513
505.3
473.1
483.1
506.7
523.3
492.3
472
588.5
493.3
466.9
468.4
563.3
522.2
595.2
750.9
726.5
683.6
683.9
672.8
640.6
591.6
642.1
570.5
622.2
710.1
739.4
861.6
1001.8
1129.5
1137.8
1242.2
1430.1
1519.7
1602
1626.7
1724.4
1809.4
1870.1
1874
1930.8
1951.5
1975.2
1963.9
1961.9
1994.3
2085.6
2001.8
1983.3
1950.2
1985.9
2044.3
2094.4
2101
2122.4
2136.7
2119.8
2116.6
2118.3
2038.8
1965.8
1937.2
1928
1974.6
1897
2021.5
1967.4
2030.7
2017.3
2029.1
2072.6
2094.2
2096.7
2055.4
2044.8
2066.9
2046.1
1977.7
1951.8
1996.6
1948.6
1987.4
1931
1926.7
1902.2
1905.4
1849.2
1837.5
1786
1728.9
1593.6
1534.5
1463.7
1404.9
1411.8
1391.6
1457
1429.2
1463.5
1516.1
1589.9
1635.1
1667.9
1636.2
1630.6
1553.5
1521.6
1468.2
1422.7
1364.9
1330
1238.5
1230.1
1228.5
1166.4
1170.7
1230.1
1277.3
1281.7
1263
1327.7
1276.3
1257.9
1243
1228
1246.1
1168.1
1226.4
1180.4
1209.6
1183.6
1160.9
1136.2
1160.2
1215.4
1324.7
1380.5
1398
1390.4
1403.1
1389.6
1427.1
1334.2
1285.4
1162.7
1182.1
895.9
800.4
781.7
667.4
653.9
635.1
656.4
680.7
647
732.6
637.5
741.9
747.1
740.4
733.1
761.4
807.4
850.7
850.5
873.2
875
977.3
990.5
1046.5
1042.8
1127.1
1120.3
1164.8
1148.4
1242.6
1282.7
1254.6
1301.8
1276.9
1394.7
1445.5
1535.8
1661.1
1707.4
1896.6
2053.7
2284.6
2509.1
2891.6
3369.3
3784.7
4365.5
4826.6
5294.4
5489.4
5565.5
5726.7
5825.7
5899.4
5989.4
6114.6
6236.7
6316.5
6065.7
5720
5414.3
5159
5143.2
5083
5371.7
5890.3
6549.1
7110.8
7666.3
8045.1
8237.1
8355.7
8485.3
8468.7
8638.9
8629.1
8775.3
8914.3
8815.3
8111.7
7473.3
6852.9
6469
6212.9
6167.4
6454.7
7030.7
7613.9
8156.1
8830.7
9151.6
9315.8
9276.3
9344.2
9404.4
9653.4
9680.4
9812.4
9992.4
9787.8
9173.8
8274.8
7497.4
6893.8
6535.1
6347.2
6639.7
7224.1
7809.4
8396.7
9089.2
9582.8
9887.5
9870.5
9856.6
9805
9883.2
10237.5
10239
10419.2
10401.8
10023
9378
8118
7264.6
6649
6109.9
6001
6290.1
6625.2
7198.6
7700.6
8474.7
8949.2
9211
9321.7
8869.2
8812.5
8874.9
9081.5
9286.6
9313.8
9458.5
9012.4
8666.4
7635.2
6727.4
5953.2
5444.9
5315
5638.3
5884.5
6379.2
6935.1
7533.9
8318.4
8744
8992.2
8794.4
8505.7
8485
8366.5
8781.7
9007.7
9168.6
9284.6
9054.6
8714.3
7746.6
6706.6
5872.9
5315.8
5250.7
5419.2
5650
5919.4
6481.6
6844
7469.5
8105.7
8298.2
8266.3
7847.2
7500.9
7395.2
7466.7
7875.7
7929.7
7901.5
7806.9
7763.4
7105.2
5868.8
4956.4
4120.1
3598.5
3413.8
3424.3
3337
3234.2
3369.3
3540.1
3979.6
4094.2
4279.1
4292.9
4071.5
3875.9
3859.4
3950.3
4279
4359.2
4498.7
4304.9
4177.7
4028.2
3495.3
2839.7
2395.8
2157.6
2153.5
2234.8
2303.2
2359.3
2363.6
2540.5
2707.2
2947.3
2968.7
3047.6
2932.7
2765
2644.7
2590
2736.8
2745.3
2756.5
2693.1
2657.2
2522.8
2473
2118.3
1792.4
1674.2
1569.4
1543.8
1581.8
1667.1
1763.3
1875.5
2094.2
2348
2687.2
2898.3
3199.1
3413.7
3560.2
3584.6
3425.7
3373.5
3287.3
3421.5
3471.5
3598.5
3564.6
3350.4
3289.5
3289
3191
2735.3
2298.1
2153.3
2296.9
2315.7
2290.7
2338.5
2447.9
2712.9
3055.3
3431.5
3857.8
4337.1
4883.9
5361.6
5786
6032.4
5992.5
5732.5
5429
5493.4
5654.4
5793.6
5978.3
6021.9
5789
5393.4
5460.8
5405.8
4830.6
3873.6
3272.2
3294
3430.3
3451.8
3307.2
3405.2
3465.9
3947.3
4330.3
4903.7
5577.2
6257.1
7041.5
7643.6
8249.7
8669.3
8555.2
8206.5
7716.3
7784.4
8167.6
8382.4
8682.8
8734
8324.3
7891.4
7717.6
7907.7
7197.3
5837.7
4741.7
4620.2
4880.3
4848.2
4661
4621.4
4618
5041.2
5580.6
6170.8
6912
7611.2
8665.3
9677.1
10578.6
11212.8
11684.5
11407.6
10886.8
10271.6
10404.3
10944.9
11235
11696.1
11815
11364.9
10624.2
10309.7
10748.2
9873.2
8002.6
6180.8
6058.4
6211.8
6333.9
6188.3
6042.8
6059.5
6392.2
7107
7748
8700.7
9676.5
10823.1
12146.6
13526.8
14456.7
15270.9
15589.3
15310.5
14561.9
13859.4
14088.9
14826.2
15108.8
15793.8
15933.3
15250.3
14316
14129.6
14392.3
13369
11007.7
8634.3
8356.9
8885.9
10692.1
15817.3
20266
21370.5
17955.9
12764.6
11387.4
11776.1
12855.6
14160.5
15786.2
17314.9
18713.3
19926.3
20786.8
20918.7
20531
19359.4
18812.9
19126
19932.3
20464.4
21263.4
21254.2
20526.9
19282
18888.2
18833.8
17393.1
14223.2
11136.8
9980.5
9806.3
9803.5
9593.4
9058.9
8784.3
8636
8931.7
9484.8
10387.6
11503.4
12641.9
13945.1
15311.4
16694.3
17862.1
19003.2
19419.4
19382.5
18844.1
17942
17529.8
17807.6
18081.5
18670.5
19073.1
18987
18364.4
17583.2
17052
16596.7
15253.8
12631.5
10119.5
8643.3
8061.6
7811.2
7608.8
7109.8
6839.1
6473.4
6433.5
6660.6
7045.9
7526.7
8168.9
9001.5
9868.1
10782.7
11668.5
12382.5
12877.4
13228.7
13140.8
12840.3
12347.2
12158.3
12138.5
12290.7
12652.1
12843.2
12812.5
12414
12016.9
11456.9
11040.7
10035
8577.5
7063.8
5895
5200
4731.4
4416.6
4111.1
3800.8
3504.1
3276.3
3139.7
3171.3
3370
3510.3
3731.6
4113.5
4358.8
4665.3
4933.5
5213.8
5406.7
5508.9
5532.6
5326.3
5216
5118.1
5125.8
5067.8
5284.5
5247
5253.5
5055.8
4986.7
4711
4481.7
4100.8
3548.5
3078.7
2598.9
2123.1
1805.4
1613
1445.8
1285.8
1138.8
919
882.9
680.7
640.9
613.2
506.8
532
494.5
566.5
539.9
473.3
507.3
473.3
462.9
445.6
472.1
458.6
495.9
430.7
457.1
462.6
522.6
462.2
487.7
495.7
545.3
568.3
520.9
672.7
559.3
536.5
537.1
602.6
563.8
652.2
594.8
638.7
581.6
642.7
723.1
740.4
832.3
883.5
905.9
903.5
853.1
826.7
793.3
847.4
865
996.6
924.8
961.6
999.4
1061.7
1128.3
1146.1
1195.4
1243.1
1353.2
1432.3
1669
1743.8
1823
2008.6
2294.7
2470
2653.8
2853.8
3061
3373.3
4575.7
6186.1
6016.4
4631.8
2235
1389.9
1377.7
1538.5
1456.1
1521.8
1669.1
1781.3
2013.5
2253
2452.9
2760.4
3155.5
3471
3983
4435.1
4982.6
5642.5
6338.7
7138.5
7934.3
8918.1
9910.3
11045.1
12334.3
13497.1
14682.2
15950.5
17684.6
21928.8
28128.3
32011.1
30236.6
21525.9
11583.7
6231.3
4216.8
3647.6
3368.6
3114.9
2852
2685.9
2686.8
2555
2612.4
2493.4
2666.4
2578.8
2690.1
2748.8
2904.7
3014
3263.6
3465.5
3779
4041.2
4405
4738.1
5080.1
5614.7
6048.9
6461.9
6853.6
7252.9
7464.1
7881.2
7940.9
8188.4
8369
8386.6
8467.7
8591
8726.3
8750.7
8670.2
8702
8713.2
8638
8500.3
8306.1
8112.3
7817.7
7570.6
7341.2
6932.5
6732.4
6372.6
6143
5782.4
5512.7
5316.4
5164.3
5193.7
5102.2
5220.3
5488.6
5617.2
5898.3
6313.1
6840.8
7183.9
7787.7
8494.5
9151.6
9827.3
10683.7
11562.8
12486
13335.8
14013.9
14648
14994.5
15352.8
15505.3
15821.4
15742
15678.8
15686.5
15697.6
15828.2
15714.5
15587
15546
15526.2
15504.9
15127.9
14755.2
14313.8
14163.4
13757.5
13291.9
12763.7
12455.4
11994.3
11716.5
11372.1
11192.9
11145.2
11409.9
11386.7
11520.6
11528.6
11605.6
11668.6
11469
11388.9
11331.1
11347.5
11435.2
11633.3
11831.5
12192.9
12921.1
13625.9
14477.5
15438.6
16446
17500.9
18250.4
19058.5
19897.2
20583
21394.8
21903.9
22465.9
23057.6
23667.2
24144.3
24591.5
24970.1
25420.3
25891.6
26474.4
26879.9
27554.6
27802.8
27997.8
27917.9
27600.5
26945.4
25731.2
24362.1
22723.7
20975.2
19378.7
18030.5
16230.7
14848.8
13270.5
11963.8
10796.3
9954.9
9351.4
9206.3
9253.7
9397.8
9758.4
10085
10611.5
11277.7
12176.9
12926
13879.5
15029.6
16153.3
17285.6
18493.8
19886.6
21011.5
22137.3
23447.8
24525.9
25676.9
26988.6
28435
29687
30926
32300.6
33124.1
33144.7
33191.9
33015.9
32393.9
31231.3
30146
28851.7
27414.7
26037.3
24575.4
23018.9
21272.7
19396.1
17629.4
16013.2
14510.4
13155.4
12121.1
11156.3
10404.8
9719.4
9133.1
8643.7
8327.3
7844.6
7673.8
7548.4
7510.5
7650
7841.2
7996.3
8254.3
8617
9098.6
9738.1
10262.3
10834.5
11598.7
12423.8
13022.3
13658.9
14278
14879.9
15430.6
15814.1
16318.3
16508.3
16877.1
17128.5
17155.3
17440
17623.2
17772.2
17773.7
17737.2
17582.1
17443.2
17071.9
16867.3
16524
15903.1
15538.4
15055.8
14745.6
14411.2
14274.1
14133.9
14066.8
13986.7
13732
13640.6
13214
13173.9
12265.9
11508.9
10796.7
10215
9617.3
8968.5
8391.9
7850.2
7345.4
6725.8
6146.7
5608.4
5163.3
4654.2
4135.5
3582.7
3118
2878.6
2612.7
2447
2315.7
2323.3
2250.9
2290.7
2281
2296.7
2379.6
2478.4
2545.3
2704.7
2742.7
2883.3
3107.1
3102
3277.1
3474.1
3614.7
3834.6
4135.4
4240.5
4285.8
4305
4337.3
4446.8
4434.5
4377
4279.5
4204.2
3997.1
3813.4
3730.6
3570.3
3379.3
3404
3025.4
2829.5
2563
2441.4
2205.9
2059.1
1811.9
1646.8
1560.8
1431.6
1412.6
1384.4
1398.3
1338.5
1350.9
1384.3
1506.9
1580.5
1628.2
1671.2
1823.9
1919.8
2078.1
2204.6
2412
2621
2741.8
2997.3
3217.3
3515.9
3909.3
4105.1
4314.6
4509.4
4633.9
4852.9
4853.9
4836.8
4855.6
4813
4795.1
4709.5
4678.6
4437
4274.5
4093.7
4008
3720.9
3482.4
3184.1
2903.5
2724.3
2544.2
2283
1989.5
1832.5
1577
1488.9
1366.5
1298.1
1253.5
1225.9
1227.3
1149.9
1205.6
1142.9
1118.4
1086.7
1114
1190
1142.1
1256.9
1276.6
1318.1
1425.3
1441.5
1541.4
1647.3
1788
1874.4
2056.6
2338.5
2438.2
2643.2
2837.2
2921.4
3150.1
3163
3060.3
3058.7
3053.5
3082.4
3105.6
3362.3
2969.8
2939.8
2809.6
2743.1
2633.3
2527.2
2345.1
2062.8
1804.7
1731.3
1645.4
1378.2
1206.5
1024.6
979.9
814
694.3
660.2
683.5
678.7
660.9
628.6
662.4
679.2
514.1
618.7
592.9
526.4
595.6
522.7
485.1
471.8
467.6
480.7
463.6
424
373.5
315.5
345.1
323.7
310.3
251.4
284.3
201.9
214.9
191.1
182.9
100.3
212.9
111.9
170.3
177.6
182.5
142
213.9
201.6
246.8
220.8
245.8
300.3
307.3
396.8
427.8
412.1
464
472.4
425.3
394.4
475.8
440.2
477
416.6
384.2
405.1
367
352.5
338.7
337.5
328.8
272.5
387.8
190.9
227.3
354.6
110.3
129.8
145.4
58
87
82.6
35.2
23.7
0
41.2
47.8
85.3
231.4
61.1
7.6
33.1
83.1
105.4
60.7
39.1
65.6
82.6
141.2
121.7
90
158.9
158.2
182.6
184.2
193.1
275
282.4
301.7
283.9
360.4
385.5
356.7
344.9
375.2
357
386.4
320.2
363.4
317.9
226.9
256.9
266.4
212.5
174.3
250.4
187.5
123.3
133.8
113
129
208.9
303.8
463.2
521.8
551.5
577.9
573.1
520.9
516.2
519.8
609.3
584.3
513.7
473.1
523.6
401.2
491.6
372.4
390.6
375.6
315.5
313.5
255.1
268.6
277.2
262.7
299.9
303.5
272.1
422.2
287.1
258.5
288
241.7
327.1
351.8
271.5
326.1
323.3
357.8
419.2
352
370.1
408.5
382.3
318.1
358.3
306
328.1
276.3
224.2
241.7
234.8
174.6
190.8