7215
5796.4
3845
2327.3
1483
1531.7
1847.4
2200.7
2686.8
3358.8
4196.6
5324.7
6756.5
8421.5
10440.9
12870.3
15825.3
18959.5
20952.8
19886.9
14756.1
8970.9
4122.8
2114.6
2185.1
2374
2738.9
3279.2
4007.2
4869
6126.2
7798.1
9645.4
12022.6
14932.2
18250.2
22517.9
27725.9
32116.7
34034.9
30232.4
20845.9
11522.1
3987.4
1596
1361.2
1230.1
1097.9
1114.4
1184.4
1023.7
976
1024.3
1194.6
1231.1
1386.5
1567.4
1766.9
2106
2483.6
2662.4
2810.1
2459
2019.7
1473.7
1142.1
1093
1193.8
1380.6
1758.2
2226.7
2845.6
3508.9
4301.9
5277
6158.4
6737.4
6579.5
5383.3
3799.7
2398.2
1517.1
1481.6
1753
1777.7
2075.6
2230.1
2481.6
3099.4
3877.8
5077.6
6510.1
8155.2
9593.5
11849
14097.3
15528.7
15413.2
12659.4
8768.4
5078.8
2388.2
1929
2114.3
2339
2551.5
2959.3
3424.1
4065.2
4886.4
5983.5
7127.2
8736.9
10711.8
12937.9
15543.2
18678
22977.2
27550.7
29932.1
29488.2
24894
17172.9
9708.5
3947.9
2079.2
1926.9
2026
2057.1
2361.4
2622.8
3012.6
3496.5
4193.9
5068.4
5991.8
7283
8694.2
10438.5
12467
14902.6
17578.4
20972.7
25733.2
29239.5
30181.4
28179.6
21973
14316.7
7498.4
3210.2
2462.6
2529.7
2713.2
2984.6
3353.2
3837.7
4535.8
5229
5566.7
5574.4
5011.7
3916.5
2806.8
1904.8
1569.7
1568.6
1653.8
1766.5
1989.2
2397.4
2756.5
3258.5
3983.6
4704.4
5354.7
6182.9
7329
8469.2
9053.9
8790.3
7758.9
5779.9
3688.4
2058.1
1331.9
1320.6
1314.9
1372.7
1424.3
1632.7
1696.7
1807.1
1987.7
2357.8
2871.9
3601.8
4424.9
5423
6382.9
7416
8700.1
10509.6
12184.6
13030.7
12974.8
11421.5
8428.5
5249.7
2698.5
1579.7
1511.6
1455.3
1550.9
1624.5
1663.3
1752
1959.1
2030.6
2206.4
2480.6
2839.2
3163.4
3681
4270.4
5002.7
5802.3
6819.5
7829.4
9159.3
10730.8
12788.1
14148.5
14392.2
13494.7
10906.9
7495
4199.1
1802.6
1068.9
901.2
868.3
867.6
949.5
905.5
1084.7
1182.7
1229.2
1274.6
1391
1560.8
1772.1
1920.6
2232
2519.9
2862.5
3368.7
3760.3
4410.1
5097.1
5821.8
6819
8098
9418.6
10098.4
10002.4
9490.9
7992
6316.5
4735.2
3568.2
3006.4
2577.3
1836.4
1282.1
1065.7
874.9
888.2
869
867.5
870.7
940.3
1030.8
1128.2
1245.4
1396.5
1603.9
1840.1
2125.4
2348.5
2656
3058.4
3623.5
4054
4214
4265.1
3761
3009.5
1996.8
1201.8
655.4
518.1
475.2
487.4
531.6
548.8
546.4
636.2
656.6
694.8
893.4
749.3
786.8
910.3
1041.9
1347.1
1440.9
1760.9
2039.9
2306.8
2711.8
3055.1
3557.2
4360.2
5021.7
5236.7
5281.6
4733.5
3864.3
2753.3
1756.3
1166.5
1020.3
1004.6
989.1
954.2
919.7
896.8
778.9
739.1
710.5
727.8
763.4
822.3
833.1
938.1
1029.5
1111.2
1229.1
1457.5
1532.3
1691.2
1897.1
2171.9
2479.7
2837.6
3179.3
3728.6
4313
4917
5120.4
5061.3
4621
3937.2
2931.6
1859.9
1069.6
681.4
581.3
583.6
592.9
647.9
636.4
639
702.9
737.1
739.6
753.8
827.9
853.2
880.1
932.2
983.7
1067.8
1204.5
1411.1
1511.2
1698.4
1932.1
2275.1
2572.5
2799.3
2919.6
3014.9
3000.3
2936.2
2879.1
2873.2
2967.1
2971.2
2863.1
2650.9
2375.8
1842.4
1326.8
980
683.8
644.3
618.1
651
725.9
801
836
949.7
1012.2
1188.5
1293.9
1433.5
1526.9
1707.4
2019.8
2281.8
2482.4
2416.9
2369.1
2145.2
1858.4
1416.1
915.3
602.6
475
522.1
495.5
484.8
444.1
496.3
480.7
598.8
506.7
547
587.9
577
587.4
664.2
635.3
599.8
643
684.7
687.4
768.9
849.8
1001.9
1100
1342.9
1432
1623.1
1749.7
1942.7
2226.6
2595.4
2864.7
2920.4
2885.4
2857.8
2699.1
2399.2
1960.8
1678.3
1477.7
1374.3
1287.1
1251.2
1095.4
963.2
791
624.8
542.8
477
548.3
623.2
730.2
882.2
913.1
961.7
1043.9
1126
948.6
863.3
725.1
764.9
834.8
892.2
975.1
1019.6
1104.2
1122.8
1287.9
1366.3
1395.7
1568.7
1656.8
1793.3
1956.1
2153.4
2223.2
2191.6
2029.2
1922.2
1695.6
1353.1
1083
818.2
610.8
558.6
593.5
551.5
539.7
567.2
495.8
581.6
587.6
602.9
625.8
674.3
754.9
822.9
878.8
928.6
953.5
963.1
922.3
835
847.7
685.7
566.8
482.9
464.2
436.6
467.2
490.8
600.2
565.6
564.7
651.4
644.3
701
719.7
797.4
809.2
840.2
943.5
986.6
1032.8
1059.6
1051.1
982.7
979.5
1001.1
952.8
868.3
831.8
891.1
920.7
989.9
1011.2
1130.9
1231.8
1247.4
1215
1157.4
1118.7
1065.4
1001.8
820.5
683.3
629.4
589
631.2
561.2
526.9
559.6
525.7
520.2
492.4
563.9
482.2
472.6
498.1
460
487.7
540.8
560.1
733
612.1
660.3
665.3
728.8
805.9
838.8
848
833.7
906.8
971.9
1031.2
1069.4
1090.1
1169.7
1335.1
1299.5
1376.9
1451.1
1556.4
1668.8
1791.6
1891.8
1916.4
1947.7
1936.4
1914.2
1918.1
1909
1766.7
1662.7
1533.9
1493.8
1353.6
1228.1
1110.9
972.6
866.2
819.9
804.3
756.7
673
634.2
647.2
639.5
593.7
535.8
529.7
497.5
521.9
580.1
640.8
666.5
571.2
528
534.6
491.7
505
510.9
495.8
458.7
491
486.8
536.4
491.2
519
509.4
492.2
478.9
471.1
592.1
526.8
495.5
505.4
588.9
586.8
637.1
753.6
721.2
681.9
669.2
702.4
590.8
605.6
658.5
622.8
685.5
742.9
803.7
943.1
997.2
1194
1206.8
1337
1492.1
1589.6
1683.2
1715
1756.8
1878.8
1914.3
1958.5
1987.5
2000.1
2006.4
2031.1
2008.4
2049.5
2127
2056.5
2012.8
2006.7
2068
2150.6
2142.8
2170.1
2206.8
2243.7
2204.9
2205
2124.5
2124.3
2042.8
1993.4
1936.2
1999.9
1964.8
2067.7
2041.6
2084.2
2099.8
2083.6
2129.4
2148.8
2145.4
2102.9
2058.4
2126
2081.3
2046.4
2006.7
2078.1
1965.7
2014.7
2021.7
1971.6
1986.4
1956.6
1912.5
1840.4
1814.6
1744.9
1630.4
1564.1
1476.5
1487.9
1480.1
1499.6
1523.5
1514.5
1578.9
1620.5
1652.2
1730.9
1720.2
1662.3
1659.1
1595
1572.6
1469.4
1408.2
1374.9
1323.3
1281.9
1222.5
1251
1188.5
1198
1256.9
1308.8
1293.7
1303.7
1318.8
1284.1
1269.8
1197.9
1235
1244
1168.7
1230.7
1156.6
1168.4
1146.5
1153.6
1125.4
1170.4
1212.3
1294.4
1313.1
1346
1354
1337
1310.2
1321.9
1224.5
1160.1
1054
1073
803
766.3
746.9
678.6
670.7
655.4
664.1
670.1
669.7
725.2
651.2
759.9
741.6
751.8
745.7
773
818.7
870.8
868
853.6
875.8
1024.2
964.6
1024.6
1015.8
1085.5
1123.9
1144.4
1144.6
1200.9
1251.4
1252.2
1295.8
1290.3
1391.5
1527.5
1589.1
1750.3
1838.6
2011.2
2179.1
2482.8
2756.9
3203.5
3724.9
4200.1
4749.1
5226.8
5533.2
5655.1
5802.2
5916.5
6028.1
6102.5
6199.2
6392.8
6415.6
6374
5957.5
5667.5
5461.8
5258.6
5295.5
5405.9
5800.8
6360.3
7112.4
7616.7
8035.5
8397.8
8497.4
8581.7
8768.1
8763
8918.1
8925.8
8994
8981.8
8691.8
7827.7
7278.8
6780.6
6571.9
6296.2
6470.1
6890
7533.1
8142.7
8713
9233.2
9430.7
9510.1
9580.4
9587.3
9824.4
9920.7
9985.9
10234.2
10141.1
9646.2
8794.3
7953.4
7389.5
6818.1
6603.7
6603.5
7045.2
7687.6
8279
8943.5
9589.3
9925.4
10031.1
10048.8
10023.1
10085.3
10274.6
10465
10480.5
10612.5
10301.1
9780.6
8821.6
7695
6939
6513.5
6220.4
6249.1
6595
7086.4
7620.4
8217.8
8896
9263.1
9316.3
9285.4
8966.6
8978.5
9131.7
9402.4
9387.7
9595.4
9471.2
8905.8
8272.4
7126.4
6423.7
5762
5485.1
5499
5913.6
6255.7
6794.8
7325.3
8020.9
8634.2
8892.6
8954.1
8750.8
8476.1
8483.8
8677.3
8998.5
9012.4
9320.9
9212.4
8904.1
8155.9
7066.8
6350.7
5520.8
5235.4
5297.7
5604.9
5750.3
6120.8
6649.3
7159.1
7774.6
8170.3
8193.5
7946.4
7627.4
7348.6
7370.3
7685.9
7877.7
7803.6
7893.2
7560.5
7409.1
6273.3
5213.4
4468.7
3709.5
3430.6
3311.6
3400.2
3292.7
3332.7
3479.9
3709.1
4162.7
4171.3
4333.4
4161.4
3984.6
3878.8
3876.6
4069
4407.8
4314.7
4449.6
4229.2
4106.6
3761.3
3067.5
2630.9
2257.6
2182
2205.4
2280.8
2331.2
2397.9
2482.9
2662.3
2891
3072
3054.8
3048.5
2879.1
2746.3
2685.7
2699.2
2820.9
2796.1
2731.6
2730
2664
2526.2
2318.2
1955.6
1738
1661.3
1651.1
1636.2
1656.2
1783
1908.8
2057
2318.6
2586.2
2967.8
3185
3447.3
3642.8
3698.5
3596.9
3436.1
3518.2
3438
3601.9
3631.5
3707.3
3607.3
3465.6
3360.2
3347.3
3082
2556.8
2285.7
2258.3
2348.9
2360.9
2379.9
2431.9
2671.8
2948.1
3352.8
3764.7
4250.4
4784.6
5304.2
5717.5
6123.6
6168.2
6067.1
5685
5627.2
5752.9
5871.9
6102.5
6188.1
6078.4
5689
5604.7
5646.9
5214.1
4419.8
3585.3
3319.6
3431.6
3526
3458.9
3418.2
3564.2
3834.3
4303.7
4777.1
5385.5
6107.9
6927.1
7610.4
8172.8
8693.3
8891.2
8599.2
8047.5
7787.2
8186
8409.8
8705.5
8971.4
8695.9
8178.6
7857.6
8012.3
7696.9
6582.7
5090.8
4714.2
4785.7
5018.9
4798.3
4661.6
4688
4871.7
5429.7
5987.9
6679.7
7502.7
8373.1
9421
10309.8
11068.5
11634.6
11787.8
11294.3
10584.7
10349.8
10858
11270.4
11614.2
12114.1
11665.8
11085.8
10357.8
10788
10424.5
8944.6
6809.4
6010.9
6243.1
6305.3
6319.2
6131.6
6108.7
6234.5
6842.1
7483.1
8349
9332.1
10447.4
11679.6
12996.9
14158.2
15046.5
15747.7
15524.8
14980.3
14026.8
13917.5
14580.3
15122.5
15494.2
16108.4
15689.6
14809.6
13911.9
14497.4
14048
12070.7
9352.6
8139.9
8539.6
9380.1
12737.5
18026.1
20186.2
18970.9
13564.5
11223.3
11369.6
12303.6
13503.5
15021.6
16686.6
18138.8
19390.2
20527.5
20990.8
20639.3
19776.3
18735.9
18819.9
19507.2
20144.8
20856.4
21433.1
20895.8
19774.2
18690.3
19013.7
18254
15661.8
11999.4
10127.9
9795.9
9812.5
9772.2
9342.7
8914
8600.3
8699
9249.5
9950.4
11070.9
12109
13389.2
14814.2
16080.2
17448.7
18446.7
19365.3
19454.6
19065.5
18184.8
17426
17459.8
17960.2
18365.8
18938.8
19137.5
18617.8
17738
17040
16799
15995.6
13787.2
10893.8
8977.7
8132.4
7808.9
7640.8
7387.8
6829
6590.4
6355.5
6475.8
6877.7
7345
7902.5
8631.1
9527.7
10410.2
11322.1
12048.3
12732.2
13107.9
13332.9
12952.5
12517.5
12018.2
12050.1
12157.8
12505.4
12740.7
12903.4
12637.7
12086.6
11665.3
11234.2
10475.4
9233.4
7546.7
6153
5377.2
4846.7
4482.1
4256.3
3890.3
3563.9
3360.8
3156.3
3118.2
3222.3
3455.6
3640.1
3906.5
4297.7
4513
4800.4
5092.4
5348.6
5452.3
5529.4
5376.8
5224.1
5111.7
5034.1
5125.2
5087.8
5302.7
5179.5
5155.6
4959.5
4866.6
4536.2
4347.4
3832.2
3214.7
2706.8
2271
1920.4
1672.6
1491.5
1351.2
1209.7
1036.9
838.9
833.8
656.2
637.6
593
542.5
564
518.5
572.3
554.8
515.3
513.4
469.3
471.6
463.5
500.3
518
543.7
486
498.7
472.4
583.5
490.4
496.8
542.4
562.4
607.3
533.8
693.5
609.6
565.7
569.9
618.3
570.6
696.6
634.2
657.6
642.7
679.1
782.3
833
904.4
905.6
879.8
877.4
870.9
902.2
827.5
895.2
932.3
1046.2
968.8
1006.4
1032.1
1113.2
1199
1205.6
1230.4
1315.5
1440.8
1506
1757.8
1875.4
1970
2120.6
2455.7
2637.5
2798.6
3024.3
3234.2
3996.6
5801.4
6266.2
5335.3
3051.2
1522.8
1360.5
1398.1
1560.2
1549.1
1594.8
1757.7
1947.5
2156.4
2396.5
2664.5
2962.7
3397
3716
4233.7
4745.7
5388
6025.9
6782.4
7591.3
8457
9429.9
10430.5
11619.5
12879.4
14081.1
15206.3
16558.2
19404.8
25284.3
31100.7
31485.5
24964.5
14249.8
7224.2
4539.2
3783.3
3466.4
3178.9
2997.1
2744.6
2623.8
2629.6
2537
2640.7
2575.4
2709.8
2641.1
2757.1
2832.9
3009.2
3153.1
3419.4
3658.4
3952.3
4271.4
4608.8
5027.8
5363.4
5822.7
6277
6673.9
7091.3
7409.6
7660.2
8041.1
8101.4
8354.9
8363.3
8415.1
8521
8618.4
8686.6
8714.7
8576.4
8643.9
8649.5
8577.1
8362.7
8092.8
7956.3
7720.6
7364.7
7098.6
6778.9
6463.7
6173.2
5886.9
5590.3
5351
5207.1
5052.4
5206.2
5141.4
5313.8
5627.6
5847.7
6176
6537.1
7144.2
7567.7
8217.2
8896.1
9638.8
10390.6
11189.4
12183.4
13106.9
13830.9
14370.5
14954.5
15223.3
15504.3
15600.4
15769.9
15618.8
15603.5
15615.3
15737.2
15771.5
15630
15487.6
15457.6
15460.8
15260.2
14873
14399.7
14015.2
13852.1
13471.4
12905.6
12387.4
12126.7
11712.5
11495.5
11180.6
11097.3
11199.8
11371.6
11458.9
11513.3
11553.5
11627
11517.1
11364.8
11216.3
11304.5
11375.7
11422.8
11640.9
11985.2
12526
13332.5
14139.4
15052.6
16074
16990.6
17975.6
18692.9
19481
20232.1
20948.7
21749
22135.2
22667.2
23264.9
23954.4
24410.6
24618.7
25024.4
25526.8
25918.7
26545.6
27052.7
27459.9
27641.9
27779.9
27503.6
27005.3
26074.5
24574.4
23067.1
21302.8
19650.1
18134.3
16625
14979.6
13515.6
12120.3
10922.3
9939.1
9426.1
9062.9
9064.1
9246.3
9531.2
9880.5
10286.4
10886.9
11651.8
12577.1
13359.1
14373.9
15594.7
16723.2
17809.4
19105.3
20390.7
21580.4
22659.2
23875
24934.4
26124.2
27345.5
28890.3
29881.7
31127.1
32221
32725.1
32696.4
32387.4
32172.6
31164.6
30010.1
28904.8
27512.7
26021.8
24588.6
23097.1
21379.8
19706.1
17914.4
16164
14537.5
13365.9
12219.4
11286.4
10444.6
9735.9
9171.6
8721.5
8261.4
7924.1
7610.4
7476.7
7443.4
7508.5
7633.4
7923.8
8110.7
8412.1
8840.9
9339.4
10018.8
10529.9
11183.1
11959.2
12763.5
13317.4
14031.8
14607.8
15116.1
15605.2
15984.6
16410
16593
16869.6
17189.6
17214
17392.8
17578.3
17678.9
17508
17495.4
17205
17114
16782.9
16471.2
16064.5
15583.9
15123.8
14745.5
14429.8
14232.8
14218.5
14287.7
14273
14148.7
13965.1
13823.7
13488.5
13241.3
12274
11529.8
10904.3
10288.6
9668.4
8983.1
8459.2
7919.5
7289.2
6661.9
6027.1
5557.7
5032.2
4419.5
3828.3
3408.2
2986.7
2770.1
2552.9
2431.2
2254.9
2311.7
2239.2
2330.6
2304.9
2378.5
2436.3
2555.5
2670.7
2801.8
2851.4
2984.2
3161.7
3184.6
3434.6
3620.5
3807.7
4005.1
4228.5
4283.5
4388
4384.4
4403.7
4476.7
4406.7
4351.4
4221.5
4140.8
3899.4
3746.1
3618.1
3493.8
3258.8
3254.2
2807.2
2609.5
2373.9
2300.9
2093.2
1883
1691.9
1545.5
1470.6
1392
1359.3
1382.8
1403
1327.4
1357.5
1416.4
1548.7
1573.3
1654
1738.7
1889.2
2017.2
2178.1
2291
2521.6
2725.4
2890.6
3174.8
3390.7
3676.4
3985.7
4211.6
4396.9
4568.7
4686.9
4864.2
4764
4787.7
4776.4
4739.1
4667.7
4574.5
4519.8
4241.7
4064.1
3926.7
3838.9
3543.4
3196.7
2938.5
2703.6
2563.7
2352
2028.8
1760
1685.5
1435
1392.4
1276.8
1245.3
1222.5
1164.2
1177.7
1106.8
1183.2
1123.7
1110.1
1095.4
1135.9
1169.4
1186.5
1253.3
1321.3
1323.9
1434
1472.7
1584
1681.2
1805.3
1920.7
2130.2
2384
2543.2
2764.5
2842.5
2910.2
3113.9
3115.5
3024.8
2991.1
2977.7
2995.4
3040.6
3215.5
2838
2762.9
2684.8
2627.3
2491.6
2292.3
2070.7
1838.4
1690.1
1589.8
1490.8
1203.4
1074.4
918.9
860.5
775.7
659.7
655.3
656.5
684.9
649
659.5
656.3
700
509.8
633.6
612.8
542.8
652.7
522.3
472.1
503.8
470.7
478.8
453.5
403.6
342.2
327.6
323.3
303.1
293.1
256.3
276
161.9
197.3
186.9
204.2
101.4
211.7
123.5
159
181
195.6
152.4
219.1
214.2
246.2
259.2
279.1
311.4
331.4
405.2
477.6
451.5
454.2
490.7
458.3
398.6
466.2
436.4
464.5
421.8
410.7
401.2
362
340.9
314.4
326.1
297.5
270.8
345.4
187.5
203.1
316.4
105.7
106
133.3
109.8
82.5
65.3
37.6
0
8.8
48.9
66
86.8
210.5
89.9
2.3
38.6
53.1
120.7
71.2
65.9
80
108.1
132.5
114.6
98.4
150.6
174.2
186.9
156.3
204.6
277.2
284.6
308.3
322.9
340.9
384.8
356.6
340.4
382.5
366.3
385.7
298.9
326.2
277.6
228.9
216.3
250.2
179
185.3
218
181.8
113.9
150.2
154.8
169.6
273
440.8
630
604
650.8
594
593.4
549.6
543.9
587
680.6
650.1
540.4
510.3
485
382.9
496.5
365.7
354.9
342.5
292.1
303
260.9
272.1
271.5
243.3
264.1
273.7
250.1
415.5
285
237.5
285.7
230.9
287.5
337.2
272.8
308
312.9
379
411.7
367.5
376.9
399.4
374.9
309.7
347.8
292.1
302.3
228.3
166.7
179.9
188.4
138.5
149.5