NaN
NaN
4397.1
2594.9
1368.7
1357
1555.5
1828.5
2265.9
2787.7
3530.7
4474.7
5691.5
7106.5
8990.5
10928
13473.1
16221.1
18735.3
19579.8
16139.7
10371.2
5281.2
2239.5
1867.7
2008
2382.5
2760.5
3312.6
4053.4
5132.7
6302.6
7937.6
10132.6
12352.6
15152
18581
22842.5
27322.2
30832
30359.1
23176.3
13663.4
5599.3
1638.4
1180.6
1055.3
1000
955.4
863.6
885.2
1045.7
894.8
889.4
1007.8
1213.1
1297.8
1503.4
1791.8
2117.1
2445.4
2686
2500
2102.3
1498
1118.2
976.5
1084.2
1155.8
1387.2
1782.4
2347.3
3037.6
3658.3
4471.8
5370.6
6131.5
6577.9
5864.6
4268
2669.7
1517.1
1261.2
1320.4
1468.1
1815.3
1845.2
2228.6
2615
3130.6
4252
5449.1
6787
8313.1
10152.4
12275.3
14179.9
14962.6
13622.6
9966.9
6040.2
2933.3
1771.8
1759.5
1899.4
2196.9
2517.6
2874.1
3431.2
4126.9
4981.1
6043.8
7491
8950.7
10944.6
13337.7
15913.3
18970.9
23533.8
27080.6
28703.3
26195.4
19239.8
11704.5
5250.7
2030.5
1755.9
1756.9
1795.3
2041.9
2171.7
2587.9
2906.2
3486.2
4187.3
5000.6
6116.2
7295.5
8881.6
10598.5
12542.7
14960.1
17677
21416.6
25533.6
28087.6
27625.9
23125.3
15985.6
9069.8
3859.2
2236.2
2268.6
2395.6
2706.7
2982.7
3375.4
3929.8
4727.2
5424
5606.8
5211.3
4266
3057.7
1991.3
1412.3
1306.5
1436.2
1512.5
1645.1
1877
2227.7
2878.1
3396.6
4111
4812.8
5593.1
6519.7
7787.2
8645.7
9015.1
8222.4
6402.6
4293.9
2338.6
1261.3
1163.2
1157.1
1199
1243.1
1384.2
1430
1619.8
1716.4
2034.2
2409
3027.1
3845.9
4794.3
5658.3
6736.4
7689.4
9189.8
11039.2
12441.5
12876.2
11888
9295.7
6157.7
3247.1
1526.9
1248.3
1266.5
1325.8
1313.7
1443.6
1540.2
1592.4
1743.9
2039.3
2169.1
2439.2
2792.7
3231.7
3764.7
4391.8
5185.5
6005.2
6931.4
8086
9391.7
11372.7
13049.6
13891.8
13381.8
11458.9
8392.4
4880.1
2221.2
911.3
773.9
773.3
747.5
733.3
738.6
839.2
837.3
1066.7
1125.8
1208.1
1334
1483.1
1672.3
1926.7
2119.6
2499.7
2822.9
3298.3
3830.8
4343.1
5099.3
5884.9
6965
8314.3
9260.4
9589.8
9305.1
8125.5
6597.2
5015.5
3709.2
3178.8
2613.7
1906.9
1353.4
819.7
679.1
865.8
740.4
778.7
716.3
720
726.2
798.9
989.1
1138.4
1337.9
1563
1781.4
2065.3
2384.4
2708
3153.3
3763.2
4153.4
4133.5
3875.2
3325.4
2202
1312.8
594.5
384.8
355.3
366.8
335.5
357.8
419.1
425.2
481.4
512.7
552.6
553.4
857.2
682.4
795
967.2
1203.2
1573
1690.4
2079.2
2377.5
2677
3184.9
3726.8
4515.7
4935.3
5018.5
4699.1
4189.9
2937.7
1786
989.6
707.6
717.8
712.7
695.8
666.8
618
572.2
574.8
525.8
550.8
543.7
596
634.3
696.7
715.7
870.4
951.1
1076.2
1189.6
1544.8
1550.9
1798.9
2079.3
2381.8
2720.9
3189.8
3666.4
4393.9
4740.2
4810
4491.4
3995.8
3032.5
1952
1018.3
488.2
404.1
437.9
380.4
422.7
432
487.5
443.3
435.5
523.7
567.1
574.8
633.5
724.6
744.6
837.8
899
988.1
1078
1247.9
1516.2
1653.7
1934.3
2262.9
2614.2
2736.4
2795.6
2754.5
2752.1
2559
2500.1
2579.2
2626
2621.9
2430.6
2149.1
1776.4
1239.7
780.6
545.1
522.4
432.5
466.5
470.3
518.2
605.1
682.9
775.7
906.1
1021.5
1125.1
1283.6
1436
1630.3
1916.2
2218.8
2280.4
2265.5
2082.1
1854.3
1360.9
862.5
511.9
280.9
235.2
267.9
273.9
288.4
293.6
268.9
312.2
311.8
425.4
284.9
339.7
368.8
392.2
402.8
466.3
432.1
415.3
456.7
566.8
594.4
685
827.4
960.9
1082.4
1305.2
1395.4
1591.1
1802.2
2072
2409
2594.3
2602.5
2528.9
2354.2
2123.7
1699.7
1285.5
1036.3
1031.1
933.2
837.9
758.9
706.7
515.4
402.3
356.4
266
267.5
375.7
534.4
609
674.3
742.5
809.7
870.1
795.5
777.6
545.8
504.5
531.4
573.8
696.1
737.6
816
885.9
968.1
1004.8
1194.9
1237.8
1304.8
1477.9
1608.8
1768.5
1901.2
1903.9
1815.7
1675.4
1557.8
1292.3
969.1
605.2
473.8
393.6
374.6
318.4
381.2
350.2
318.1
411.4
351.8
422.9
425.2
480.6
468.2
559.5
699.7
794.1
790.4
802.8
749.9
679.4
627.9
518
441.9
283.3
251.2
234
284
252
297.7
300.4
470.6
389
384
475.8
488.7
510.9
562.7
619.5
678.7
746.3
867.8
827.6
808.9
844.3
794.3
741.6
677.2
670.5
631.7
660.6
667.3
768.2
753.8
874.1
927.4
988.4
1024.1
1015.1
916.1
859.6
742
668.8
557.7
404.5
389.8
344.3
356.5
372.1
298.9
296.2
341.9
314.8
317.8
269.5
367.4
290
267.8
289
296.4
351.3
417.3
449.7
599.5
499.9
536.9
532.7
600
622.6
671.8
711.7
716
789.3
821.2
888.5
968
971.4
1046.8
1254.8
1207.3
1293.4
1341.2
1519.9
1569.5
1645.3
1648.6
1660.8
1671
1582.2
1532.1
1440.9
1383.1
1203.1
1182.2
1103.9
1065.7
939.1
829.9
758.8
682.9
629.6
640.5
596.8
503.8
444.6
405.9
479.3
447.7
453.7
354.7
369
356.3
353.9
399.9
491.2
523.3
366.8
289.6
327.9
274.6
263.7
323
291.5
313.3
291.1
312.6
330.5
287.9
303.5
333.1
302.8
309.4
292.7
449.4
377.2
349.7
395.7
468.4
456.5
450.8
571.2
547.4
464.3
460.1
440.5
359.2
400.7
525.5
506
604.8
691.9
772.2
870.9
962.5
1148.8
1201.8
1320
1443.6
1459.1
1535.4
1607.6
1681.9
1786
1773.1
1766.1
1838.9
1838.5
1802.9
1831
1841.8
1898.4
1985.1
1870.8
1845
1889.5
1949.2
2012.2
1975.1
2004.1
2043.2
2016.3
1982.6
1921
1900
1917.6
1741.5
1771.2
1751.5
1845.8
1811
1996.9
1922.3
1943.7
1929.7
1948.6
1939.6
1925.2
1924.2
1862.6
1872.6
1958.1
1905.4
1870.6
1858.5
1877.4
1827.1
1865
1778.7
1779
1767.1
1748.1
1658.6
1587.8
1523.3
1461.5
1333.6
1311.1
1244.3
1322.5
1381
1361
1471.6
1407.9
1440.4
1528.8
1571.4
1604
1502.5
1463.9
1448.1
1322.1
1295.7
1229.4
1168.8
1132.1
1062.6
998.9
1012.4
1044
993.6
1013.3
1065.9
1140.7
1079.3
1069.1
1095.6
1042
989.7
1011.6
1030.3
989.3
924.7
950.8
889.2
923.5
854.7
902.2
888.8
933.1
976.1
1066
1053.7
1047.3
1012.5
978.5
921.8
915.8
813.7
732.1
644.8
719.6
486.3
483.6
539.1
427.5
442.9
446.6
467.3
469.4
475.3
529.2
457.3
572.2
533
537
558.1
547.4
635.7
659.1
642.2
665.5
683.6
786.9
722.4
791.2
799.3
831
867.9
886.7
922
992.9
1029.7
1032.9
1102.7
1181.1
1326.6
1476.9
1569.1
1738.8
1911.3
2171.8
2448.6
2785.2
3287.7
3827.3
4399.9
4822.4
5215.6
5491.6
5689.7
5768.4
5889.2
5982.8
6091.8
6174.1
6355.8
6351
6070.1
5749.2
5384.8
5188.8
5056.6
5066.3
5447
5985.1
6572.7
7253.9
7834.3
8169.3
8220.7
8420.9
8460.5
8613.2
8852.2
8747.1
8968.2
8953.9
8607
8082.2
7539.6
6846.6
6495.2
6144.7
6182.2
6572.5
7152.8
7724.1
8410.6
8961.7
9161.2
9424.6
9423.4
9505
9580
9800.9
9861.5
9973.4
10151.2
9799.9
9120.3
8261.6
7521.5
6942.6
6488.8
6378.9
6682
7139.3
7811.3
8454.1
9237.9
9668.3
9812.1
9853.4
9788.1
9803.4
9956.6
10172.3
10279.3
10440.2
10381.3
9963.4
9025.7
7955.2
7251
6424.7
6049.4
6025
6247.4
6634.9
7175
7731.5
8385.6
8930.2
9149.8
9109.9
8868.4
8882.9
8761.4
8993.6
9265.1
9264.8
9456.6
9048.1
8518.7
7332.5
6497
5807.6
5408
5213.6
5487.3
5741.3
6295.2
6777.3
7351.3
8042
8457.1
8655.7
8435.4
8228.1
8126.3
8076.8
8565.4
8709
8781
8797.4
8785.3
8211.3
7212.9
6186.9
5487.5
5118
4876.9
5063.5
5303.2
5560.6
5953.4
6391.8
7063.6
7525.8
7673.8
7748.8
7355.6
7076.6
6953.1
7023.9
7388.6
7371.4
7343.3
7280.9
6932.7
6343.2
5444.2
4388.5
3645.2
3235.4
3101.2
3041.5
2964.1
3102.8
3171.4
3303.8
3522.4
3822.6
4171.6
3999.8
3807.1
3670.3
3580.6
3619.3
3939.8
4013.9
4074.1
3985.5
4075.7
3677.4
3116.6
2514.4
2180.9
1963.3
1969.5
2020
2073.7
2133.3
2297.2
2393.2
2529.8
2770.4
2880.1
2903.5
2694.8
2626
2508.1
2539.9
2526.8
2580.1
2680.2
2521.7
2514.7
2460.3
2284.3
1894.9
1642.1
1473.5
1438.8
1522.2
1542.2
1560.9
1675.9
1873.2
2076.1
2334.7
2624.4
2941.1
3277.8
3418.9
3607.4
3549.8
3340.5
3309.9
3358.6
3538.5
3548
3658.4
3502.4
3366.8
3283.9
3233.5
3093.5
2650.1
2264.9
2097.6
2154.8
2207
2244
2249.6
2405.9
2621.7
3017.9
3363
3836
4358.9
4941.4
5359.2
5810.9
6002.4
6016.7
5660.4
5455.1
5514.5
5717.5
5929.4
6067.6
6027.9
5697.3
5447.1
5476
5403.8
4748.5
3780.1
3324.5
3250.3
3404.7
3336.6
3299.4
3379.4
3532.4
4019.6
4354.1
5058.1
5623.9
6415.4
7167.1
7874.7
8325.3
8710.8
8681.9
8272.9
7804.9
7838.3
8297.6
8461.9
8757.5
8810.6
8341.2
7800.9
7738.3
7969.5
7052.6
5640.8
4582.1
4626.9
4800.3
4776.5
4601.2
4524.8
4577.5
4996.5
5535.2
6113.2
6947.9
7739.4
8783.1
9683.4
10502
11093
11666.5
11352.2
10816.3
10161.5
10349.3
11005.7
11151.4
11597.1
11765.1
11219
10465.1
10243.3
10549.8
9522.5
7648
5959.3
5890.2
6123.2
6281.3
6025.1
5981.8
5997.9
6355.9
6995.4
7679.3
8641.2
9566.1
10812
12106.7
13282.4
14200.2
15109.4
15397.6
14999.6
14097
13466.6
13863.9
14644.9
14797.9
15513
15562
14965.3
14003
13590.6
13917
12956.6
10459.8
8165.9
8066.1
8455.3
10331.9
15192.7
19231.8
19992.1
16242.8
11752
10864.4
11453.6
12431.5
13721.3
15337.5
16945.9
18309.1
19294
20157.2
20405.6
19747.1
18500.4
18054
18510.1
19315.9
19759.5
20548.4
20483.2
19844.9
18590.4
18217.5
18110.2
16608.3
13460.2
10523.5
9687.7
9557.7
9500.6
9324
8904.5
8622.3
8376.1
8778.9
9449.6
10186
11179
12357.7
13670.7
15006.3
16373.1
17371.4
18394
18911.1
18928.3
18124.7
17189.1
16896.1
17196.2
17658.9
18212.1
18507.3
18447.8
17755.5
16768.7
16332.4
16082.9
14499.9
11963.1
9507.1
8145.9
7690.7
7472.2
7278.5
6899.9
6643.8
6157.3
6274.3
6386.8
6835.8
7374.5
8031.2
8743.4
9557.5
10532.1
11248.2
12010.6
12529.8
12820.6
12710.2
12383.7
11821.8
11695.8
11606.4
11888.5
12181.4
12431.4
12250.4
11979.6
11466
11013
10537.7
9512.6
8108.6
6623.2
5506.2
4797.1
4495.8
4177.7
3836.5
3543.6
3221.8
3064.7
3003.4
2948.2
3085.7
3271.5
3600.6
3804.6
4069.7
4489.2
4653
4938.8
5153.5
5211
5153.6
5089.1
4876.8
4785.3
4769
4808.3
4958
4860.6
4999.3
4787.4
4688.8
4445.8
4207.4
3787.9
3315.6
2759.5
2245.4
1947.8
1680.6
1400.9
1217.5
1059.2
938.4
797.2
676.6
520.5
562.9
420.9
397.7
418
355.6
375.4
343.8
407.3
392.4
370.3
367.8
322.5
303.5
335.6
334.7
354.5
385.1
310.8
347.3
352.3
420.2
328.7
365.3
389.7
400.8
467.3
369.7
544.7
438.8
369.9
392.8
421.9
406.7
511.9
471
532
523
546.4
710.1
762.9
768.2
643.4
644.8
685.4
710
755.9
730.5
781.6
787
930.7
852.5
884.6
921.5
973.1
1074.4
1095.3
1145.7
1244.7
1394.1
1459.6
1770.3
1873.9
1959.4
2161.1
2459.5
2611
2776.4
3091.5
4295.3
5725.2
5522.5
4102.8
1833.1
1232.6
1280.4
1219.2
1339
1524.4
1529.8
1680.3
1851.4
2045.3
2296.2
2592.4
2869.2
3289
3751.2
4135.8
4692.9
5281
5920.7
6619.6
7463.6
8293.1
9158.5
10217.7
11218.4
12332.3
13505.6
14758.2
16193.8
19867.7
25827.2
29695.1
27527.1
18825.6
9830.7
5325.6
3832
3396.4
3105.7
2875
2707.1
2570.9
2419.4
2363
2428.9
2389.1
2516.5
2474
2663.7
2607.8
2778.5
2910.3
3143.6
3321.5
3647.4
3883.2
4223.6
4631.3
4974.2
5332.9
5735.3
6170.4
6597.3
6945
7263
7486.1
7632
7960.1
7924.1
8133.1
8123.8
8237.9
8303.5
8352.8
8314.6
8287
8310.3
8330
8185.5
7894.1
7700.4
7534.3
7342.2
6984.8
6652.2
6369.9
6039.6
5840.6
5543.6
5336.9
5141.2
4947.5
4919.9
4926.8
5131.8
5175.4
5483.1
5923.7
6173.3
6613.2
7112.5
7754.6
8314.4
8966
9768.3
10540.8
11384.7
12152.3
13163.4
13859.8
14359.3
14744.1
14959
15040.7
15330.2
15373.4
15384.3
15195.7
15294.3
15361.7
15250.3
15137.3
15018.8
14997.3
14997
14590.5
14230.3
13816.6
13621.5
13235.4
12900.2
12475.5
11998
11639.5
11388.4
11097.2
10894.5
10911.8
11046
11126.3
11355.9
11242.2
11421.2
11291.2
11254.3
11062
11024.3
11127.5
11240.6
11443.4
11580.6
12068.1
12620.4
13335.2
14358
15121.3
16118.5
17035.2
17867.8
18618.6
19253.4
20071
20797.3
21300.4
21959.9
22309.7
22943.5
23583.2
24003.3
24226.8
24413
24889.3
25629.9
25880.1
26427.8
26704.2
26918.1
26733.9
26487.3
25757.4
24699.1
23217.7
21562.6
19991.4
18361.3
17064
15395.5
14098.4
12499.3
11377.9
10273
9500.9
9003.2
8908.2
8856.9
9074.1
9456.5
9847.1
10401.8
10949.9
11691.5
12594.3
13621.2
14509.8
15541.8
16727.7
17937
19012.4
20183.1
21395.9
22341.7
23415.6
24632
25757.2
26960.7
28198
29385.2
30327.3
30884.1
31450.4
31401.9
30975.8
30352
29630.3
28371.5
27058.1
25787.9
24510.9
23044.6
21490.4
19809
18121.9
16680.5
15009.3
13573.1
12399.5
11487.9
10549.8
9887.2
9204.8
8702.1
8258.2
7842.2
7590.9
7368
7218
7236.1
7264.9
7508.8
7693
8170.7
8408.3
8806.1
9252.9
9882.5
10586.5
11170.6
11851.8
12573
13352.1
13842.7
14434.7
14925.1
15327
15740.6
15990.2
16326.6
16486.4
16649.8
16889.5
16906
16962.5
17018.2
17003.3
16858.1
16608
16409.2
16200.4
15621.7
15276.7
14775.5
14382.9
14140.9
13900.5
13755.2
13748.1
13836.9
13782.7
13583.2
13566
13228.6
12928.7
12292.6
11879.7
10893.5
10316.7
9749.6
9142.6
8552.5
8005.1
7430.7
6809.1
6289.3
5764
5248.6
4629.6
4066.5
3530.6
3178.8
2825.7
2542.9
2430.5
2253.5
2198.9
2153.8
2208.1
2167.8
2326.1
2338.9
2368.1
2434.6
2617.5
2737.1
2874.4
2902.6
3093.1
3287.3
3304.1
3572.9
3808.6
3936.8
4082.6
4222.5
4286.7
4318.6
4317.8
4304.1
4276.2
4131.7
4025.5
3851.2
3837.3
3581.9
3411.8
3216.6
3087.8
2891.3
2841.2
2387.5
2213.9
2069.2
1971.1
1758.1
1547.1
1389.9
1342.1
1299.8
1239.1
1285.8
1295.6
1341.3
1309.4
1332.8
1406.6
1531.4
1640
1707.7
1783.1
1941.7
2118.8
2256.7
2431.2
2639.4
2914.2
3105.8
3395.5
3616
3850.4
4106.5
4277.8
4473.3
4531
4522
4687.8
4604.4
4534.3
4508.6
4468.4
4365.3
4222.9
4080.9
3813.7
3667.2
3572.7
3305.6
2926.7
2721.2
2585.7
2346.2
2129.6
1907.6
1680.2
1454.9
1424.9
1228.6
1190.7
1139.2
1104.9
1080.2
1057.8
1068.4
1073.3
1121.3
1069.4
1041.3
1082.2
1081.1
1145.1
1161.9
1263.3
1325.3
1314.8
1443.9
1505
1631.3
1746.1
1839.2
2008.6
2278.5
2540.9
2634.3
2779.8
2744.3
2765.1
2962.7
2931.4
2799.8
2761.1
2759.9
2858.4
2825.1
2997.2
2506.8
2469.5
2394.6
2290.3
2032.1
1823.6
1756.2
1566.1
1415.8
1259.5
1141.1
914.3
840.4
760
722.9
652.1
571.5
612
662.5
675.4
650.4
625.9
657
643.4
477.8
582.3
559.8
527.8
618.5
499.6
450
474.9
429.4
429.9
353.3
367.1
300.6
276.1
255.3
270.3
246.4
179.9
244.4
132
193.8
154.4
172.7
104.9
180.6
71
148
207.6
168.6
188
250.6
245.9
283.6
242.9
300.3
369.2
376.8
463.3
509.5
478.6
476.1
497.8
423.9
366.8
464.3
385.7
459.8
437.9
389.7
402.4
310.2
260.2
301
299.5
299.2
219.1
294.8
137.2
151.7
330.2
99.9
90
126.2
41.9
95.5
41.3
46.7
10.8
0
54.8
79.4
92.4
253.1
90.7
21.2
29.9
73.2
139.1
79.7
97.6
99.4
115.8
168.7
125.9
132
193.4
224.9
220.3
226
257.9
305.3
349.1
364.6
352.8
381.3
370.7
365
344
383.7
346.5
335.6
271
302.3
307.1
219.1
216.1
258.8
144.7
147.4
229.1
192.2
132.4
213.6
242.5
288.3
442.3
588.8
702.1
663.2
610.3
543.8
555.1
554.6
590.9
586.2
675.3
600.1
500.4
430.5
473.4
338.9
458.9
313.5
326
344.3
282.5
310.7
273.5
292.1
291.8
270.1
308.1
313.5
299.9
471.1
300.9
292.3
315.1
267.2
338.8
390.4
284.3
365.9
340.4
415.7
468.3
420.2
361.6
408.5
363.2
299.6
353.7
270.2
272.2
195.5
161.8
183.6
194.4