NaN
4642.7
2827.9
1443.4
1338.2
1555
1783
2246.1
2748.4
3443.5
4338.4
5544.1
6945.1
8758.1
10681.6
13199
15976.6
18500.6
19534.3
16741.3
10921.6
5765.3
2417.1
1881.2
1988.7
2382.2
2712.3
3241.9
3948
4991.1
6146.6
7733.3
9872.3
12036.5
14783.8
18105.1
22320.5
26698.5
30467.9
30450.4
24018.1
14616.7
6440
1819.6
1227.4
1065.6
1035.8
976.1
904.7
941.4
1049.2
903.2
913.1
1010.7
1253.6
1305.7
1518.1
1786.2
2061.6
2460.7
2722.4
2582.1
2230.4
1589.8
1190.6
964.1
1084.9
1162
1385.4
1792.1
2353.3
2965.6
3629.7
4501.5
5372.3
6156.7
6675.6
6071.4
4517.6
2920.4
1676.7
1325.4
1358.6
1508.1
1824.1
1871.2
2217.7
2599.5
3067.1
4178.8
5344.1
6722.6
8295.5
10018.2
12100.8
14061
15084.5
13946.8
10487.5
6486.7
3276.5
1875.6
1775.3
1975
2241.8
2566
2889.3
3478.8
4099.8
4979.8
6034.7
7411.9
8893.6
10828.7
13092.9
15690.9
18700
23146.1
26913.5
28662.4
26696.9
20117.6
12549.3
5883.3
2188.6
1782.9
1753
1776.1
2049.1
2181.4
2598.6
2873.3
3478.5
4169.5
4969.2
6077.4
7151.2
8738.3
10449.9
12352
14693
17310.2
20972.8
25141.3
27828.3
27873.4
23757.2
16911.6
9838.9
4358.7
2349.2
2319.6
2446.1
2727.6
2998.7
3365.3
3977.3
4740.9
5441.1
5666.7
5394.3
4481.6
3267.3
2137.3
1475.2
1346.5
1460.9
1528.8
1713.7
1914.3
2286.3
2872.7
3358.8
4129.9
4847.4
5639.4
6485.1
7801
8796.9
9099.4
8534.2
6757.6
4585.2
2617.3
1380.4
1236
1207.4
1226
1265.4
1409.6
1475.6
1656
1725.3
1976.8
2405.3
2945.6
3791.9
4722.4
5687
6703.4
7668.3
9023.3
10932.6
12466.1
12968.6
12137.1
9753.2
6621
3641.5
1715.2
1335.6
1332
1419
1423.4
1510.5
1614.2
1636.5
1799.9
2101.7
2195.9
2459.2
2817.7
3252.9
3795.7
4368
5121.4
5945.7
6823.9
8008.9
9261.8
11147.6
12924.2
13870
13507.7
11819
8764.8
5325.1
2496.8
1038.1
814.4
769.1
726.8
750.3
777.4
900.2
855.9
1072.3
1132.7
1244.8
1355.3
1535.9
1682.7
1941.7
2152.7
2533.2
2831.5
3278
3817.8
4299
4976.6
5819.9
6851.1
8172.5
9238.9
9623.5
9366.9
8326.6
6873
5185.5
3909.1
3285.9
2722.4
1999.8
1455.1
900.2
741.4
893.3
712
777.3
736
725.1
729.6
854.7
1007.7
1175.9
1338.8
1627.2
1845.2
2094.7
2398.1
2674.8
3142.9
3780.9
4140.5
4213.5
3971
3435.6
2395
1447.4
682.2
450.1
379.3
365.7
357.9
379.7
422.6
449.7
466.1
558.5
614.9
588.7
886.1
696
810.6
952.2
1187.3
1599
1679.3
2036.7
2394.7
2661.6
3136.8
3732.1
4432.7
5019.1
5134.6
4821.8
4280.7
3117.8
1969.4
1103.1
779
756.8
770.4
726.1
697.3
620.7
621.1
639.6
517.5
579.6
589.7
613.7
659.7
701.2
762.3
875.7
1010.7
1077.9
1208.8
1544.2
1549.4
1790.8
2092
2375.6
2721.5
3113.5
3618.9
4362.9
4757.6
4848.7
4557.6
4095.5
3173.9
2099.8
1147.5
561.1
467.4
491
427.3
473.4
498.7
528.1
505.9
524.2
590.8
618.8
618.9
663.7
768.3
792.8
888.5
904.8
1003.1
1130.1
1279.8
1531.2
1685
1933.4
2269.2
2648.5
2787.4
2856.8
2796.1
2785.8
2588.9
2503.1
2594.5
2655.7
2640.5
2502.3
2233.9
1850.7
1358.6
852.3
585.5
551.2
474
506.7
492.1
547.8
641.4
721.1
819.8
970.4
1040.8
1203
1337.9
1488.4
1679.7
1933.8
2268.6
2335.8
2335.2
2147.4
1924.7
1469.2
957.8
587.4
326.3
283.4
275.7
354
321.9
293
317
340.4
320.9
446.8
313.7
367.8
418.9
434.7
430.4
505.1
466
440.2
467.9
592
618.4
709.9
823.7
975.2
1102.5
1351.1
1420.7
1636.3
1821.6
2112.7
2460.1
2672.2
2667.7
2556.7
2423.7
2230
1730.2
1376
1080.5
1038.2
970.6
911
792.4
727.8
535.9
454
383.8
287.6
299.1
341
522.7
586.6
624.2
680.8
747.4
811.6
773.5
755.3
573.9
543.7
580.5
607.8
718.6
773.1
886.4
919.6
1022.3
1049.6
1226.6
1281.7
1345.7
1534.8
1597.1
1790.3
1944.8
1999.9
1884.6
1770
1625.5
1377.1
1054.9
709.4
528.2
489.1
397.1
396
414.6
396.2
377.8
436
390.4
459.8
459.3
518.4
534.4
614.6
724
845.8
833.5
844.8
776.6
732.9
668.1
550.1
528.5
319.4
294.1
282.8
315.7
304.7
313.2
341.8
510.4
423
444.3
551
520.8
542.1
611.4
693
725.7
767.8
909.2
863.8
873.1
893.7
853.6
802.9
715.4
709.9
692.3
685.8
711
828.7
821.1
908.4
1003.7
1037.4
1066.8
1060
968.8
888.4
830.8
685.2
634
461.5
420.1
412.1
396.6
444.8
357.9
357.7
371.2
365.8
373.1
306.4
420.9
314.2
311.2
332.3
333.2
393.1
441.8
497.8
630.6
540.2
568
563.9
616.3
694.9
739.5
767.7
741.4
818.3
861.4
940.1
1007
1053.2
1084.7
1291.1
1260
1334
1394
1554.9
1625.1
1702
1710.5
1704.8
1688
1661.7
1629.9
1532.3
1441.6
1277.6
1214.7
1185.8
1115.1
1015.5
885.7
812.4
759.2
689.1
661
653.7
565.5
474.5
452.9
512.2
475.8
482.3
368
407
392.5
370.5
441.7
509.9
531.4
417.4
329.9
367.6
327.9
330.5
360.7
344
317
323.9
347.8
353.9
295.6
355.1
348.5
335.8
330.2
341.8
499.2
397.7
363.5
426.6
517.9
466.5
477
589.4
579.5
493.6
491.1
468.9
387.9
429.8
568.6
503.9
622.9
710.1
783.2
929.8
1018.5
1180.7
1227.2
1365.7
1504.5
1560.4
1596.8
1648.2
1714
1821.5
1878.6
1847.2
1891.3
1880.8
1890.7
1916.5
1901.3
1974
2063.3
1942.1
1949.9
1963.1
2047.6
2082.9
2030.8
2102.6
2125.8
2113.6
2086.3
2023.7
1995.2
1967.5
1859.6
1830.4
1841.2
1902.6
1911.7
2052.8
1997.3
2013.9
2012.4
2023.6
2045.3
2004.8
2010.7
1960.2
1950.7
2051.6
1970.3
1918.4
1912.5
1975.1
1890
1918.2
1863.9
1850
1875.9
1841.8
1745.7
1664.8
1602.5
1538.4
1438.6
1390.7
1315.2
1360.4
1448.9
1402.1
1568.1
1497.9
1525.3
1557.9
1641.1
1670.2
1579.4
1547.3
1548
1428.2
1403.7
1310.7
1237.7
1173.5
1174.9
1103.5
1036.4
1082.4
1054.8
1054.4
1154.2
1154.5
1151.7
1096.6
1136.8
1086.2
1046.6
1066.3
1073.1
1061.6
959.8
986
964.4
949.5
923.1
941.6
991.8
999.8
1026.1
1112.7
1106.1
1095.8
1074
1012.7
944.7
949
893.3
796.5
689.2
779.3
537.9
517.4
575.1
481.7
488.6
499.1
500.7
498.8
543.5
577.1
506.9
622.9
580.5
579.1
616.1
630.6
675.7
697.4
681.2
694.2
738
833.6
780.2
812
871.8
907.8
952
992.4
978
1039.8
1067.4
1097.2
1151.9
1208.2
1381.2
1587.2
1631.8
1843.9
1960.4
2247.7
2500
2862.7
3321.8
3898.4
4468.8
4933.8
5411
5622.8
5830.4
5931.8
6046
6138.6
6239
6322.2
6516.9
6495
6255
5956.1
5556.8
5367.3
5218.6
5216.1
5589.5
6073.3
6697.5
7294.2
7950.3
8314.8
8465.8
8614.2
8712.4
8858.8
9057
8989
9116
9228.6
8907.5
8446.2
7831.2
7101.4
6756.4
6369.7
6391.9
6626.9
7246.6
7814.3
8499.8
9111.9
9438.4
9686.3
9628.4
9718.9
9760.6
9994.8
10116.6
10210.2
10344.8
10108.6
9532.5
8612.4
7778.4
7207.7
6715
6511.5
6849.1
7264.1
7930.9
8611.4
9348.7
9901.9
10131.3
10078.1
10052.5
10088.5
10133.1
10464.2
10517.5
10720.2
10710.4
10224
9431.5
8313.8
7527.6
6698.8
6254
6194.7
6377.2
6784.3
7305.2
7865.5
8513.8
9069
9334.1
9351.4
9063.2
9071.8
8876
9227.3
9381.6
9442.1
9641.8
9365.5
8870.1
7679
6799.8
6051.9
5628.6
5396.3
5556.2
5920.3
6433.7
6897.9
7489.7
8237.8
8593.6
8799
8703.2
8451.1
8342.4
8276.5
8723
8914.1
8938.9
9073.1
9027
8495.6
7556.7
6445.2
5718.8
5279.7
5003.5
5230.5
5441.4
5649.3
6030.6
6519.1
7157.9
7621.3
7837.2
7964.9
7578.6
7261.7
7087.3
7091.1
7538.2
7575.3
7495.7
7473.5
7115.8
6585.4
5719
4548.4
3835.9
3323.1
3205.9
3132.6
3066.5
3165.9
3264.6
3334.5
3594.3
3919.2
4225.5
4102.5
3943.2
3756.7
3672.9
3689.6
3960.4
4152.7
4219.3
4105.7
4166.9
3823
3345.5
2640.5
2285.9
2049.7
2042.6
2074.2
2144.2
2192.8
2339.8
2440.6
2603.6
2853.6
2987.2
3009.6
2811
2751.2
2627.9
2616
2638.9
2643.5
2796.2
2615.9
2618.4
2529.8
2407.5
2024.8
1728.9
1581.5
1533.7
1610
1590
1603
1720.8
1926.8
2138.4
2332
2680.6
3008
3363.3
3563.6
3717.9
3657.8
3564
3396
3463.5
3632.2
3661.8
3727
3653.9
3455.2
3383.5
3357.3
3214.9
2828.9
2419
2161.2
2231
2270.4
2335.6
2326
2434.9
2704.2
3066.9
3452.3
3939.8
4410.7
4944.7
5437.8
5881.8
6164.7
6257.1
5870
5655.5
5588
5853.5
6024.4
6210.5
6219.3
5938.1
5621
5629.8
5622
5004.1
4040.2
3432.7
3372.4
3531.4
3503.8
3443.2
3520.4
3575.1
4078.2
4427.5
5045.8
5717
6468.9
7236.3
8012.1
8527.9
8958
8913.7
8527.5
8054.1
7934.3
8401.5
8633
8985.1
9105.5
8636.8
8097.7
7834.8
8116.6
7386.7
6021.2
4822.7
4761.9
4918.2
4953
4825.9
4684.7
4694.8
5095.5
5652
6240.2
7004.1
7816.6
8802.6
9780.3
10684.6
11269.2
11914
11622
11137.5
10497
10498.6
11134
11395.5
11895.8
12087
11570.9
10850.4
10437.9
10819.4
9946.8
8161.5
6258.2
6048.4
6249.4
6373
6230.6
6138.6
6130
6408.3
7105.2
7789.5
8672.6
9634.8
10889.7
12188.1
13357.4
14335.6
15256.8
15704
15404.1
14543.7
13824
14002.8
14830.6
15035
15749.3
15882.8
15365.2
14495.6
13855
14161.1
13406.2
10994.9
8542.9
8089.2
8473.8
9861.5
13599.2
17344.9
18456.9
15932.8
11852.1
10862.9
11403.4
12477.5
13705.7
15353.6
16910.1
18423.6
19407.4
20451.7
20602.8
20258.7
19002.8
18276.9
18742.8
19566
20021.5
20779
20825.4
20294.5
18985.8
18464
18421.4
17130.6
14168.4
11002.4
9912
9716.8
9670.8
9545.7
9166
8801.4
8610.2
8922.1
9474.3
10349.9
11298.5
12379
13723.2
15098.8
16475.2
17528.4
18555.2
19065.8
19292.7
18496.8
17574
17171.4
17404.4
17803.6
18446.8
18732.5
18749.4
18156.4
17095.9
16619.5
16360.3
14974.3
12591.6
9919.9
8517.1
7879.7
7651.6
7428.2
7044.4
6765.4
6391.5
6442
6499.4
6879.3
7416.2
8079
8772.8
9674.7
10563
11325.4
12071.2
12657.9
13028.1
12821.6
12676.1
12079.4
11903.8
11776.5
12078.1
12363.3
12595.5
12513.2
12129.5
11676.4
11246.8
10779.2
9828
8427.8
6990.1
5701.9
5033.2
4621
4273.7
3934.7
3687.3
3341.4
3157.2
3067.7
3059.2
3121.2
3295.3
3638.3
3852.2
4127.7
4577.4
4712.5
5022
5183.1
5321
5225.8
5195.1
5043.3
4885.2
4917.7
4879.2
5065.5
4927.5
5045.7
4864.1
4799.2
4513
4345
3914.6
3476.1
2928.4
2348
2035.1
1777.1
1466.7
1275.9
1132.3
995.8
877.4
748.9
594.4
625.6
488.9
438.9
447.6
366.1
402.6
365.7
447.7
461.3
397.6
405.3
377
384.6
357.6
375.3
375.7
412.8
362.4
379.3
376.9
468.8
384.6
405.8
415.8
458.3
497.6
431.2
589.3
480.3
420.8
434.5
514.1
441.2
610.5
533
564.3
523.7
627.9
770.6
815.9
829.4
711.5
692.8
768.7
794.3
800.2
772.5
795.4
843.6
953.6
896.3
934.4
956.4
999.2
1110.6
1126.8
1201.9
1308.1
1423.2
1523.5
1809.9
1897.6
2017.5
2174.1
2494.9
2664.5
2767.4
3079.2
4083
5729.5
5704.8
4439.3
2137.5
1330.2
1327
1293.7
1359.6
1560.4
1562.3
1666.7
1861.6
2061.2
2286
2597.8
2880.6
3262.2
3775.5
4126.8
4698.3
5277.5
5942.9
6624.9
7391.4
8279.3
9146
10197.8
11182.7
12307.8
13460
14651.4
16002.2
19355.5
25099.8
29467.9
28226.1
20463
10967
5987.6
3999.1
3562
3222.7
2991.2
2806.1
2707
2539.3
2469.6
2540.9
2462.8
2606.8
2570.8
2730.4
2681.5
2883.2
2995.7
3221
3370.3
3656.6
3933.4
4306.1
4638.5
5028.9
5393.8
5877.7
6251.5
6694.7
7058.7
7353.5
7650.1
7747.1
8081.1
8083.6
8273.9
8324
8334.7
8498.6
8535.5
8511.5
8503.3
8424.5
8477.6
8402.4
8118.5
7895.9
7669.5
7506.8
7184.6
6845.3
6565.2
6244.8
6010.4
5769
5438.8
5328.9
5127.2
5058.1
5074.7
5236.9
5268.9
5576.8
5961.1
6229.4
6726.9
7174.9
7827.4
8388.7
9065.9
9825.5
10593.9
11447.6
12253
13223.4
13946.1
14556.8
14876.8
15175.5
15339.8
15650.1
15654.8
15638.3
15497.8
15497.3
15568
15513.3
15398.3
15238
15282
15210.4
14908
14550.5
14138.6
13938.3
13556.3
13185.5
12716.9
12252.2
11895.4
11656.6
11264.8
11129.3
11077.7
11215.3
11323.5
11493.7
11497.5
11566.9
11511.6
11405.6
11321.3
11171.5
11281.4
11422.1
11572.8
11750.9
12178.6
12689.7
13412.4
14419.5
15220.3
16252.3
17202.2
18017.3
18880.7
19431.1
20230
20930.6
21527.4
22170.8
22458.5
23078.9
23742.8
24328.3
24447.6
24777.8
25141.7
25821.3
26183.1
26680.5
26914.9
27134.3
27055.2
26751.1
26107.9
25174.8
23733.2
22057.7
20537.9
18845.1
17345.9
15871.6
14506.5
12987.9
11769.2
10606
9813.9
9278.4
9052.4
9037.7
9240.7
9558.6
9909.4
10539.2
11029.3
11733.8
12611.2
13674.6
14465.7
15608.2
16791.7
17973.3
19100.8
20211.9
21445.4
22486.2
23477.4
24753.7
25829.8
27062.6
28326
29620.8
30524.3
31232.2
31712.5
31754.9
31332.7
30818.8
30143.6
28775.1
27518.5
26413.6
25073.5
23580.4
22132.8
20433
18658.7
17131.6
15564.5
14037.3
12820
11844.4
10878.9
10174.8
9468.1
8977.6
8445.9
8066.8
7820.7
7604.1
7408.5
7462.2
7545.1
7601.6
7838.6
8230.5
8510.4
8885.7
9359.5
10004.6
10750.3
11319
11962.4
12681.7
13526.8
14023.4
14578.5
15114.9
15487.9
15908.1
16203.5
16548.8
16686.3
16913.5
17178.6
17196.1
17322.2
17315.4
17324
17120.1
17056.6
16730
16564.4
15955.9
15578.2
15169.4
14754.4
14485.8
14316
14304.5
14373.1
14503.4
14514.4
14485.5
14429.6
14286
13986.8
13324.6
12943.5
11859.8
11221.3
10677.1
10090.8
9412.8
8844.3
8218.9
7588
6958.6
6432.9
5825.4
5142.8
4588.7
3940.5
3462.2
3105.3
2741.2
2562.2
2404
2353.3
2270.4
2318.3
2273.8
2411.7
2367.8
2437.6
2543.5
2677.8
2779.5
2931.2
2990.7
3106.2
3301.6
3366.4
3635.4
3876.9
4046
4127.6
4264.9
4307
4378.1
4355.3
4398.4
4364.1
4222.3
4104.9
4000.7
3980.2
3703.4
3492.4
3337.9
3199.3
3011.5
2967.3
2489.2
2319.5
2143.4
2071.3
1792.4
1625
1480.4
1397.2
1345.5
1324.8
1343.6
1360.2
1375.6
1326.7
1377
1448.7
1611.3
1653.5
1727.7
1818.7
1996.3
2129
2300.7
2438.2
2630.1
2926.5
3041.9
3415.6
3622.5
3864
4150.9
4299.8
4537.6
4530.1
4600.6
4745.7
4627
4624.3
4542.8
4499.9
4413.2
4281.8
4153.4
3889.3
3759.2
3630.9
3399.3
3033.2
2783.9
2661.7
2411.6
2227.7
1999.9
1725.1
1511.8
1457.4
1296.2
1239.7
1176.3
1140.7
1106.7
1110.1
1143.1
1062.4
1119.5
1088.3
1052.6
1084.3
1088.8
1161.6
1166.8
1290.8
1327.6
1320.8
1477.4
1470.7
1636.9
1722.9
1832.3
1989.1
2268.7
2533.7
2660.8
2792.2
2795.2
2793.3
2984.2
2942.6
2824.4
2784.2
2834.1
2873
2838.7
3028.8
2585.6
2498.8
2447.6
2344.3
2052.5
1901.5
1798.4
1625.2
1446.2
1333.8
1195.1
971.5
874.9
755.7
753.6
674
612.5
614
676.5
692.4
670.5
638.5
642.2
678.3
502.6
623.1
583.3
534.5
608.5
563.3
474.1
501.8
457.3
469.5
387.1
365.6
295.7
263.7
264
282.2
269.7
171.3
289.9
135.2
167.8
195
173.9
86.7
227.8
106.7
182.2
197.6
187.2
174.7
271.8
245
297.1
257.9
316.2
384.2
388.2
489.1
539
459.7
489.5
496.7
419.7
418.5
472.7
397.9
460
412.2
407.3
407
320.1
298.5
269.2
330.2
308
246.9
351.2
129.9
152.9
326.7
106.2
94.5
116.6
76.9
74.4
69.4
50
0
27.1
57.7
81.6
99.4
255.9
84.4
22
54.5
65.7
149.3
63.2
67.7
92.6
131.9
173.7
126.6
112.9
185.7
229.1
231.2
224.1
259
345.1
343.9
376
340.1
386.2
391
367
329.6
387.3
376.9
362.5
269.2
337.9
319.5
210.4
217.6
245.4
191.6
127.3
225.1
211.4
169.7
221.5
259.4
349
489.6
668.9
791.8
761.3
656.4
640.5
645.3
636.7
651.3
661.8
747.8
698.2
598.9
490.7
523.2
407.9
510.3
371.8
361
359
296.2
330.7
285.3
273.5
293.2
256.1
302.9
308.1
320.2
467.7
315.6
280.1
310.1
237.1
327.7
388.9
311.4
357.6
346.8
438.2
441.9
409.1
386.2
379.7
371.7
278.7
347.1
274.8
296
216.5
161.5
171.2
208.3
130.1