NaN
NaN
4196.7
2487.8
1277.5
1344.3
1540.4
1835.5
2318.7
2829.1
3507.9
4477.7
5679
7130.7
9037.9
10988.5
13481.3
16243.4
18548.6
19189.2
15476.5
9760
4790.3
2126.3
1875.1
2013.3
2416.6
2787.9
3332.7
4117.1
5171.5
6466.4
8018.3
10251.5
12483
15322.7
18758.9
23085.8
27517.1
30829.8
29723.2
22243.4
12772
5012.1
1559.2
1162.9
1023
971.3
929.2
839.9
860.1
1006.2
875.7
895
977.5
1213.1
1291.5
1502.3
1773.7
2065.9
2463.7
2639.4
2400.7
2012.2
1418.1
1070
957.3
1058.6
1134.6
1372.2
1812
2355
3003.3
3599.1
4467.5
5307.4
6061.2
6370.3
5559.6
4003.5
2495.3
1440.9
1254.1
1320
1434.7
1797
1842.8
2227
2583.4
3171
4302.5
5446.6
6777.1
8279.3
10133.6
12251
13965.6
14666.6
13048.8
9355.5
5586.7
2669.4
1786.9
1741
1930.1
2179.4
2564.3
2910
3476.9
4110
5035.3
6156.3
7493.2
9033.3
11039
13338.1
15844.9
19146.2
23614.4
26996.3
28234.3
25309.8
18238.8
10893.3
4689.3
1919.2
1733
1727
1783.4
2034.4
2182.6
2597.6
2957
3544.9
4248.1
5096.1
6234
7406.6
9026.9
10697.9
12707.2
15017.9
17836
21794.9
25719.2
27981.3
27129.8
22324.3
15219
8425.2
3521.1
2186.9
2240.9
2377.1
2660.3
2934.4
3312.2
3937.8
4671.4
5326.8
5436.5
5021
4034.9
2872.7
1878.4
1338.2
1332.2
1473.6
1526.2
1655
1939
2257.3
2894.7
3383.4
4113.4
4812.9
5507.9
6465
7704.2
8470.6
8684.9
7888.5
6012.2
3983.9
2179.2
1236.7
1194.3
1157.4
1179.2
1259.5
1351.7
1432.5
1660.9
1696.4
1981.8
2416.7
3007.8
3834.1
4795.6
5654.1
6700.8
7661.4
9197.6
11014.8
12246.7
12555.5
11350
8882.6
5802.3
3025.7
1492.6
1285.3
1288.4
1370
1341.3
1465.2
1554
1608.9
1786.7
2034.8
2166
2498
2818
3262.7
3777.8
4428.1
5158.4
6003.2
6937.7
8114.4
9456.1
11392.2
12992.7
13616.3
13028
11018.3
7953.5
4569.7
2015.1
891.5
763.2
767.1
710.6
749.2
759.9
848
874.7
1056
1132.4
1227.1
1317.1
1493.3
1662.6
1943
2140.4
2516.9
2864.5
3310.3
3872.7
4366.2
5071.7
5935.5
7066.4
8333.9
9235.4
9455.7
9135.3
7888.3
6404.4
4730.4
3548.9
3054.9
2466.8
1810.8
1294.8
797.4
721.6
883.2
731.4
795.4
710.7
739.4
769.5
837.1
988.7
1147.5
1343.2
1576.8
1819.3
2029.8
2320.8
2665.4
3207.1
3716.2
4043.9
3998.8
3721.6
3141.3
2129.5
1220.9
532.5
411.3
356
358.7
315
369.9
419
449.5
473.8
538.8
573.3
579.7
858.7
707.8
807.4
990.5
1235.2
1628
1684.5
2076.5
2395.4
2658
3148.7
3734.7
4474.4
4870.9
4959.4
4565
4014.6
2795.2
1754
1026.9
777.3
735.2
755.2
735.8
708.6
605.5
596.3
616.5
527.7
575.4
594.7
625.2
668.9
726.6
747.9
880.7
1018.2
1092.1
1243.2
1590.1
1592.1
1828.2
2136.4
2380.3
2756
3210.6
3692.9
4389.2
4693.6
4715
4385.9
3865.2
2916.7
1841
1002.8
506.2
427.2
464.7
406.3
389.1
461.8
496.6
464.3
483.1
572.4
585.5
629.3
628.3
769.3
754.9
868.3
919.4
972
1115.5
1265.6
1530.4
1634.3
1923.8
2271.9
2605.4
2695.4
2741.6
2704.4
2740.8
2566.5
2497
2596.7
2635.1
2593.5
2467.2
2154.5
1727.3
1256.5
757.6
544.4
536.5
497.5
501.9
516.1
524.3
647.6
743.4
780.7
940
996.5
1164.7
1308
1475.9
1659
1918.3
2175.4
2233
2192.9
2021.3
1804.6
1325.2
816.2
534.7
306
283.4
295.9
321.1
334.2
324.8
304.9
325.1
297.8
440.7
313.5
371.9
407.4
429.4
438.8
516.9
464.3
444.6
499.1
617.2
638.2
751
862.5
1000.7
1120.9
1352.8
1433.7
1648.2
1836.7
2168.8
2448.3
2598.5
2655.1
2529.8
2382.4
2125
1696
1349.8
1086
1112.1
1027.1
938.6
825.7
751.6
573.4
436.4
389
302.6
308.5
387.2
590.2
608.2
667.6
728.1
776.4
833.4
771.8
763.2
556.5
554.5
570.5
615.8
736
782.5
864.5
935.8
1040.9
1039.8
1223.7
1245.3
1335
1529.3
1631.1
1787.6
1905.9
1934.4
1801.1
1720.1
1493
1277.7
968.8
606.6
473.8
429.2
369.4
346.9
364.6
372.9
365.1
413.4
345.8
445.5
466.7
490.3
511.1
578.1
731.9
769
796.8
805.7
760.7
681.5
628.8
526.1
508.2
304.3
271.9
279.4
330.1
297.8
323.1
350.3
509.6
434.7
453.8
505.6
525.3
541.5
574.7
663
711.4
757.3
911.8
813.8
814
839.5
814.8
748.4
721.7
676.1
669.7
680.6
685.6
780.1
768.7
909.5
953.6
1003.9
1046.1
999
926.2
858.2
759.6
666.9
579.5
451.5
407.8
379
394.5
417.1
337.3
355
349.8
332.2
364
304.9
405.4
291.6
282.6
331.5
324.7
371.5
423.8
445.2
637.1
537.4
551.6
564.2
610.4
652
691.1
737.8
743.8
792.8
843.6
915.6
994.5
1011.8
1061.5
1267.3
1211.6
1325
1335.6
1557.4
1598.8
1656.8
1668.1
1682.3
1681.3
1646.4
1578.7
1511.9
1435.8
1235.7
1216.9
1159.2
1063.3
954.3
809.2
719.1
688.2
636.1
635.5
583.6
532.4
449.5
416.7
464.9
467.6
465.6
376
375.6
360.3
361.7
416.3
468.5
520.5
371.1
320.1
340.9
321.9
310.3
375.8
326
325.3
329.9
321
355.5
311.2
321.4
364
352.8
329.4
312.9
440.2
381.4
378.4
411.7
516.9
488.9
475.3
589.9
560.7
477.3
478
454
378.5
427
558.9
526.1
627.8
737.1
820.2
902.7
986.7
1158.4
1199.3
1338.3
1452
1503.2
1527
1577.4
1683.5
1738.3
1817.9
1768.3
1801.8
1795
1791.3
1809.7
1809.4
1892.3
1921.7
1850.1
1851.2
1863.4
1928.5
1981.1
1959.7
2000.7
2012.1
1980.4
1926.8
1884.9
1865.2
1860
1763.8
1770.1
1741.8
1800.8
1817.5
1975.6
1886.1
1897.9
1900.3
1924.8
1925.6
1883.6
1920.1
1867
1885.8
1942.3
1909.9
1822.6
1768.2
1867.1
1799.7
1840.7
1741.6
1762.4
1737.3
1753.1
1615.5
1532.5
1487.8
1425.1
1315
1270.2
1243.4
1246.8
1352.6
1367.5
1462.1
1426.9
1450.6
1473.1
1593
1550.5
1475.2
1430.4
1401
1336.2
1278.1
1211.6
1176.4
1143.3
1088
1019.5
1010.8
1048.1
1020
1046.7
1105.9
1165.6
1086.2
1089
1111.6
1058.7
1026.4
1052
1061.4
1032.7
944.4
1000.1
908.2
950.7
930.1
943.7
940.7
995.6
1027
1101.4
1093.2
1102
1059.7
991.3
1005
953.6
837.1
769.6
666.3
741.1
500.4
497.4
579.1
451.8
502.4
481.6
486.3
478.6
483.5
571.8
497.4
606.6
592.7
551.3
624.4
647.2
664.5
705.8
687.1
709.5
721
827.5
777.7
855.2
866.5
928.1
920.5
941.2
962.8
1029.7
1070.4
1053.2
1138.7
1206.2
1357
1523.2
1594.7
1773.2
1900.3
2139.5
2436.4
2795.5
3235.5
3839.1
4357.1
4781.1
5164.3
5327.3
5583.4
5644.6
5728.8
5827.1
5879.3
6006.1
6228.7
6155.9
5864.7
5572.6
5204.8
5082.5
4946.6
4965.5
5360.9
5873.7
6518.1
7140.6
7662.1
7920.5
8099.3
8202.3
8240.4
8344.8
8616.2
8489.8
8724
8683
8324.1
7782.7
7268.9
6617
6313.2
6042.3
6093.1
6463.6
6972.1
7599.2
8268.1
8776.6
8966.9
9114.3
9174.8
9216.9
9332.6
9552.8
9604.2
9769.1
9769.9
9480.5
8730.8
7937.4
7247.6
6702
6325.8
6230.9
6595
7055.5
7663.5
8346.6
9120.2
9426.2
9590.2
9587.9
9571.1
9625.5
9774.8
9957.7
9984.6
10235.2
10130.2
9626.2
8706.6
7675.8
6997.6
6250.7
5880.1
5950.4
6181.5
6582.2
7146.7
7669.1
8308.2
8716
8985.1
8815.6
8662
8692.2
8549.8
8854.7
9031.8
9084.7
9199.8
8876.7
8239.9
7058.9
6282.3
5583.8
5317.8
5105.5
5410.3
5766.4
6267
6728.5
7318.1
8031.6
8363.3
8506.9
8291.5
8060.2
7957.3
7958.2
8408.5
8553.2
8648.2
8746.8
8561.3
8064.4
7005.9
6026
5376
5057.3
4881.6
5056.3
5269.4
5593.1
5938
6408.5
7070.5
7442.9
7659.8
7609
7247.5
7030.4
6878.4
6953
7321.1
7319.8
7269.2
7159.7
6832
6210
5281.5
4278.5
3564.7
3202.4
3079.6
3032
2895.6
3071.8
3137.3
3317
3569.2
3790
4128.5
3899.7
3757.9
3618.2
3552.4
3580.5
3880.1
4007.3
4044.5
3928.7
4001.9
3617
3053.6
2469.6
2138.6
1928.4
1954.5
2011.5
2053
2106.5
2283.7
2386.6
2545.4
2759.6
2846.6
2829.4
2673
2585.1
2537
2500.8
2505.7
2552.9
2613.3
2510.6
2455.4
2412.2
2211.5
1814.7
1624.2
1480.2
1435.3
1519.1
1526.9
1556.1
1653
1852.8
2076.9
2325.7
2600.9
2912
3223.5
3380.3
3523.7
3450
3301.2
3252.4
3282
3418.4
3449.6
3529.6
3419.5
3237.6
3167.9
3152.8
2948.8
2547.1
2244.8
2040
2126.9
2152.2
2164.2
2239
2384.7
2642.5
2988.4
3338.6
3823.6
4318.4
4820.1
5214.5
5687.3
5940.5
5865.2
5476.5
5299.2
5394
5547.1
5775.1
5899.3
5819.7
5548.1
5303.7
5342.7
5240.8
4524.4
3582.2
3218.5
3188.2
3326.6
3306.9
3251.4
3345
3497.8
3934.5
4305.2
4960.7
5546.2
6319.7
7115.3
7692.8
8180.2
8523.1
8392.7
7993.5
7604.9
7693.4
8033.8
8222.4
8598.8
8573.3
8094.1
7611.5
7586.7
7633.7
6764.8
5319.2
4470.3
4566.8
4711
4639.6
4493.9
4469.1
4507.4
5019.9
5480.4
6064.2
6857.7
7691.8
8633.4
9576.2
10367.9
10925
11391.8
10991
10492.3
9906.9
10193
10786.2
10971.3
11382.3
11481.7
10922.6
10133.4
10130
10271.1
9199.3
7265.6
5785.9
5830.1
6048.3
6150.5
5882
5890.8
5897.7
6266.3
6947.2
7620
8576.8
9451.7
10741
11954.7
13111
14009
14821.2
15101
14680.2
13680.8
13204.4
13640.7
14334.1
14566.1
15279.2
15092.9
14573.2
13624.2
13419.9
13567.2
12373.5
9933.6
7899.6
7871.8
8403.9
10353.2
15272.8
18857.3
19224.2
15203.1
11212.5
10652.5
11307.3
12382.4
13555.8
15231.6
16799
18085.9
19037
19804.3
19923.7
19280.7
18084.2
17673.4
18252.7
18943.8
19479.8
20243.1
20040.1
19266.1
18088.5
17847.6
17697.1
15993.4
12731.7
10128.6
9404
9332
9282.5
9066.4
8676.5
8410.2
8246.9
8689.6
9319.4
10124.8
11036.9
12249.7
13566.9
14920.7
16227.8
17156.2
18119.5
18606
18523.9
17614.6
16751.4
16541.2
16890.9
17363.4
17881.8
18145.1
18033.8
17348.4
16383.2
15955.6
15696.5
14009.2
11449.4
9115.2
7929.4
7534.9
7345.6
7098.2
6721.7
6464.7
6123.8
6199.6
6302.1
6787
7275.4
7978.7
8686.7
9536.3
10411.3
11166.3
11851.4
12400.1
12663
12426.9
12097.1
11613.8
11488.1
11446.4
11795.5
12022.1
12153.9
12073
11641.9
11226
10787.3
10300.7
9262.9
7773.9
6382
5300.2
4688.5
4382.7
4089.2
3758.3
3459
3113.4
2988.9
2969.5
2987.3
3068.8
3263.4
3574.1
3803.2
4087
4503.3
4680.4
4939.2
5037.9
5145.8
5104.5
4978
4848
4762.1
4726.2
4821.9
4901.1
4835.2
4910.7
4681.1
4606.6
4345.8
4146.6
3668.4
3190.5
2695.7
2183.9
1904.3
1626.1
1379.9
1203.3
1047.7
919.4
803
683.1
542.7
602.3
452
430.7
426.1
361.7
397.1
372.5
428.6
396.6
380.3
374.8
363.4
340.6
347.5
346.9
347.3
393.7
327.9
361.4
343.6
440.3
355.6
384.6
405
462.5
478.3
389.2
540.1
464.1
409.4
425.6
458.7
441.9
560.7
502
551.4
510.2
608.4
745.1
770.3
785.2
664.2
664.5
732.5
731.1
783
734.8
792.2
793.3
957.5
889.3
901.3
909.2
993.7
1126.2
1120.8
1193
1243.2
1371
1484.7
1816
1872.2
1992.5
2178
2442.9
2630
2784.4
3134.4
4424
5734.8
5357.2
3824.6
1682.6
1238.3
1248
1253.5
1313.8
1558.7
1523
1650.5
1834.3
2047.6
2276.3
2629.7
2880.3
3253.3
3773
4193
4720.1
5276.4
5945.9
6649.7
7480.5
8323.9
9312.7
10261.4
11313.1
12377.2
13590.2
14727.8
16328.8
20255.6
26337.5
29622.3
26665.5
17540.3
8979.6
5031.1
3689.8
3374.4
3020.3
2815.9
2632.6
2560.5
2380.8
2337.1
2420.9
2354
2507.5
2458
2695.3
2565.4
2739.5
2864.5
3104.4
3300
3581.8
3852.3
4200
4531.7
4923.2
5344.1
5758.1
6103.4
6573.7
6884.5
7096.2
7392.4
7499.5
7863.3
7831.7
7951.2
8039.2
8114.4
8165
8192.9
8149.3
8121
8182.4
8154.6
7991.7
7779.4
7538.4
7343.6
7172.5
6823.3
6488.7
6239.7
5933.5
5728.4
5443.5
5200
4983.6
4860.8
4835.4
4854
5078.7
5114.8
5390.6
5770.1
6087
6551.2
7011.4
7637.7
8214.3
8895
9615.6
10402.2
11217.4
12047.7
12935.3
13643
14180.9
14421
14714.5
14801
15036.3
15109.5
15026.4
14901.7
14982.3
15064.3
15024.3
14816.7
14692.4
14776.4
14639.8
14369.1
13925.8
13593
13352.9
12967.8
12668.4
12165.7
11684.9
11360.2
11161
10795
10751.6
10691.5
10873.7
10941.3
11131.1
11028
11177.1
11056.5
10979.8
10861.2
10756
10865.2
11017.1
11234.3
11397.1
11906.3
12487.1
13129.9
14088.4
14957.9
15868.8
16835
17659.9
18411.6
19003.6
19785.8
20491.7
21000
21604.3
21983.5
22606.5
23192
23568
23780.5
24121.2
24594
25176.8
25466.9
26073.1
26226.7
26357.6
26385.3
25936.4
25184.9
24097.7
22685.5
21008.1
19525
17960
16483.9
14927.2
13655.5
12208.8
10968.6
10007.8
9288.5
8865.9
8666.9
8744.8
8986.2
9349.8
9758.2
10285.2
10826.9
11580.8
12471.4
13496.5
14329.2
15438.5
16688.6
17782.8
18909.9
19975.1
21218.8
22136.4
23251.9
24442.4
25517.2
26721
28010.4
29127.2
30048.4
30613
31076.3
31059.3
30508.6
29955.5
29167.1
27876.9
26502.9
25298.6
24009.8
22625.7
21099.9
19418.4
17690.3
16172.2
14615.3
13255.5
12069.7
11218.8
10298.5
9658.5
9029.5
8514.9
8083.8
7701.2
7414.7
7279.5
7167.3
7146.6
7194.9
7374.4
7673.6
8049.7
8279.6
8685.3
9131.3
9774.6
10527.6
11089.5
11692.6
12388.2
13180.1
13705.7
14223.6
14706.1
15135.4
15481.8
15723.1
16088.2
16166.4
16408
16610.1
16644.4
16699.3
16730.5
16644.1
16481.4
16383.3
16124.9
15879.8
15341.5
14970.7
14553.5
14076.9
13885.4
13662.1
13510.5
13629.6
13687.9
13646.7
13565.7
13452.3
13229.2
12861.2
12178.5
11818.6
10821.7
10230.4
9689.6
9039.3
8503.9
7892.1
7338.5
6787.5
6236
5703.3
5184.6
4563.1
4008.5
3437.3
3089.9
2813.1
2492
2369.9
2218
2202
2175.5
2175.1
2178
2271.2
2274.7
2327.7
2431.4
2565.6
2700.3
2857.7
2856
3021.7
3187
3258.6
3511.1
3768.4
3915.5
4011.1
4097.6
4162.1
4211.4
4242.1
4242.7
4145.4
4030.1
3885.2
3747.1
3759
3492.3
3278
3157.9
3043.8
2830.9
2781.7
2285.2
2206.9
2015.5
1915.3
1668.2
1529.7
1361.7
1322.7
1294.8
1275.2
1261.9
1303.7
1307.5
1280.6
1322.2
1421.2
1526.2
1634.2
1681.6
1784.2
1955.2
2115.9
2261.5
2428.5
2637.9
2941.8
3075
3385.7
3612.5
3815.8
4070.4
4255.4
4405.7
4445.8
4466.2
4626.2
4529.6
4487.6
4463.5
4372.1
4258.3
4109.3
4007.9
3755.4
3619.8
3513.4
3225.9
2879.6
2679.2
2502.9
2282.2
2082.5
1839.8
1656.8
1410
1404.7
1200.5
1170
1123.1
1079.7
1054.8
1061.4
1066
1026.3
1082.5
1037
1032.2
1058.4
1057.4
1158.5
1126.7
1256.5
1331.3
1321.8
1451
1475.5
1646.2
1733.8
1872.8
1979.7
2306.5
2530.5
2644.3
2763.8
2734.8
2774
2943.8
2904.3
2730
2727
2780.3
2859.4
2766.8
2955.4
2471.1
2460.4
2369.4
2232.1
1965.9
1798.9
1712.2
1549.6
1354.2
1248.6
1116.3
922.6
813.6
734.6
719.5
635
561.1
589.9
660.1
641.7
624.3
608.8
600.8
652.9
464.1
597.3
528.6
498.6
589.8
483.8
437.2
440.3
418.6
405.9
332.1
333.6
281.8
237.7
268.2
267.5
238.2
160.3
242.5
126.8
189.8
181.5
168.6
81.4
224
94.2
164.2
177.9
182.1
148.2
236.3
243
263.3
230.9
289.2
358.5
378.5
458.6
511.2
448.4
449.1
471.3
420
380.5
427.1
398.3
428.6
409.9
376.9
349.4
268.4
251.5
279.7
291
302.6
222.7
300.9
137.5
119.9
296.5
67.2
108
130
49.8
79.9
52.1
35.1
1.6
0
49.7
82.1
100.7
253.4
91.9
4.8
32.7
71.6
139.5
62.8
56.8
74.3
111.3
160.6
140.2
133.2
207.3
197
235.6
208.8
240.8
347.6
332.1
367.6
332.8
358.6
368.1
372.6
341
384
333.2
326.4
232.3
315.9
326.4
234.1
186.4
217.2
139.4
159.9
195.1
188.8
152.9
193.1
273.8
318.7
473.7
609.6
709.8
648.7
592.1
558.4
569.7
565.3
592.2
597
674.7
644.7
505
421.7
449
368.2
453
338.5
343.1
320.1
291.7
303.9
268.9
265.5
265.2
238.7
294.8
302.1
286.7
493.3
354.7
274.8
275.7
254.8
340.5
374.7
255.8
357.3
322.4
387.6
453.2
414.2
363.3
387.9
356.1
296.7
332.8
279.5
287.4
191.4
129.7
169.6
188.5