NaN
4968.2
3220.1
1702.3
1314.5
1367.4
1654
2072.5
2515.4
3119
3959.2
4996.6
6336
8003.5
9752.1
12100.6
14786.8
17459.8
19254
17953.6
12812.9
7318.5
3180.8
1890.6
1958.9
2313.9
2646.2
3133.4
3797.2
4788.1
5863.9
7368.5
9372.4
11498.1
14248.9
17398.8
21400
25976.7
30448.4
31956
27762.5
18303.3
9247.4
2778.2
1357.1
1138.2
1089.7
1002.8
894.1
931.8
1024
878.4
825.4
889.4
1099.8
1140.9
1313.1
1495.1
1772
2071.5
2354.3
2292.5
2056.3
1536.8
1179.1
906
957.1
1012.1
1193.6
1470.2
1958
2486.2
3034.9
3745.4
4500.9
5289.9
5849.1
5771.4
4524.4
3047.6
1861.2
1254.3
1246.3
1372.6
1694.3
1737.6
2055.9
2327.2
2686
3589.3
4620.3
5842
7246
8810.9
10574
12600.7
13949.6
13717.5
11031.6
7257.4
4016.8
1999.6
1693.5
1851.4
2083.2
2408.9
2662.5
3207.2
3808
4635.8
5539.9
6813.1
8169.4
9901.3
12137
14545.3
17254.9
21188.8
25303.8
27983.6
27381.8
22290.9
14810
7874.7
2877.2
1822.3
1741.3
1804.5
1998.6
2095.9
2521.2
2817.6
3363.6
3998.8
4805.3
5855.9
6942.6
8424.6
10070.5
12003.5
14255
16962.6
20040.9
24452.2
27947.9
29063
26288.6
19879.6
12331.7
6009
2533.8
2164.9
2207.6
2378.9
2601.2
2910.1
3299.6
3865.6
4614.7
4920.8
4843.3
4216.4
3201.5
2208.2
1549.1
1303.7
1421.2
1490.2
1561.5
1771.2
2090.8
2610.5
3032.7
3578.7
4232.7
4874.8
5520.6
6547.2
7553
8115.7
7902.7
6600.3
4820.8
2902
1536.8
1191.2
1126.4
1153.1
1220.1
1307
1391.3
1542.1
1596.3
1808.1
2136.4
2623.8
3303.9
4165.6
5003.2
5960.6
6818.5
7944.8
9703.8
11336.6
12145
11752.8
10107.8
7252.7
4338.3
2099.2
1390.6
1306.1
1403.5
1393.9
1515
1609.7
1607.4
1767.4
2071.1
2110.3
2345.9
2671.6
3068.2
3546.5
4104.3
4810.2
5562.5
6415.9
7506.7
8656
10334.8
12141.1
13494.4
13581.9
12374
9828.4
6353.8
3337.5
1366.4
884.7
865.3
776
801
790
892
867.7
1085.6
1138.9
1210.7
1308.5
1456.2
1650.8
1897.4
2104.1
2440.3
2768.2
3164.8
3671.9
4151.2
4818.8
5612.7
6508.2
7747.3
8973.9
9610.2
9630.2
8724.9
7190.2
5454.1
3920.6
3077.7
2610.4
2044
1558.2
1006.4
774.4
927.4
775.1
828.2
769.9
764.3
783.7
857.7
1004.7
1115.4
1257.7
1441.3
1653.6
1844.7
2134.1
2348
2705
3257.2
3705.6
3803.3
3674
3345.5
2458.3
1638.1
821.8
508.5
429.2
375.5
397
374.5
434.9
460.8
494.7
545.3
585.5
613.1
889.3
696.5
764.6
910.6
1123.5
1495
1544.9
1914.4
2179.1
2424.4
2871.4
3319.1
3954.4
4598
4948
4697.2
4415.9
3400.7
2313.1
1448.1
947.6
966.7
966.1
933.7
895.6
787.4
766.5
717.1
629.2
665.8
653
674.6
734.7
810.3
795.5
933.1
1018.2
1087.1
1250
1575.2
1536.4
1801.7
2028
2295.1
2654.3
3052.4
3453.4
4105.2
4580.7
4885
4702.9
4293.6
3548.4
2502.9
1510.8
772.4
570.4
540.1
513
506.3
527.8
574.7
538.8
568.4
635.9
662
640.5
697.3
774.6
787.6
851.2
884.1
934.2
1040.8
1188.7
1425.7
1472.1
1720.3
2025.6
2389.4
2537.3
2614.4
2671
2690.2
2617.6
2546.3
2669.7
2774.5
2810.4
2717.1
2475.3
2137.4
1671.6
1070.6
733.3
650.7
559.5
573.6
565.8
578.3
689.6
756.4
830.9
938.5
982.7
1114.2
1261.3
1387.6
1517.4
1740.4
2058.6
2157.5
2196.7
2056.5
1871
1589.2
1078.4
753
440
380
389.8
436.1
413.1
411.3
390.3
445.2
398.6
527.6
400.3
490.2
505.5
509.2
538.5
607.4
552.4
535.4
566.4
672
649.4
772.9
861.5
1021.1
1122.1
1359.8
1437.2
1609.2
1803.7
2054.8
2439.4
2654.2
2749.8
2725.9
2636.6
2536.4
2211.4
1829.8
1533.5
1520.4
1418.5
1306.3
1214.7
1099.4
898.6
726.4
552.7
411
390.2
436.4
570
651.9
730.9
794
843.1
907
910.1
897.9
689.6
631.1
649
679.9
803.8
844.1
898.8
974.4
1081.6
1071.8
1259.4
1297.5
1366.5
1488.8
1635.1
1802.4
1952.6
2041.3
1967.3
1891
1729.8
1536.9
1207.5
823.9
639
518.8
442.6
431
472.8
414.1
413.2
461.5
420.7
483.2
477.8
539.7
542.5
604
689.1
768.1
794
799.7
817.6
739.9
699.6
617.8
621.4
429.2
391.6
331.9
375.5
381.6
409.7
436.8
578.5
519.9
475.8
589.5
576.6
588.3
659.7
705.7
750.3
796.5
927.2
892.4
918.4
939.1
901.4
848.9
772.5
781.4
721
697.3
721.1
794.2
816.2
916.7
955.5
1020.5
1104
1086
1008.3
984.2
900.9
807.3
730.4
588.8
532.4
497.4
490.1
521
441.5
421.3
454.6
408.3
411.4
351.1
464.4
347.7
358.2
375.8
363.6
428.2
489.5
510.9
693.6
555.5
587.5
584.2
657.6
696.9
719.8
790.3
779.8
813.9
878.1
909.1
989.8
1011.6
1047
1272.4
1242.2
1296.7
1337.2
1534.5
1606
1697.8
1741.9
1780.5
1806.7
1761.5
1748.4
1746.7
1679.5
1502.2
1403
1335.8
1225.7
1084.6
918.2
778.6
731.8
642.9
611.5
586.8
547.9
494.4
453.8
522.9
474.9
485.6
396.4
412.5
389.4
402.7
486.5
531.5
589.4
448.2
398.2
426.7
363.9
385.2
446.1
400.6
386.6
410.3
409.5
381.8
377.5
425.7
433
401.3
371
383.3
506.5
430.8
404.9
424
546
512.6
533.6
635.4
643.2
562.7
574.7
522.8
443.9
457.3
605.8
542.1
593.9
730.3
787.5
898.7
984.2
1114.8
1185.9
1255.9
1404.9
1466.8
1541.3
1526.6
1606.5
1707.1
1686.3
1692.4
1760.8
1782.9
1743.7
1761.3
1716.9
1813.3
1891.3
1791.4
1797.3
1807.7
1839.8
1903.6
1903.1
1893.6
1936
1916.2
1880.5
1811.8
1797.6
1812.9
1716
1695.4
1697.8
1741.3
1733.8
1871.8
1798.1
1852.9
1839.5
1834.8
1879.7
1867.5
1830.9
1803.6
1798.5
1879.3
1825.1
1763.4
1743
1811.7
1725.1
1748.9
1688.7
1685.1
1735.8
1695.2
1629.1
1531.5
1488.9
1390.6
1291.2
1246.8
1231.3
1244.9
1300.8
1302.8
1422.7
1354.7
1341.2
1434.4
1486.6
1540.1
1478
1402
1410.1
1323.3
1296.2
1216.6
1192.3
1191.4
1141.8
1065
1069.6
1075
1044.6
1064.6
1085.7
1183.8
1121.9
1139.4
1175.5
1132.6
1086.2
1100.6
1131.3
1075.5
1022.3
1079
1052.9
1022
1026.7
1060.9
1021.7
1129.8
1145.3
1217.7
1266.3
1266.9
1233.8
1242.7
1215.2
1149.8
1076.4
929
847.7
880.4
579.6
573.6
603.4
540.6
563.1
547.4
559.8
577.5
579
639.6
563.3
707.7
681.2
649.9
675.2
723.3
769.8
756.1
765.8
787.5
818.4
972.1
890.3
943
997.5
1049.5
1026.8
1050.3
1079.9
1140.3
1190.9
1170.5
1201.1
1201
1346.1
1460.5
1549.6
1723.2
1789.2
1970
2222.6
2477.2
2808
3327.6
3769.3
4214.9
4656.5
4848.5
5143.1
5215.7
5236.5
5336.8
5451.1
5509.3
5690.9
5744.2
5560.5
5369.1
4979.7
4815.6
4647.4
4619.7
4824.9
5163.5
5708.1
6249.7
6924.4
7237.6
7440.8
7573.5
7661.3
7731.7
7965.5
7908.4
7937.9
8191.7
7967.8
7599.2
7172.9
6429.1
6095
5744.8
5688.8
5799.1
6260.4
6795.6
7376.9
7954.5
8241.2
8528.8
8538.8
8578
8586
8800.2
9018.5
8992.2
9135.7
9077.3
8662.7
7935.6
7149.3
6615.2
6180.1
5885.6
6023.2
6418
6923.7
7582.3
8219.5
8771.2
9024.9
9109.2
9076.6
9078.1
9105.7
9375.7
9472.2
9590.5
9676.8
9478.1
8816
7886
7026.5
6272.4
5795.2
5606.8
5759.1
6068.2
6439.8
6987
7520.6
8181.4
8459.3
8569
8396.1
8272.7
8123.2
8286.4
8614.6
8636.5
8741.6
8668.8
8243.6
7420.5
6488.5
5727.5
5304.3
4987
5033.2
5343.3
5807.1
6245.2
6780.7
7463.3
7967.4
8269.5
8195.4
8009.1
7879.5
7729.2
8016
8395.2
8489.7
8530.7
8580.8
8209.4
7595
6481.8
5739.5
5215
4874.4
4907.9
5195.8
5410.9
5690.5
6228.3
6708.7
7261.5
7561.2
7745.4
7461.5
7135.9
6883
6871
7122.4
7344
7254.3
7236.8
7060.4
6653.7
6089.6
4794.1
4084.5
3449.5
3179.9
3097.8
2960.9
3038
3071.1
3192.9
3383.2
3670.4
4014.1
3936.6
3871.1
3663.2
3525.6
3509.3
3705.8
3953.3
4068.7
3945.1
4079.7
3762
3437.1
2733.8
2322.9
2035.2
1946.3
2009.6
2032.8
2109.7
2167.7
2250
2359.1
2586.5
2752.8
2806.2
2644.3
2593.1
2472.1
2413
2386.9
2432.6
2578.9
2424.8
2395.1
2388.8
2285.8
1968.4
1693.4
1512.2
1387.7
1442.7
1431.4
1440.1
1527.1
1664.3
1794.9
2012
2236.1
2553.8
2855.6
3007.4
3222.5
3212.2
3123.6
3010.8
3015.4
3161
3135.7
3290.6
3228.1
3103.5
2979.6
3025.8
2890.7
2656.7
2301.1
2020.6
1966.3
2065.6
2109.3
2100.2
2197.9
2333.4
2665
2979.9
3367.1
3807.2
4286.1
4721.9
5176.8
5464.5
5579.8
5371.1
5116.1
4973.6
5108.5
5325.6
5421
5555.4
5335.9
5090.4
4980.4
5004
4685.8
3877.6
3179.5
2942.5
3099.2
3168.1
3070.3
3113.5
3164.3
3510.1
3806.4
4318.4
4855.1
5544.5
6244.1
6976.6
7455.7
7869.8
8025.2
7782.3
7358.9
7072.6
7401.5
7715.3
7844.4
8163.2
7828.9
7438.7
7063.9
7310.4
6950.1
5970.5
4612.2
4285.2
4418.5
4490.6
4443.4
4241.2
4280.9
4523.4
5027.3
5450.9
6150
6858.3
7723.9
8628.5
9477.7
10094.2
10770.3
10714
10330.6
9740.4
9437.7
10025.7
10344.3
10610.8
11117.9
10744.1
10215.5
9541
9831.6
9482.9
8212.2
6284.3
5551.5
5707.1
5995.5
5784.4
5676.7
5704.2
5817.1
6316.6
7001.5
7748.8
8650.8
9633.2
10870.8
12024
13014.7
13855.7
14592.8
14527.4
13782.4
12982.7
12866.5
13570.6
13894.7
14461
14815.1
14525.6
13875.3
12834.6
13201
12974.4
11267
8671
7646.9
7827
8773.1
11646.7
16172.8
18446
17159.7
12635.8
10510
10647.2
11483.2
12520.5
14053.5
15478.2
16956
18023.8
19015
19560
19326.5
18374.8
17429.5
17462.5
18272.4
18706.9
19383.8
19804.5
19520.3
18453.4
17463.3
17541.5
16825.7
14435.2
11266.3
9515.2
9136.4
9050.3
8977.2
8695.8
8368.1
8035.1
8195.8
8677.7
9332.6
10177.7
11291.5
12441.9
13806
15009.8
16162.1
17207.9
17928.3
18254.7
17717.6
16927.6
16315.3
16314.2
16755.5
17302.5
17683.7
17815.7
17401.3
16536.6
15848.1
15645.7
14784.2
12830
10278.5
8428
7598.8
7282.6
7110.5
6798.6
6600
6101.7
6039
6084
6377.5
6849.1
7453.2
8120.7
8925.4
9767.5
10514.5
11339.8
11826.7
12289.9
12292.9
12255.8
11702.1
11394.1
11248.1
11427.4
11686.6
11943.7
11926.9
11715.9
11296.3
10949.7
10469.9
9785.4
8522.1
7198.9
5804.4
5016
4597.5
4197.3
3879.9
3652.7
3302
3122.6
2994.9
2947.3
2985.8
3108.8
3416.4
3637.1
3920.2
4319.4
4458.5
4802.3
4944.5
5077.8
5126.5
5076.9
4949.7
4767.4
4735.1
4774.6
4853.8
4793.3
4965.4
4788.2
4674.9
4499.8
4310.9
4017.6
3562.6
3042
2477.3
2131.1
1845.7
1506.4
1316
1173.4
1047.9
901.7
784.4
598.6
625.1
498.6
465.1
471.1
400.7
433.7
421.1
460.5
438.4
384.8
413.9
382.2
369
386.4
361
387.6
439.8
344.6
384.8
407.8
487.9
392.8
413.9
449.7
487.2
509.1
436
627.5
516.3
439.7
493.6
503.8
482.3
602.5
521.7
557.6
528.3
591.3
739.9
766.7
830.5
727.3
724
751.5
753
763.5
733.7
798.3
808.2
944.4
882.1
897.6
928.6
989.4
1103.9
1111.4
1162
1217
1374.1
1472.3
1738.8
1812.7
1917.3
2099.1
2382.4
2561.3
2693.6
2870.4
3540.1
5166
5756
4967.8
2878.1
1411.5
1287.3
1241.4
1259.4
1496.9
1466.5
1568.4
1773.4
1963.2
2175.7
2464.3
2709.1
3088.6
3533.4
3884.7
4430.2
5005.1
5647.3
6348.1
7094.1
7936.8
8850.6
9855.4
10859.8
11934.6
13158.2
14383.1
15561.6
18054.1
23337.8
29104.8
29941.6
24080.4
14155.8
7331.8
4361.2
3578.3
3177.1
2949.6
2754.5
2615.6
2433.1
2343.6
2401.8
2328.8
2460.5
2426.7
2603.5
2501.8
2670.7
2751.4
2978.6
3134.5
3392.6
3618.9
3990.7
4303.7
4643.3
4997.4
5408.4
5752.7
6240.7
6598
6868.4
7158.2
7296.9
7584.8
7704.4
7810.4
7852.2
7940.6
8086.5
8081.8
8090.7
8104.5
8066.9
8089.4
8056.1
7750
7596.5
7372.2
7247.6
6908.7
6591
6324.1
6006.6
5824.8
5537.8
5281.5
5092.7
4901
4778.1
4712.3
4918.2
5023.9
5221.8
5562.1
5730.6
6148
6542.9
7223.8
7614
8307
8994.3
9724.3
10480.3
11231.2
12106
12932.5
13493.8
13933.2
14224
14415.3
14671.7
14748.7
14742.5
14654.3
14675.8
14788.8
14797
14669.7
14598.5
14441.1
14536.1
14288.6
13907.8
13526.2
13237.2
12963
12687.2
12205.3
11719.9
11361.1
11091
10782.2
10600.8
10396.4
10529.9
10634.3
10757
10799
10827
10853.2
10748.8
10647.6
10528.9
10626.6
10742
10921.2
11093.7
11370.5
11886.5
12431.8
13438.4
14131.8
15138.2
16046.2
16859.2
17746.1
18257.4
19051.6
19740.9
20379
21020.6
21275.9
21911.9
22478.7
23150
23359.3
23543.9
24010.2
24678.6
25059.8
25593.2
25916.6
26100.6
26199
26007.3
25546.1
24712.1
23497.4
21837.7
20414.5
18733.9
17249.7
15880.7
14555.1
12997.6
11741.2
10650.2
9728.5
9036.7
8762.3
8673.2
8859.8
9132.3
9520.9
9991.7
10467.1
11149.6
11987.6
12987.8
13687.8
14780.7
15991.5
17160.8
18256.9
19437.7
20604.3
21640.8
22785.6
23901.2
25043.4
26180.4
27464.8
28875.4
29767.4
30710.5
31335.2
31544.4
31151.5
30722
30223.6
28890.4
27649.5
26519.4
25191.6
23767.7
22303.7
20643.9
19009.8
17328.4
15812.6
14191.4
12875.5
11857.5
10890.5
10128.5
9441.9
8900.2
8360.9
7941.3
7665.3
7425.7
7211.9
7109.2
7202
7289.9
7520.3
7841.7
8045
8393.8
8841
9391.6
10099.6
10667.9
11258
12013.4
12759.4
13316.1
13849.3
14330
14797.1
15188.5
15497.4
15908.3
16039.5
16255
16534.2
16564.9
16671.8
16745.8
16722
16601.6
16478.8
16303.3
16049.9
15519.4
15236.1
14802.3
14341.6
14068.8
13780.6
13618.9
13586.7
13651.9
13720.3
13626.3
13478.5
13267.3
13068.8
12488.9
12215.5
11108.9
10485.4
9918.9
9295.7
8824.4
8180.8
7653.7
7075.7
6500.5
5946.3
5424.2
4889.2
4351.8
3739
3282.8
2928.5
2576.7
2440.5
2259.1
2227.6
2086.5
2169.1
2094.4
2211.6
2224.9
2303.3
2322.1
2467.6
2584.9
2719.6
2749
2899.1
3054.4
3076.6
3308.8
3519.5
3666.1
3840
3990.6
4053.4
4082.3
4109.2
4133.1
4107.9
4047.7
3941.8
3770.7
3711.8
3538.6
3345.4
3218.1
3101
2877.7
2874.3
2420.9
2262.5
2098.4
2036.4
1789.4
1613.1
1457.8
1388.6
1353.4
1280.5
1312.4
1335.7
1347
1293
1336.9
1412.8
1517.7
1608.6
1633.6
1736.7
1903.8
2062.5
2188.4
2301.1
2526
2801.2
2922
3184.4
3492.7
3676.5
3981.8
4150
4343.1
4430.6
4467.6
4629.1
4537.9
4506.5
4462.2
4424
4350.5
4245.9
4136.5
3847.2
3722
3617.6
3433.2
3091.5
2801.4
2625.3
2422.8
2212
2010.1
1758.2
1514.1
1489.5
1286.7
1233.1
1150
1127
1141.4
1085
1101.1
1084.6
1152.6
1071.8
1047.6
1067.8
1104.9
1144
1139.5
1264
1329.8
1302.7
1441.7
1460.5
1603.4
1687.5
1827.8
1991.9
2249.4
2512.2
2679
2800.9
2842.4
2814.3
3028.5
2989.8
2857.5
2845.7
2895.8
2946.7
2919.4
3140
2652.1
2579.7
2491.2
2437.2
2213
2015.3
1848
1694.6
1525.6
1405.5
1281.6
1016.8
894.7
789.6
761.7
644.5
584.1
561.7
645.9
628.1
618.2
599.3
612.5
603.4
443.3
559.8
524
470.2
586.5
469.1
430.6
439.6
403.7
416.3
360.3
347.7
287.2
235.7
264.4
271.9
247.9
180.1
268
146.1
195.5
195.7
204.3
87.2
221.9
83.4
157.8
151.2
192.9
170.8
224.7
214.4
269.8
211.7
267
304.9
327.6
429.6
483.1
411.4
451.4
438.5
415.9
382
414.9
365.4
434.9
371.2
370.1
378.2
305.4
268.3
279.2
319.8
301.3
249.3
337.7
151.2
184.8
341.3
88.5
115.3
138.5
75.9
89.6
59.7
46.9
5.6
0
77
85
124
271.3
90.3
12.5
10.1
75.7
126.2
91.2
84
112
118.3
158.8
137.6
115.7
164.7
212.6
211.9
184.7
246.3
296.2
328
358.9
315.5
374.6
370.4
329.6
348.3
367.3
354.4
351.2
273.6
314.5
316.4
215.1
241.7
252.9
212.4
141.7
240.9
185.1
142
188.6
212
280.9
394
558.5
688
681.8
643.6
606
582.9
556
622
616.2
677.7
669
528.3
474.4
520.4
390.5
480.9
379
347.6
385.6
311
319.4
281.9
283.8
303.4
272.7
315.2
306.3
289
521.3
334.7
298
319
273.3
345
385.4
294.1
350.7
342.8
410.3
441.2
412.2
355.9
407.3
373.4
330.1
358.1
321.5
318.5
210.4
216.4
206
227.5
150.3