6440.9
5303.7
3504.6
2018.8
1215
1261.4
1596
1870.4
2286.6
2935.3
3773.4
4768.4
6122.9
7471.1
9334.6
11642.1
14210.6
16789.9
18967
18734.4
14294.2
8631.2
3701.7
1792.5
1897.5
2101.5
2424.9
2906.6
3592
4384.6
5480.6
7121.3
8703.8
10868.8
13443.8
16424.9
19992.4
24445.2
28537.5
31756.1
29557.9
20927.8
11364.3
3565.6
1356.1
1140.3
1008.9
886.2
854.6
990.3
758.5
733.1
730.4
943.5
880.4
1019.2
1189.3
1384.1
1647.2
1971.4
2064.8
2336.5
2171.3
1745.9
1180.4
875.9
764.3
887.6
1063.5
1315.1
1702.3
2211
2880.7
3543.5
4321.3
5094.4
5806.1
6042
5042.8
3514.1
2085
1188.1
1129.9
1450.5
1439.3
1768.9
1903.1
1978
2552.4
3177.8
4198.4
5431.8
6976.1
8078.1
9846.2
11919.4
13678.7
14610.1
12528.2
8575.7
4775.8
2003.4
1604.4
1791.5
1923.8
2141.5
2495.8
2940.6
3552.2
4236.1
5245.1
6202.5
7612.8
9336.8
11332.3
13622.9
16285.4
19493.3
23876.6
27335.3
28601.2
25268.8
17356.9
9574.8
3630.3
1764.9
1613
1731.5
1750.5
2052.4
2243.7
2598.7
3045.5
3670.3
4532.5
5348.1
6523.6
7753.7
9296
11202.2
13516.1
15882.3
18535.3
22347.6
26879.8
28985.8
28637.3
22449
14437.8
7348.8
2803.8
2054.6
2152
2179.6
2403.5
2741
3164.8
3730.4
4324.3
4892
5105.1
4617.8
3557
2461.1
1558.9
1259.3
1261.7
1325.5
1428.1
1643.4
2012.4
2276.9
2724
3380
4041
4668
5370.9
6121.2
7399.8
8274.7
8486.5
7532.8
5536.1
3401.3
1750.4
1052.2
1025.3
1035.7
1110.2
1150.4
1335.8
1353.7
1516.3
1652.6
1915.4
2396.2
3046.9
3768
4744.1
5704
6650.2
7682.4
9131.5
11033.6
12368.6
12694.6
11360
8270.1
5093.4
2435.3
1353.6
1303.5
1242.1
1326.7
1426.9
1389.4
1498.1
1771.3
1729.1
1961.4
2169.7
2457.5
2840
3307.9
3928.9
4526.4
5234.4
6212.7
7218.4
8368.1
9621.2
11582.1
13502.1
14291.5
13510.6
10929.9
7376.4
4021.5
1570.4
847
726.7
680.7
616.2
696.2
672.6
913.8
943.4
991
1031.9
1169.2
1311.4
1506.9
1659.5
1958.3
2208.4
2541.3
2959.9
3312.2
3934.3
4613.7
5300.1
6145.4
7279.6
8672.3
9753
9879.7
9331.3
7694.4
6006.2
4424.2
3290.1
2829.6
2338
1584
1003.1
915.1
667.5
695.4
624
601.4
619.8
659.4
740.9
836.5
959.9
1121.8
1257.6
1482.9
1753
2022
2266.5
2582.3
3048.9
3545.8
3866
4046.7
3538.9
2792.1
1767.9
917.9
393.9
270.3
251.4
269.4
285.7
328.3
333.9
398.3
416.7
450.2
797.2
485.6
531.4
640.5
780.3
1128.1
1086.5
1434.6
1747.5
1930.7
2348.2
2594.2
3068.2
3711.8
4549.7
4968.9
5198.4
4633.7
3701.5
2566.2
1481
885.5
785.9
785.1
826
743.7
706.7
689.7
548.6
532.5
494.6
519.6
533.4
589.9
560.1
691.4
755.1
806.5
928.2
1275.2
1214.4
1367.4
1608.1
1861.2
2130.5
2447.3
2735.7
3199.6
3683.6
4464.7
4896.7
4977
4567.9
3814.2
2765.9
1635.7
786.7
446.8
372.2
347.8
372
427.5
417.9
427.6
472.9
511.8
494.1
502.8
606.7
620.5
651.3
649.8
731.5
802.2
899.6
1111.9
1167.7
1378
1610.9
1902.1
2146.1
2401.3
2593.4
2733.5
2671.1
2633.6
2462.2
2393.9
2603.5
2803.3
2736.1
2547.6
2247.9
1676.3
1124.6
767.5
447
441.4
394.3
397.6
489
513.8
558.5
676.6
731.9
858
1004
1105.6
1195.1
1335.6
1546.1
1843.9
2164.4
2200.3
2177.2
1952.6
1614.8
1172.6
689.5
364.2
258.8
274.4
270
220.5
231.5
286
264.5
376.3
244.2
304.3
321.5
342.2
364.1
463.8
391.6
346
370.5
453.2
448.3
469.8
506.7
672.4
773.4
1055.9
1108.4
1301.5
1389.5
1587
1810.4
2133.4
2555.4
2703.6
2770.4
2671.6
2499.4
2153.1
1698.2
1471.7
1234.9
1184
1165.3
1152.7
896.7
793.5
607.4
417
321.2
230.1
313
248.4
410.3
560.1
629
724.6
751.6
848.6
688.8
617.9
497.4
473.3
592.4
629.6
660.8
737
839.7
826
1001.3
1021.5
1129.9
1297.1
1377.4
1445.8
1609.2
1804.3
1905.4
1996.5
1889.3
1750.2
1503.6
1119.9
808.8
563.7
370.3
331.4
345.9
286
298.7
316.4
282.7
322
321.7
344.6
353.1
394.3
488.9
531.7
558
612.7
717.6
728
647.3
633
644
408.5
298.8
209.4
250.4
203.3
199.9
233.7
373.1
304.7
312.5
383.5
383.9
400.2
434.5
549
565.3
577.8
668.9
702.2
769.4
826
834.6
783.2
755.8
732
695.7
638.3
515.7
614.5
613.8
694.8
715.4
788.6
933.6
1025.5
943.6
908.7
866.7
813.3
782.3
587.5
474
397.5
398.2
420
315.8
280.8
310.1
301.7
261.9
207.8
337.1
236.3
240.7
234.8
209.6
261.5
306.6
304.5
516.2
384.7
399
404.8
474.9
522.6
564.5
602.4
562.9
662.4
691.5
678.7
810.1
808.5
837.4
1087.6
1021.1
1092.5
1124.9
1268
1330
1455.9
1541.1
1671.5
1713.9
1671.2
1686.8
1632
1623.3
1490.9
1427.5
1360.7
1234.9
1111
987.3
824.4
742.9
645.9
581.6
530.3
524.3
436.5
394.9
452.8
433.5
383.5
242.8
248.1
254.5
260.5
376.7
461.9
520.9
336
247.2
289.7
216.4
225.5
296.3
237.2
230.8
250.8
259.8
291.7
236.6
267.5
295.4
300.2
279.2
225.2
392.6
302.5
228.2
247
349.4
297.5
354.9
506.6
510.2
431.9
417.4
451.4
364.7
346.9
429
332.3
389.4
464.7
504.5
592.4
691.1
871.8
866
980.3
1183.8
1235.8
1369.5
1386.9
1453.5
1561.8
1622.5
1576.2
1653
1683
1711.6
1711.9
1665.4
1719
1808.1
1691.9
1711.6
1686
1749.4
1825.5
1801
1824
1869.2
1882.6
1908
1877.3
1832.9
1760.5
1716
1651.3
1632.8
1700.3
1644.4
1802.3
1678.8
1775
1719.6
1726.1
1796
1839.3
1879.5
1804.5
1741.2
1840.8
1741.9
1719.6
1712.4
1743.3
1726.1
1716.9
1635.5
1619.4
1645.5
1665.7
1610.5
1583.7
1531.5
1456.2
1300.1
1261.5
1186.4
1175.3
1190.2
1158.1
1289.5
1206.7
1266.8
1302.4
1334.8
1406.2
1398.5
1397.7
1384.8
1295.7
1273.8
1204.2
1181.1
1119.2
1097.2
1020.3
975.2
942.6
877.2
907.8
962.5
1015.9
1000.6
988.1
1100.9
981.7
979.9
968
973.3
987.5
905.4
985.8
902.9
924.4
886
872.2
819
874.4
918.2
1046.6
1057.1
1084.2
1073.5
1047.1
1041.2
1110.6
1018.6
923.7
863.6
920.3
572.4
509.4
552.8
392.1
400.4
413.4
380.2
424.7
414.2
486
391.6
503
495.9
483.2
498.5
480.4
586.2
596.3
581.7
608.5
622.2
754.1
711.3
770
771.7
814.1
847.4
903.6
881.7
959.7
1044.6
978.4
1034.9
989
1131.3
1196.2
1239.7
1441.1
1483.8
1638.4
1793.7
1989.9
2263.3
2664.2
3077.2
3500.8
4060.6
4559
4989.6
5164.1
5285.4
5301.5
5405.8
5516.3
5627.2
5753.4
5860.5
5948.9
5643.7
5376
4979
4749.3
4791.8
4762.7
4993.3
5552.1
6196.7
6816.9
7352.2
7795.2
7836.2
7918.7
7986.2
7921.1
8204.7
8157.3
8265.3
8451
8440.4
7708.1
7015.1
6339.5
5943.3
5706
5769
6159.9
6689.4
7261.7
7811.8
8545.6
8773.9
8887.1
8901.7
8854.3
8936.4
9180.9
9268
9416.9
9588
9363.7
8812.7
7801.8
6968.5
6381.3
6005.2
5988.1
6369.9
6862.4
7427.8
7968.7
8787.3
9226.2
9573
9492.9
9356.1
9281.6
9441.5
9849
9837.7
9981.3
9964.9
9545.3
8984
7705.6
6698
6149.8
5706.4
5662
6031.2
6338
6860.1
7368.2
8142.3
8711.6
8851.1
8921.2
8435.5
8306.6
8316.8
8654.9
8884.7
8937.2
8953.5
8628.8
8331.5
7255.7
6303.1
5487.8
4976.4
4997.6
5403.8
5600.6
6081.3
6617.4
7122.5
7874.1
8313.3
8572.9
8368.5
7979.3
7929.6
7864.4
8291.9
8592.2
8782.4
8767.1
8544.3
8232.2
7238.3
6258.7
5336.3
4805.9
4873.6
5114.8
5279.9
5530.8
6051.9
6445.2
7015.9
7662.8
7833
7769.4
7264.1
6902.9
6845.2
6954
7424
7466.4
7379.9
7246.8
7295.2
6555.6
5353.1
4428.6
3542.5
3154.5
3053.2
3163
3008.5
2938.9
3057.3
3245.3
3673.2
3769.7
3987.5
3935.5
3726.4
3514.7
3509.3
3550.2
3889.1
3991.2
4210.2
3887.7
3830.1
3633.8
3128.1
2477.6
2043.8
1828.7
1898.8
1953.7
2008.9
2063.2
2064.7
2208.6
2407.6
2603.3
2741.3
2780
2593
2452.2
2333.4
2260.3
2456
2460.6
2473.9
2340.2
2339
2237.9
2160.8
1842.6
1526
1395.7
1343.4
1261.4
1337.8
1424.5
1484.4
1668
1842.7
2095.8
2429.5
2638.1
2975.8
3141.9
3276.8
3257.2
3109.8
3102
3012.8
3149.4
3134.8
3289.6
3276.1
3082.7
2934.8
2998.2
2934.3
2427.7
2015.6
1878.4
2037.8
2067.4
2053.3
2038.4
2236
2440
2789.5
3157.2
3565.3
4038.8
4628.6
5018.8
5461.8
5634
5652.3
5370.5
5058.2
5148.9
5310.8
5401.9
5670.8
5718.5
5461.3
5086.2
5103.7
5073.2
4511.4
3575.1
2985.3
3039.8
3148.3
3194.5
3063.4
3178.1
3219
3702.8
4039.9
4642.3
5269.2
6084.6
6708.1
7299.1
7826.1
8297.1
8223.2
7868.2
7342.4
7382.9
7828.6
7960.6
8186.7
8395.6
7959
7516.8
7252.4
7540
6785.5
5499.6
4388.8
4337.1
4615.2
4590.9
4425.8
4378.3
4391.9
4746
5288.3
5925.3
6612.1
7289.1
8312.6
9227.8
10119.6
10707.4
11185.8
10955.3
10411.6
9825.4
9953.7
10455.4
10781.6
11267.2
11288.6
10899.5
10175.3
9815.3
10219.6
9407.2
7567.4
5956.8
5771.7
5948.2
6013.5
5977.5
5832.7
5756.8
6153.8
6770.1
7404.4
8411
9281.8
10364
11623
12878.3
13860.8
14648.5
14861.3
14686.7
13930.1
13268.3
13501.1
14153
14491.7
15092.6
15221.7
14680.6
13688.3
13504.3
13647.9
12630.4
10475.4
8346.4
8022.1
8455.8
9960.8
13806.3
17111
18033.1
15368
11908.1
10834.8
11288.6
12260.6
13504.1
15111.8
16495.1
17849.7
18993.5
19810.7
19958.2
19447.9
18588.9
17967.7
18235.3
18957.1
19547.4
20203
20256.2
19559.2
18419.3
18081.7
17777.5
16437.7
13598.8
10925.5
9641.1
9407.6
9336.9
9194.8
8779.5
8412.6
8271.5
8533.2
9126.2
9974.9
10970.6
12152.2
13393.5
14615.3
15959.1
16996.8
18119.3
18478.3
18504.7
17983.2
17264.7
16861.2
17094
17330.2
17879.8
18213.1
17980.3
17487.5
16889.9
16261.5
15792.8
14372.8
12076
9821.6
8344
7682.9
7358.9
7303.5
6761.2
6492.6
6183.9
6152.5
6355.8
6681.3
7179
7838.1
8593.2
9414.3
10266.9
10956.1
11761.4
12187.4
12584.9
12493.5
12263.3
11789.4
11641.6
11599.5
11786.5
12080.3
12188.9
12103.9
11813.4
11478.1
10944.4
10379.2
9461.5
8059.7
6722.9
5681.5
4898.8
4370.7
4183.1
3783.3
3542.2
3264.9
3011.5
2891.5
2915.9
3150.2
3230.9
3425.7
3885.2
4029
4327.7
4604.8
4853.9
5023.8
5101.8
5107.5
4977.5
4921.6
4833.7
4817.6
4714
4952.1
4884.5
4899.6
4719
4669.9
4415.2
4164.7
3768.6
3255
2830.2
2339.1
1893.4
1594.8
1362.7
1211.9
1081
913.6
735.3
713
500.2
433.3
405.2
309.4
311.9
278.4
381.3
331.2
279
295.3
214.9
231.2
237.7
265.9
281
311.4
233.2
266.1
265.4
379.3
293.2
281.6
314.8
356.4
371
307.4
460.6
385.2
330.3
328.3
381
347.2
456.7
360
400.2
355.8
410.2
526.3
484.5
652.3
625.8
609.1
712.3
634.8
638.9
588.4
629
647.8
818.4
693.2
727.7
732.5
817.4
919.1
912.2
939
984
1090.9
1162.2
1410.9
1434.3
1533.1
1650.7
1921.2
2087.6
2227.6
2396.6
2637.1
2849.4
3788.7
5331.2
5368.4
4148.1
2043.7
1164.6
1131.8
1351.5
1220.2
1282.5
1437.7
1585.2
1720.3
1967.4
2109.1
2403.6
2862.9
3105.1
3601.1
3972.6
4523.3
5104.2
5736.7
6487.3
7231
8057.6
8920.7
9972
11092.1
12221.8
13278.4
14357.3
16102.2
19788.8
24866
28541.3
27197.9
20421.7
11651.3
6427.6
4066.1
3368.7
3056.6
2863.5
2607.1
2475
2484.6
2331.3
2444.2
2314.6
2486.7
2348.5
2486.4
2491.8
2688.8
2761.2
3038.9
3241.9
3521.3
3792.9
4128
4427.3
4802.8
5239.8
5610
6012.6
6455.8
6831.8
7050.7
7467.6
7420.4
7765.8
7929.4
7953.3
8030
8183.5
8296.3
8316.8
8231.1
8218.3
8233.7
8204.4
8091.9
7862
7731.3
7426.6
7204.7
6989
6618.8
6375.8
6115.7
5794.2
5553.6
5303.9
5140
4961.7
4998
4866.5
5002.4
5280.2
5384.8
5696.4
6022.7
6530.7
6883.8
7472.3
8097.1
8806.7
9403.7
10197.1
11129.8
11910.9
12667.1
13353.4
13930.4
14319.8
14655.4
14884.1
15169.3
15135.1
15070.7
15110.6
15124.3
15192.4
15185.9
14884.9
14882.8
14948.4
14841.4
14579.3
14164.8
13707
13598.9
13298
12819.8
12267
11976.7
11617.9
11371.8
10965.1
10798.5
10756.7
10995
10996.5
11086.4
10964.9
11122.7
11141.2
11060.2
10911.9
10945.1
11063.3
11087.2
11318
11489.8
11846.8
12597.4
13127.7
13878.5
14958.1
15802.8
16760.8
17539.2
18341.1
19078.1
19805.8
20565.5
20984.9
21518.6
22155.8
22769.9
23237.2
23610.5
23975.5
24556.9
24817.7
25392.3
25861.2
26394.2
26521.9
26650.3
26601.5
26371.1
25713.5
24639.7
23308.1
21828.5
20263
18780.6
17537
15979.8
14632.7
13144.4
11925
10759.7
9880.8
9215.7
9025.6
9113.2
9241.7
9510.3
9830.6
10350.3
11027.5
11834
12486.6
13425
14517.8
15624.2
16626.9
17762.9
19127.5
20162
21222.7
22445.4
23590.4
24542
25844.2
27219.5
28391.9
29586.4
30783.8
31534.9
31767.2
31634.2
31653.8
31011
30076.9
28962.9
27769.8
26511
25038.1
23881.9
22435.7
20811.5
19061
17375.9
15771.8
14327.9
13006.8
12060.3
10990.3
10281.4
9534.3
8960.8
8504.8
8193.4
7754.1
7574.2
7376.7
7412.3
7408.2
7664.3
7776.8
8046.3
8285.1
8788.8
9445.9
9902.2
10465.3
11142.7
11961.9
12495.3
13197.8
13814.2
14334.2
14912.7
15325.6
15736.3
15916.5
16233.4
16592.3
16731
16862.8
17129
17177.9
17194.9
17297.8
17030.8
16915.6
16595.1
16356.1
16014.2
15521.7
15128.4
14644.7
14373.9
14148.7
13981.7
13961.2
13945.5
14075.6
13880
13727.2
13543.7
13591.4
12627.5
11922.1
11197.7
10588.6
10012.5
9293.7
8721.1
8333.9
7702.4
7117
6514.3
5838.1
5435
4950.1
4382.6
3797.5
3194.6
2942.1
2655
2477.3
2228.5
2239.4
2099.9
2221.8
2159.7
2184.7
2232.8
2305.8
2410.3
2557.8
2601.1
2707.9
2916.6
2880.3
3092.8
3245.2
3432.7
3568.3
3847.9
4022.5
4057.7
4032.1
4115.6
4183.4
4158.8
4142.9
4037.7
4046.4
3788.6
3621.7
3502
3400.2
3201.5
3286.6
2839.6
2683.8
2458.5
2337.6
2109.2
1956.7
1750.9
1613.6
1480.2
1343.8
1355.9
1290.1
1318.9
1221.7
1230.9
1270.6
1410.9
1438.6
1469.4
1529.2
1644.2
1746.6
1940.8
2017.1
2207.7
2458
2522.4
2738.4
2922.3
3244.4
3602.7
3828.5
4002.5
4195.1
4299.5
4539.6
4448.2
4479.7
4537.2
4560.3
4481
4442.1
4424.2
4201.6
4015.8
3914.7
3791.5
3582.6
3370.5
3087.3
2758.1
2621
2482.1
2207.2
1856.7
1776.4
1482.4
1414.1
1264.9
1163
1146.6
1071.7
1123.7
1057.1
1122.9
1059.2
1019.9
1043.5
1042.3
1111
1034.6
1169.8
1208.9
1171.7
1294.8
1316.1
1435.5
1504.9
1617
1729.6
1934.9
2153.4
2224.3
2512.4
2583.5
2710.5
2945.2
2918.7
2851.6
2829.2
2873.5
2903.5
2950.7
3233.9
2788.1
2756.1
2654.6
2560.2
2459.6
2406.7
2283.9
1958.1
1720.2
1651
1582.5
1344.5
1195.9
993.6
932.4
767.4
634.5
622
656
630.1
633.9
569.2
617
636.2
444.9
571.1
557.1
459.5
556.9
480.7
412.5
420.9
387.6
402.7
390.7
397.1
304.7
257.7
276.5
312.4
264
190.4
316.7
179.6
176.9
175.9
200.5
55.9
203.5
71.8
152
152.4
170.6
120.2
204.7
164
250.4
177.1
238.8
278.4
288.6
355.1
437.5
376.5
436.3
441.4
377.7
367.2
438.7
394.6
454.2
393.9
358.5
380.9
312.4
296.2
293.3
337.2
307
289.6
405
201
213.7
399.7
129.7
128.7
148.8
78.3
96.6
81.9
39.5
9.1
0
68.2
60.7
101.9
260.5
78.7
22.4
67.8
71.2
153.1
73
37.6
82.9
99.9
142.3
97.4
94.9
143.2
194.7
216.9
152
224.5
252.3
255.5
302
289.9
363.3
381.4
364.1
323.5
385.9
361.1
403.8
328.8
384.8
337.3
237.1
218.7
277.8
228.5
239.9
275.2
261.8
172.8
171.4
167.9
151.3
228.6
368.8
542.8
588
632.8
679.5
641.2
595.3
606.7
603.3
698.1
720.9
556.7
567.7
639.6
487.6
613.4
438.5
481.5
443.6
363.3
391.9
315
306.7
323.7
301.4
347.6
344.9
337.6
548.7
330.4
303.9
299.2
272.2
375
400.2
306.9
380.5
372.5
433.7
470.5
429.6
404.4
432.6
434.6
357.6
410.4
336.4
367.3
305.2
287.8
285.5
340.3
270.9
300.3