6629
4869.7
3130.6
1724.3
1368.8
1637.1
1933
2294.4
2833.7
3606.7
4551.5
5840.3
7281.8
9041.7
11175
13868.2
16990.8
19775.4
20803.9
18034.9
12187.2
6554
2694.6
2090.1
2190.4
2466.8
2881.4
3527
4250
5343.3
6798.9
8339
10468
13011.9
16045.6
19599.5
24226.8
29049.7
33151.8
33404.3
26677.8
16844.6
7792.7
2232.8
1462.4
1281.8
1104.7
1102.5
1163
983.1
944.7
962
1103.8
1088.5
1213
1407.3
1547.5
1820.4
2184.6
2386.8
2697
2594.8
2281.2
1692.9
1261.3
1022.5
1078.9
1206.4
1435
1852.2
2316.7
2984.7
3698.1
4515.3
5441
6248.3
6669.5
6122
4677.1
3111.9
1835
1397
1592.9
1613.7
1925.5
2094.8
2131.6
2617
3245.7
4164.4
5464.4
7027.8
8367.6
10087.4
12503.6
14503.9
15692.6
14630.7
11146.5
7129.5
3551.1
1923.1
1954.9
2099
2254.7
2619.6
3036.6
3677.8
4337.4
5239.6
6280.8
7621.1
9385.5
11337.6
13688.1
16449.9
19729.7
24407.8
28363.5
30190.2
28713.7
22115.6
13928.7
6945.7
2567.9
1939.6
1983.5
1934.8
2211.7
2367.4
2715.7
3156.9
3743.5
4516.2
5287.4
6456.5
7707.3
9251.1
11150.4
13394.8
15829.7
18578.8
22415
27114.6
29950.8
30410.9
26478.2
18968.2
11351.7
5127
2571.2
2449.8
2515.2
2722.1
3057.6
3435
4003
4650.7
5244.4
5557
5339
4513.4
3399.1
2329.3
1646.1
1495.8
1541.7
1637.4
1816.1
2164.3
2413.3
2854.9
3495.7
4200.2
4872.7
5519.4
6354.7
7692.7
8740.2
9055.2
8623.5
6973.3
4788.2
2892.9
1521.4
1283.2
1234.6
1305.8
1367.3
1457.2
1542.6
1666.7
1825.6
2068.1
2465.1
3027.2
3774.3
4755.2
5700.4
6738.9
7780.5
9229.8
11121.9
12585.4
13416.3
12706.9
10342.4
7136.7
4019.8
1970.7
1461
1425.5
1452.9
1538.7
1526.7
1627.4
1830.3
1857.5
2043.5
2304.4
2583.7
2918.7
3354
3892.7
4475.5
5243.8
6190.4
7152.5
8293.7
9520.1
11394.4
13460.6
14599.6
14548.8
12819.3
9607.4
6074.3
2991.6
1314.1
943.1
861.8
828
846.1
802.5
1007.7
1069.1
1115.9
1176.1
1278.6
1412.5
1604.8
1749.8
2026
2247.8
2621.6
2996.5
3402
3995.3
4626.4
5269.2
6109
7148.3
8624.9
9839.4
10276.3
10135
9033.6
7362.5
5661.7
4120.5
3335.2
2940.5
2171.8
1568.7
1209.4
834.3
879.5
833
793.7
823.2
859
949.1
1032
1135.4
1274.2
1402.5
1639.5
1899.2
2176.1
2427.5
2732.6
3209.4
3700.4
4104.1
4368.8
4011
3525.8
2516.8
1620.7
826.1
507.5
431
451.1
446.5
465.1
495.9
572.4
595.8
602.6
899.3
668.3
704.5
782.7
910.8
1211.2
1228.6
1493.1
1822.1
2071.4
2421.5
2741.4
3183.6
3838
4676
5101.9
5518.5
5116.4
4501.7
3422.6
2269.8
1382.6
1016.8
1015.8
1037.2
960.1
936.6
913.4
783.8
741
686.4
692.7
731.7
765.6
810.1
885.6
926.9
990.8
1081
1371.1
1351.3
1534.4
1748.9
1985.4
2237.5
2608.1
2892.5
3338
3807.3
4511.1
5064
5223.7
5014.9
4444.6
3595
2434.9
1419.1
809
561.2
541.2
572.5
606.7
566
599.1
666.7
664
666.4
700.9
793.4
776
831.1
853.1
904.5
970.1
1085.3
1306.5
1352.2
1523.1
1722.8
2033.5
2347.8
2659.2
2815.2
2998.6
2969.9
2940.1
2861.7
2739.5
2859.4
2974.7
3006.7
2833.3
2620.7
2183
1610
1158.9
714.3
606.3
596
597.5
673.8
697.6
747
834.9
903.6
1050.3
1181.6
1304
1369
1532.7
1746.2
2041.5
2341.7
2484.2
2428.9
2268
2038.6
1630.5
1129.8
707.8
481.4
479.1
481.8
405.1
413.2
452.8
458.7
530.8
432.8
496.9
517.8
526
557.1
617.2
595.9
528.1
549.9
656.4
596.1
667.9
754.5
889.3
961.4
1237.4
1288.3
1487.4
1600.8
1753.1
2005.7
2343.1
2717.7
2911.9
3007.9
2956.7
2856.3
2571.5
2194.6
1885.3
1550.8
1472.2
1408.5
1392.3
1190.2
1071.5
898.8
699.4
572.1
449.9
482.1
481.3
601.2
825
891.3
955.9
1035.5
1128.3
1005.5
900.7
767.2
681.5
785.6
813.7
877.9
936.2
1032.5
1038.7
1200.4
1262.3
1301.1
1473.4
1568
1654.7
1776.2
2015.4
2167.7
2224.2
2119
1988.9
1830.3
1497.3
1226
940.9
599
548.4
512.9
493.7
472.3
504.5
465.7
533.7
522.3
559.9
531
605.9
670.3
732.9
767.7
856.1
921.5
933.7
915
845.2
833.8
704.1
599.4
489.7
438.5
393
388.8
441.9
555.1
506.7
489.9
604.9
578.8
607.1
643.7
717
741.5
767.9
883.1
906.5
952.8
1037
1018
966.6
965.7
969.6
915.9
802.7
789.2
794.3
827.6
913.6
956.1
1017.5
1128.8
1190.3
1211.9
1138.9
1132.9
1094.9
1045.6
849.1
732.8
628.6
605.2
630.7
514.2
488.3
511.8
523.1
444.1
454.1
523
431.1
428.1
450.8
378.1
458.5
478.1
494.4
658.9
585.9
609.4
602.9
650.4
714.7
752.8
800
770.9
837.6
903
936.8
992.7
1022.8
1038.8
1230.5
1225.5
1307.5
1330.7
1499.5
1553.8
1626.4
1742.7
1881.5
1937.3
1922.5
1883.8
1929.4
1933.6
1825.3
1735.7
1611.7
1524.3
1406.6
1272.8
1132.3
1038.1
901.1
809.4
749.6
717.5
667.9
617.4
681.6
605.9
576.6
469.2
464.7
446.2
472.6
535.2
579.6
640
518.8
476.3
501.6
453.2
428.9
469.2
462.2
449
422.4
479.9
476.2
426.3
445.4
447.5
479.3
443.7
422.5
548.5
474.7
422
463.1
512.5
491.5
555.8
667.9
694.7
643.3
646.1
661.7
619.6
540.9
626
522.5
585.8
665
705
796.3
921.8
1098.9
1086.1
1195.9
1346.4
1486.3
1587.1
1592.2
1673.8
1782.1
1828.7
1838
1911.7
1946.1
1978
1964.5
1946.8
1972
2061.4
2015.7
1957
1929.6
1964.5
2060.2
2065.9
2115.4
2117
2112.7
2168.9
2146.5
2086.8
2063.9
1983.2
1964.5
1908.7
1941.1
1901.7
1980.5
1958.6
1991.7
1977.8
2030.8
2049.3
2094.5
2142.7
2034.9
2017.8
2099
2017.7
1976.5
1948
2012
1951.8
2003.3
1909
1939.2
1902.9
1882.4
1873.9
1833.7
1812.8
1721.3
1591
1540.1
1449.9
1423.2
1422.2
1357.9
1499
1408.2
1486.1
1507
1563.3
1616.4
1635.4
1643
1613.5
1585.1
1557.9
1485.7
1415
1356.9
1325.7
1257.1
1201.6
1202.4
1130.1
1132.7
1200
1224.3
1249.9
1269.5
1303.5
1244.1
1207.8
1178.6
1227.7
1189.4
1154.6
1196.8
1169.2
1168.9
1114
1097.9
1064.1
1099.4
1137.6
1252.8
1267.5
1335.6
1299.9
1307.1
1310.5
1356
1268.7
1187.9
1116.8
1126
853.3
780.3
749.7
641.4
621.9
623.8
582.5
633.2
616.1
668.5
609.6
701
663.2
683.3
725.6
723.7
770.2
799.4
816.9
812.7
821.1
947
881.9
972.8
965.2
1026.6
1020.7
1088.4
1111.4
1157.2
1147.4
1224.5
1237.5
1242.2
1311.6
1403
1461.1
1622.2
1653.8
1848.9
2001.3
2180
2462
2823
3280.7
3732.4
4317.3
4861.2
5320.8
5502.9
5679.1
5763
5864.9
6026.6
6078.2
6160.9
6311.6
6481.6
6189
5888.1
5491.5
5284.1
5239.8
5117.9
5392.2
5872.4
6465.4
7086.5
7731.8
8125.6
8332.7
8467.3
8629
8572.1
8719.5
8741.8
8874.9
9048.9
8977.1
8313.1
7679.2
6991.4
6600.4
6268.2
6214.2
6498.3
7006.8
7565.5
8152
8912.2
9195.9
9430.9
9449.9
9429.6
9548.5
9758.1
9820.7
9891.5
10182.5
10011.5
9440.6
8502.3
7646.4
7020.6
6615
6413.3
6622.3
7175.2
7736.1
8345.8
9085
9618.3
9950.1
10038.2
9942.6
9918.4
10025.9
10348.3
10381.4
10453.7
10574.7
10184.5
9582
8380.9
7388.6
6801.5
6236
6035.2
6274.6
6620.3
7125.3
7658.4
8436.5
8997.5
9224.8
9309.5
8982
8848.8
8887.2
9116.4
9358.3
9406.1
9535.1
9198.4
8896.6
7918.7
6833
6091
5537.4
5315.1
5569.8
5824.8
6302.4
6816.3
7412.7
8156.9
8707.3
8930.5
8965.8
8585.1
8449
8374.5
8709
9011.8
9185.4
9280.4
9113.8
8771.9
7947.7
6854.9
5961.6
5379.4
5237.3
5335.7
5552.2
5794.6
6333
6779
7271.3
7951.1
8204.8
8232.7
7848
7385
7342.4
7315.5
7801.2
7886.1
7728.9
7809
7722.8
7093.4
5981.8
5014.6
4122.7
3558
3339.3
3388.8
3281.2
3202.9
3301.4
3474
3868.5
3981.1
4229.8
4266.5
4038.4
3874.6
3837.3
3874.4
4158.3
4277.1
4480.4
4268.4
4192.5
3987.9
3590.4
2901.5
2412.4
2156.4
2165.5
2157.3
2291.5
2346.3
2325.9
2497.2
2674.5
2917.9
2975.2
3112.5
2946.5
2818.1
2623
2576.3
2764.7
2722.4
2788.5
2646.6
2658.5
2539.9
2479.4
2188.1
1808.9
1661
1571.8
1548.7
1557.7
1636.2
1755.5
1869.3
2062.9
2329.3
2655.1
2859.2
3200.8
3444.7
3617.7
3642.1
3507.3
3388
3346.8
3483.3
3499.5
3592.3
3658.7
3471.7
3315
3349.7
3261
2850.9
2377.9
2175.5
2257.8
2289.9
2284.5
2307.6
2416.4
2673.9
2988.4
3395.4
3811.5
4284.2
4876.6
5374.7
5813.6
6031.2
6102.3
5868.5
5548.2
5535.9
5723.8
5825.4
6074.7
6145.2
5914.2
5565.3
5493.9
5478.1
5054.6
4093.7
3409.1
3284.5
3435.9
3472.5
3338.1
3403.1
3448.1
3876.3
4294.9
4874.6
5494.3
6244.3
6949
7713.3
8255.3
8748.3
8778.1
8370.9
7878
7798.6
8211
8414.9
8680.9
8908
8529.1
8080.1
7753.5
8020.3
7449.1
6195.1
4878.1
4604.8
4872.3
4900.1
4708.7
4645.3
4599.3
4915.8
5565.7
6070.1
6842.4
7532
8570.4
9651.8
10515.4
11151.7
11745.1
11626.7
11167.2
10482.7
10419.9
10922.5
11334.9
11748.4
11966.3
11599.7
10843.4
10388.7
10834.7
10136.6
8385.9
6439.3
6079.3
6158.8
6356.6
6245.1
6118.1
6060.4
6335.8
6973.2
7609.8
8554.1
9553.1
10630
12000.7
13330.6
14352.3
15201.5
15595.7
15399.7
14764.5
13932.1
13987.7
14737.3
15099.8
15685
16013.4
15461.5
14580
14069.5
14418.8
13617.6
11504.9
8915.8
8313.4
8721.5
10093.9
14494.2
19205.6
20834.3
18284.8
13220.1
11350.9
11661.7
12640.1
13828.5
15416.8
16942.6
18449.6
19624.4
20607.5
20882.6
20568.2
19496.5
18742.7
18923.5
19847.3
20281.3
21074.8
21254.9
20641.8
19414.5
18872.3
18862.6
17675.3
14820.6
11663.7
10060.3
9796
9820.6
9643.2
9179.3
8811.6
8642.7
8824.1
9409.1
10189.4
11323.8
12359.7
13721.7
15021.4
16404.3
17584
18651.6
19265.7
19331.9
18953.3
18016.2
17464
17735.9
17915.5
18509.8
18977.4
18965.8
18407.7
17715.6
17018.1
16708
15460.8
13090.8
10483.3
8813.6
8138.1
7802.5
7670.6
7209.7
6858.7
6480.2
6407.2
6583
6956.2
7388.5
8070.2
8861.7
9690
10617.8
11393.4
12229.7
12767.6
13193
13188.3
12878.4
12378.8
12103.1
12113.6
12204.9
12630.5
12783.1
12740.3
12500.9
11996.4
11541.8
11014.9
10317
8772.1
7371.2
6067.8
5224.7
4748.4
4420.8
4119.9
3837.5
3541.3
3253.9
3135.1
3109.5
3289.1
3417.8
3670.1
4004.8
4241.3
4551.5
4840.2
5080.8
5260.3
5484.7
5453
5329.2
5197.9
5081.1
5131.9
5007.3
5185.1
5172.8
5263.4
5068.7
4987.7
4744.9
4510.5
4142.8
3628.9
3137.2
2609
2164.5
1842.1
1610.6
1404.3
1284.6
1125.9
917.8
866.7
701
613.6
574.5
485.5
529.4
459.4
538.9
523.4
467.6
450.5
429
435.1
436
445.5
452.1
467.6
425.7
454.5
439.4
526.8
424.6
457.6
483.8
502.3
556.5
479
658.5
545.8
471.1
534.3
558.9
487.1
627.1
563
582.2
522.4
601.3
670.3
698.9
808.5
844.1
889
891.2
839.3
807.7
761.2
820.8
840.1
981.9
886.2
941.8
977.3
1022
1097.9
1099.7
1137.8
1172.6
1286.4
1363.8
1602.6
1651.2
1763.3
1937.1
2201.8
2380.2
2570.3
2790
2983.3
3219
4138.3
5924.6
6069.9
4898.4
2574.7
1405.5
1357.4
1516.9
1392.3
1492.6
1605.6
1786.7
1933.3
2157.5
2383.8
2664.4
3026.3
3336.8
3812.3
4266.5
4872.4
5387
6171.6
6857.4
7727.4
8621.2
9581.8
10645.3
11878.7
13066.5
14239.9
15393.1
17074.4
20536.9
26310.4
31053.2
30388.2
23108
12897.7
6886.1
4475.6
3730.5
3382.7
3129
2866.2
2715.3
2679.3
2546.3
2648.3
2524.6
2636.8
2564
2621.3
2705.7
2822.8
2961.5
3201.2
3431.9
3736.4
4005.5
4304.8
4625
5023.1
5467.9
5862.3
6315.7
6700.6
7130.1
7384.2
7790
7848.7
8183.6
8355.6
8376
8388.4
8545.8
8698.5
8751.9
8689.2
8591.8
8662.4
8644.8
8528.2
8328.3
8151.1
7865.8
7625.2
7367.3
6999.4
6755.5
6414.2
6116.9
5830.5
5553.5
5342.3
5214.6
5193.9
5146.7
5221.4
5427.8
5551.1
5840.8
6195
6668.3
7130.5
7689
8341.8
9037.9
9752.6
10488.3
11463.1
12302
13197
13921
14539.9
14980
15291.3
15479.4
15694.7
15661.5
15665.5
15667.2
15647.5
15798.3
15724.9
15601.7
15464.8
15527.5
15478.6
15169.7
14807.5
14344.4
14143.3
13852.1
13329.6
12815.8
12500.6
12129.1
11807.4
11423.2
11330.8
11210.9
11378.6
11418.6
11560.3
11471.9
11652.2
11696.9
11533.2
11384.7
11369.8
11357.6
11409.7
11604.9
11723.1
12177.9
12819.9
13464.6
14251.6
15226
16224.9
17247.9
18035.4
18936.6
19657.7
20334.5
21190.1
21738.6
22306.3
22928.3
23505.2
24002.6
24495.4
24802.9
25363.9
25689.6
26279.8
26722.9
27426.7
27665.2
27847.4
27829
27680.2
27022
25757.1
24488.4
22839.5
21270.6
19598.4
18198.6
16499.9
15048.1
13575.9
12196.8
10953
10063
9396.4
9224.1
9207
9345.3
9641.2
9892.1
10420.8
11114.2
12005.9
12650.9
13637.4
14736.1
15801.2
16993.4
18135.3
19522.2
20550.2
21744.2
23041.2
24118.4
25220
26423
27947.7
29142.6
30401.5
31760.2
32594.4
32845.8
32858
32767.1
32074.3
31291.2
30167.9
28802.7
27465.8
26094.5
24720.1
23158.9
21490.3
19692.8
17892.7
16162.3
14685.3
13241.7
12266.2
11311.3
10488.2
9761.4
9176.5
8736.6
8312.1
7952.6
7656.8
7482.5
7491.5
7559.5
7796.7
7917.9
8105.3
8448.4
8992.1
9533.8
10067.7
10560.7
11313.6
12140.7
12744
13409.1
14096.6
14642.1
15206.9
15603.1
16061.8
16226.6
16633.5
17022.5
17095.4
17272.2
17451.1
17627.7
17656.1
17719.4
17456.1
17350.8
16960.2
16836.1
16443.1
15918.3
15489.4
15056.4
14701.8
14479.2
14368.5
14393.8
14379.8
14420.6
14289.3
14182.4
13880.9
14005.8
13114.5
12325.6
11646.4
11030.4
10411.7
9685
9112.1
8570.3
8019.8
7353.2
6721.2
6106
5655
5081.9
4546
3909.7
3332.3
3043.2
2743.6
2569.5
2369.2
2355
2252.6
2321
2295.9
2325.8
2384
2473.3
2539.4
2680.9
2757.7
2904.6
3064.2
3067.5
3275.1
3438.2
3600.7
3772.8
4099.5
4221.1
4259.2
4267.7
4326.5
4458.1
4421.6
4406.3
4321.8
4257.1
4039.5
3855.3
3702.3
3590.4
3382.1
3419.1
3041
2885.9
2592.8
2497.9
2244.3
2071.6
1852
1673.1
1569.1
1469.9
1397.9
1399
1415.6
1346.5
1325.6
1364
1470.3
1555
1583.9
1626.8
1764.1
1873.3
2007.9
2137.7
2339.8
2557.8
2622.5
2895.9
3122.4
3391.7
3767.8
4022.8
4259.7
4426.4
4574.6
4808.3
4740.1
4804.5
4820.1
4793.7
4741.2
4695.8
4672.6
4470.3
4249.6
4134.5
3999.2
3769.4
3535.5
3197.6
2930.7
2739.1
2551.4
2290.7
1996.9
1838.9
1584.1
1466.5
1337.4
1272
1234.1
1181.9
1200.8
1123.8
1155
1142.4
1067.5
1117.2
1104.8
1139.9
1136.5
1221.3
1294.8
1242.7
1391.1
1424.5
1522.1
1558
1694.1
1792.7
1998
2202.8
2361.7
2584.4
2712.1
2827.2
3091
3088.5
3008.6
2984.7
2998.9
3004.3
3022.8
3271.8
2914.2
2880.5
2797.9
2705.8
2588.1
2498.2
2339.5
2073.1
1764.1
1714.6
1660.7
1395.3
1262.2
1062.4
980.5
833.5
664.9
669.6
704.5
665.6
664.8
636.2
689.4
684.4
518.2
632.7
597.5
537.6
623
555.3
502.6
489.4
469.7
473.9
437.9
444.8
374.7
309.6
319.2
331.6
293.9
220.8
309.3
182.4
209.1
180.3
175.3
70
229.6
108.7
153
169.3
168.3
129.1
220.9
188
242.2
209.4
237.9
294.2
292.5
382
436.2
405.5
421.4
486.4
421.6
379.5
459.2
411.4
439.6
421.1
404.3
430.4
343.1
342.6
335.5
345.8
327.2
297
386.4
203.5
225
341.6
136.1
137.3
139.9
70.7
83.2
62.6
28.5
9.7
3.8
43.2
63.2
65.1
224.3
81.6
0
5.2
22.5
97
40.3
24.2
70.1
78.5
98.3
70.2
106.2
133.3
174.4
179
157.3
180.2
241.5
241.2
278.4
288.4
356.6
364.7
369.8
342.8
383
362.3
367.2
307.4
367
299.7
234.6
221.8
268.4
199.7
166.1
252.3
185.5
121.3
142.8
114.8
139.9
200.4
350.5
477
582.5
630.5
664.8
650.2
571.3
573.5
567.4
659.4
680.9
570.7
549.4
586.8
440
509
411.9
402.7
377.4
312.4
350.3
282.7
269
279.6
240.6
275.5
277.7
282.4
446.7
306.2
249.1
274.4
243.7
300
347.7
249.8
321
309.1
351.6
397
357.3
362
383.1
395.8
304.1
348.2
306.6
314.4
246.4
248.5
223.7
222.4
157.6
186.4
NaN