6273.7
4571.4
2900.8
1441.7
1140
1378.9
1635.9
1975.9
2515
3236.5
4090.6
5278.6
6492.2
8106.5
10115.5
12519.7
15198.3
17632.4
19039.5
16888.5
11504.1
6005.4
2198.6
1778.8
1838.2
2071.1
2391.9
3075.4
3666.3
4548.6
5950.2
7181.5
8989.2
11232.7
13808
16792.4
20653.6
24658.8
28522.7
29787.2
24418.3
15565.7
6952.2
1776.2
1138.6
972
822.9
821.8
920.2
711.9
685.9
722.8
914.7
845.3
979.5
1192.2
1335
1654.7
2000
2163.9
2565.4
2597.5
2262.6
1602.1
1113.1
779.4
858.8
991.1
1197.4
1561.9
2048.1
2766.9
3419.8
4175.7
5077.3
5907.7
6516.6
6285.4
4777.2
3048.5
1568.5
1127.8
1391.4
1351
1662
1800
1826.1
2321.5
2801.2
3654.7
4908.9
6459.8
7663.1
9120.4
11131.6
13257.3
14929.9
14706.2
11274.8
7026.4
3254.8
1586.8
1636
1771.3
1884.6
2213
2572.7
3125.9
3723
4598.8
5453.5
6682.5
8193.9
10002.7
12076.9
14554.8
17273.5
20959.1
25214.2
27851.9
27683
21622.2
13460.5
6504.9
2141.5
1524.6
1610.9
1517.7
1792.5
1924.2
2211.5
2570.2
3090.5
3837.6
4463.6
5486.5
6540.1
7871.8
9421.9
11453.1
13601.5
15848.1
18808.4
22941.3
26295.5
27827.2
24921
17822.8
10514.5
4585.1
2205.8
2115
2194.3
2399.8
2792.4
3180.2
3802.5
4370.3
5144
5616.7
5566.1
4672.7
3379
2190.7
1348.4
1149.3
1225.3
1292.3
1436.8
1768.4
1945.6
2406.2
3052.9
3817.8
4567.7
5331.9
5977.5
7282.8
8601
9252.8
9063.9
7280.7
4881.9
2758.2
1287.8
1020.9
987
1039
1066.9
1240
1311.4
1400
1553
1756.9
2128.4
2694.3
3349.8
4304.5
5298.2
6271.4
7268
8493.4
10150.2
12001.4
13221.6
12855.8
10410.4
7007.5
3814.9
1640.5
1177.3
1079.3
1151.1
1244.4
1209.9
1328
1603.3
1563.2
1692.6
1877.2
2193.8
2502.1
2878.2
3447.5
3993.1
4721.3
5590.7
6430.3
7576.7
8590.4
10144.2
12228.6
13789.5
13993.7
12459.1
9141.6
5622.7
2593.4
989.6
647.2
581.5
544.8
605.9
551.4
793.3
791.8
855.9
861
967.1
1075.3
1267.7
1379.6
1670.4
1839
2158.2
2550.2
2885.6
3378
3952.5
4599
5339.5
6232.2
7506.6
8855.3
9493.2
9438.6
8421.4
6865.2
5410.8
4040.4
3323.4
2946.7
2087
1327.4
962.6
556.6
558.7
532.5
465.3
463.7
508.2
577.7
656.4
696.4
884.7
1031.9
1280.3
1622.5
1922
2220.3
2513.9
2921.3
3395.3
3984.2
4411.3
4054.5
3520.4
2448.5
1425
582.6
213.4
205.3
183
219.1
234.2
231.7
304.5
302.4
323.8
701.9
398.8
426.1
510.5
633.4
942.5
876.4
1208.3
1520.7
1767.7
2133.7
2387.2
2758.3
3310.8
4170
4789.7
5294.8
5017
4219.4
3102.9
1876.7
911
557.1
494.5
509.8
420.7
421.1
430.3
323.6
342.2
287.9
311.6
333.1
391
377.7
493.2
543.5
561.9
694.9
990.7
930.4
1078.2
1365.2
1503.9
1761.3
2085.7
2376.3
2759.7
3156.7
3804.8
4432.8
4790.2
4628.5
4152.5
3207.8
2085
1049.2
469
257.4
196.7
206.4
290.7
264.4
267.8
329.8
366.4
354
351.2
472.9
443.1
484.7
530.4
569.2
639.6
799.4
1010.2
1043.3
1245.8
1436.2
1736.3
1995.9
2338.4
2590.3
2814.6
2744.4
2672.5
2433.2
2202.3
2244.1
2410.1
2505.6
2386
2194.8
1742.8
1259.2
789.4
335.9
257.9
222.6
197.5
294.9
324.9
355
449.9
509.7
652.4
881.3
959.5
1059.9
1188
1380.9
1620
2006.6
2257.6
2300.8
2124.5
1802.1
1411.7
844.4
366.8
113.1
131.5
81.3
86.6
53.8
125.3
35.3
225.7
80.1
119.9
179.2
153.8
188.7
291
193.3
165.2
181.7
283.4
237.2
269.6
318
459
550.5
800.8
850.6
1035
1122.2
1265.3
1462.8
1739
2080.1
2391.3
2504.4
2509.8
2270.1
1982.1
1464.2
1132
704.8
589.8
547.3
564
473.3
347.9
301.2
174.5
112.1
61
141.1
44
124.5
349.1
454.7
536.6
586.1
705.6
564.5
440.8
329.5
260
379.2
381.5
448.6
483.1
618
602.9
763.3
814.1
857.9
1021.5
1092.5
1184
1321.4
1474.9
1678.4
1810.6
1740.5
1668.2
1516
1147.4
865
552.4
292.7
210.9
203.7
173
134.8
188.2
146.7
187.4
204.9
256.9
198.3
282.2
355.2
409.1
424.9
507.1
602.9
642.9
662.3
559.2
636.5
403.5
256.2
154.8
88.2
0.4
0
63.6
211
84.7
100.6
217.5
197.6
209.8
269.4
370.9
424
420.8
538.3
509.1
580.7
674.6
670.9
631.1
596.5
592.4
603.6
478.1
400.9
458.5
438.3
507.2
544.3
588.4
716.4
824.9
844.2
827.6
743.5
717.5
677.9
492
351.2
246.4
225.9
264.9
129.4
89.8
158.2
150.3
142
97.8
215.5
113.8
115.9
105.6
76.9
142.7
191.9
203.7
405.1
255.2
262.6
253.4
345
397
410
458.2
407.5
501.2
534.8
577.2
653.3
657.7
688.7
912.3
868.8
980
964.6
1115.3
1152.8
1261.1
1356.1
1451.6
1511.8
1459.2
1432.5
1397.3
1385.7
1229.9
1129.4
1045.7
965.1
899.8
804
755.4
707
625.3
612
570.6
517.8
420
403.3
459.6
376.9
316.5
199.8
168.4
145.4
180.6
256
354.7
393.2
226.1
164.7
189.7
122.6
97.6
147.5
81
90.3
66.5
115.6
144.1
118.4
102.1
176.2
169.9
140.7
121.4
266.2
171.1
109.9
137.6
206.7
144.2
204.3
381.8
433.6
322.4
332.1
319.3
231
219.7
295.1
158.7
234.6
315
353.6
440.4
531.1
713.3
728.8
841.1
1015.6
1150.3
1250.7
1301.6
1398
1456.4
1517.1
1575.6
1597.4
1649.2
1700.7
1719.7
1656.1
1695.4
1844.8
1715.2
1727.2
1736.3
1735
1814
1823.7
1852.9
1892
1895
1985.5
1996.5
1939.6
1864.6
1768.2
1735.1
1699.3
1751.2
1686.4
1806.2
1723
1774.2
1759
1802.6
1807.5
1845.4
1925.3
1881.9
1838.1
1875.2
1812.7
1771.6
1712.5
1788
1776.7
1813
1755.4
1753.8
1716.8
1700.3
1715.8
1694.2
1661.9
1594.9
1421.9
1359.9
1255.4
1210.3
1253.4
1177.7
1274
1189.2
1249.7
1327.4
1399.8
1431.2
1446.6
1431
1441.3
1324.8
1336.5
1255.8
1229.7
1142.7
1069.1
1029.2
930.8
921.9
802.6
804.9
851.4
927.4
908.2
920.7
1042.9
930.1
857.7
834.2
806.3
852.9
791.6
848.1
787.2
795.6
695.2
674.7
621.2
656.6
670.4
776.5
808.9
828.2
783.2
750.5
749.6
788.8
689.8
663.6
613.7
749.4
445.3
393.9
461.3
337.3
293.4
245.1
249
271.2
267.9
298.7
238.2
352.2
332.2
290.9
301.4
258.9
332.9
382.5
400.6
409.1
370.8
515.7
430.2
461.5
469.2
510.7
537.4
576.3
611.2
684.9
749.1
711.8
800.9
782.6
889.4
988.6
1039.9
1204.4
1295.9
1497
1641.4
1837.5
2163
2505.4
2964.6
3361.8
4060
4643.6
5298.8
5574.2
5780
5782.6
5898.7
5953.3
6090.1
6275.8
6335.9
6607.2
6357.8
6092.5
5658.2
5275.2
5186.3
5024.9
5172.9
5624.1
6346.8
6896.3
7671.1
8332.5
8547.5
8701.1
8782.7
8596.3
8866.8
8942.8
8996
9319.2
9459.1
8772.6
8146.1
7234.7
6740.3
6342.7
6171.9
6353.6
6894
7455.5
8094.2
8912.9
9434.1
9761
9760.1
9688.7
9702.1
9848.7
10091.8
10204.2
10393.4
10442.1
9968.4
9172.1
8061.4
7167.9
6661.8
6302.7
6478.5
7007
7575.6
8168.5
8868.3
9672.4
10157.1
10324.9
10209.1
10012.7
9962.8
10264.7
10537.2
10607.6
10664.2
10558
10131.7
8992.4
7637.8
6909.2
6127.6
5888
6121.7
6425.1
6808.8
7380.9
8091.2
8885.9
9327.5
9526.9
9128.2
8875.1
8806.2
8875.3
9374.6
9441.3
9534.8
9351.5
9138.6
8414.7
7247.9
6191.2
5478.7
5096.9
5350.4
5578.4
5945.5
6519.5
7028.8
7661
8388.7
8767.4
8907
8437.3
8167.4
8071.6
8102.4
8665.8
8910.8
8793.4
8808.4
8547.4
8058.7
6947.7
5737.3
4972.5
4708.1
4846.2
5056.5
5253
5672.5
5994
6519.3
7221.5
7640.5
7739.1
7410.9
6911.7
6787.6
6743.3
6978.3
7424.7
7294.5
7155.9
7388.6
6765.8
6021.8
4763.9
3821.9
3066.4
2874.7
3050.8
2949.6
2908.6
2948.2
3105.1
3501
3550.9
3886.9
3947.7
3848.6
3561.9
3454.1
3473.8
3670.9
3911.7
4252.6
3929.6
3857.8
3775.4
3509.6
2809.5
2175.5
1834.2
1774.1
1819.8
1959.1
2053.8
2016.9
2147.4
2306.5
2566.6
2718
2900.9
2798.5
2581.3
2428.7
2378.7
2515.3
2506.6
2579.8
2515.5
2495.1
2349
2363.8
2097.5
1760.3
1493
1373.8
1340.8
1368.4
1431.2
1562
1652.6
1840.5
2118.7
2449
2656.8
3120.9
3319.3
3540.5
3651.6
3555.2
3448.1
3274.4
3418.1
3433.4
3582.7
3655.8
3533.9
3288.6
3235.2
3288.3
2938.3
2394.1
2058.3
2028.8
2170.2
2156.7
2134
2206.1
2413.8
2718.4
3112.4
3533.8
4039.5
4590.9
5138.8
5713.8
5972.4
6221
6013.4
5712.6
5514.5
5614.5
5901.4
6019.4
6332.1
6089.8
5828.6
5482.5
5575.7
5353.2
4536.2
3522.1
3250.4
3360.1
3500.6
3356.4
3338.9
3339.6
3685.6
4118.5
4617.3
5304.5
6053.6
6726
7548.9
8237.2
8711.7
9018.7
8744.1
8253.5
7911.4
8190.5
8538.6
8655.9
9054.5
8819.6
8456
7772.5
8031.3
7826.5
6834.7
5244.5
4469.8
4688.6
4834.4
4724.6
4566.3
4623.5
4671.8
5269.7
5810
6506.1
7253.6
8184.3
9183.6
10308.6
10921.9
11665.9
11863
11437.3
10808.6
10381
10785.3
11318.1
11597.2
12038.4
11857.2
11233.7
10445
10660.2
10475.5
9168.5
7115
6014.6
5987.2
6281.6
6266.2
6127.7
5962.7
6097.8
6634.7
7257.9
8115.8
9064.5
10060.3
11371.6
12685.5
13929.2
14775
15383.8
15486.1
14974.3
14203.9
13791.6
14352.9
14792.6
15395.8
15933.3
15573.3
14874.8
14152.8
14146.1
13812.7
12325.7
9737.7
8390.3
8351.3
8995.3
11619.1
15532.6
18134.1
17718.6
14192
11562.4
11102
11923.6
13063.3
14435.8
15902.9
17437.5
18693.6
19829.3
20382.6
20325.9
19564.6
18798.2
18377.5
19111.1
19702.3
20428.9
20784.3
20431.4
19532.7
18778.6
18546.7
17826.6
15836.5
12766.5
10587
9811.5
9713.6
9594.3
9285.7
8918.9
8649.8
8681
9079.4
9758.3
10753.7
11808.4
12967
14201.3
15645.3
16825.8
18033.9
18640.4
19070.2
18873.2
18069.4
17458.7
17487.9
17539.3
17944.4
18402.6
18496.3
18292
17729.8
17043
16561.6
15606.8
13673.4
11391.5
9338.8
8294.3
7792.6
7649.9
7114.7
6873.6
6452.5
6367.6
6382.5
6625.6
7048
7588.6
8352
9087.6
9914.7
10740.3
11650.7
12125.2
12729.3
12845.1
12715.9
12219.8
12044.3
11809.8
11877
12102.8
12369.9
12447.1
12272.5
11862.2
11431.8
10871.4
10356.1
8998.6
7745.1
6433.3
5443.8
4759.8
4420
4033.4
3770.1
3491.9
3164.8
2935.8
2915.7
3058.6
3144.5
3295
3684.2
3804.6
4084.6
4395.8
4676
4886.6
5038.2
5104.3
4965.8
4940.1
4826.3
4826.6
4636
4899.9
4840
4880
4735.5
4682
4472.9
4273.7
3966.6
3502.6
3120.5
2650.6
2044.7
1744.7
1441.7
1250.5
1128.5
941.4
755.9
730.2
521.3
423.1
383.6
266.9
276.3
266.7
303.5
286.3
221
219.9
191.7
184.8
194.7
205.7
195.4
238.1
156.6
221.3
206.1
281.8
178.5
181.4
222.6
247.5
281.9
190.3
414.5
306.2
211.3
228.1
321
230.3
401.3
264.7
337.3
262.5
333.9
433.5
381
475.6
509.5
568.7
650.5
587.8
538.3
477.3
542
555
733.9
625.2
631.1
663.3
683.1
818.5
819.1
827.4
867.7
959.7
999.7
1284.5
1286.6
1312.6
1505.5
1730.8
1912.8
2018.2
2224.7
2422.3
2563.1
3022.6
4301.1
5312.1
4875.4
3282.9
1401.2
1100.7
1245.7
1101.2
1209.7
1287.5
1406
1562.3
1794.6
1966.2
2244.9
2546.3
2756.5
3196.4
3578.6
4093.6
4604.4
5196.8
5818.7
6497.3
7254.5
7997.1
8920.6
9931.4
10960.7
11941.7
12952.3
14256.5
16505.9
20487.9
25069
26900.1
23723.1
16045.4
9053
5139.2
3735.8
3267.4
3020.3
2727.1
2566.8
2552.2
2378.8
2499.7
2335
2476.8
2290.9
2409.4
2477.8
2633.1
2695.5
2948.7
3111.6
3397.7
3685.7
3982.9
4276.6
4580.6
5003.5
5440.5
5883
6208.4
6705.5
6936.2
7357.4
7479.2
7703.5
7905.5
8013.3
8064.7
8122.7
8341.9
8479
8356.6
8335.6
8335.1
8361.9
8250.2
8074.8
7913.2
7635.7
7465.8
7255.5
6895.4
6659.5
6409.3
6098.7
5801.2
5484.4
5310.6
5119
5101.3
4979.9
4994.5
5236.4
5365.8
5646.4
5912
6390
6772.9
7244.4
7894.2
8559.4
9256.5
9945.6
10884.6
11787
12546.1
13337.8
13995.6
14480.4
14990.6
15133.7
15437.6
15468.2
15544
15497.2
15450.2
15524.4
15522.1
15415.1
15224.6
15306.7
15259.5
15085.6
14725.8
14231.9
14070.3
13759.8
13381.4
12899.1
12543.7
12074.8
11857.5
11478
11253.3
11124.3
11235.4
11202.3
11355.7
11313.3
11365.8
11489.4
11428.3
11405.7
11317.3
11254.1
11321.4
11494.7
11605
11888.5
12491.6
12955.3
13681
14637.9
15514.3
16515.6
17293.6
18254.9
19048.5
19620.5
20460.9
20971.6
21579.4
22188.4
22776.1
23220.6
23734.8
24109.5
24501.2
24836.5
25397.2
25795.8
26322.2
26671.6
26796.6
26832
26712.5
26260.1
25406.4
24256.3
22786.4
21230.6
19762.1
18496.2
16890.8
15449.8
14083.8
12783.5
11525.9
10513.7
9595.7
9300.8
9074.6
9227.3
9410.8
9611.1
10061.1
10532.5
11407.8
11929.6
12800.9
13776.9
14803
15749.7
16921.3
18199.3
19267.1
20307
21503.3
22562
23562.2
24689.4
25895.7
27050
28279.2
29499.5
30545.7
30901.6
30936.9
31056.8
30660.2
29911.8
29076.3
27934.6
26640.5
25447.1
24267.9
22966.8
21565.7
19896.8
18182.5
16554.4
15142.7
13678
12587.8
11554.7
10704.1
9952.1
9351.4
8798.1
8467.1
7934.6
7681.3
7457.4
7402
7381.7
7616.4
7647.7
7887.6
8102
8522.1
9136.6
9569.6
10056
10706.4
11557.2
12167.5
12842.1
13436.2
14072
14636.4
15098.3
15582.7
15725.5
16174.1
16487.4
16621.5
16806.7
17026.1
17233
17190.8
17349.1
17224.5
17015.5
16657.5
16578.8
16320.1
15838.9
15359.8
14926.4
14570.7
14330.6
14146.2
14064.2
14114
14252.6
14094.7
14005.2
13796.1
13977.3
13261.6
12632
11852.8
11218.5
10592.6
9896.6
9340.3
8820.4
8304.5
7670.1
7041.7
6434.6
5916.1
5447.7
4954.9
4309.8
3616.7
3249.1
2873
2699.5
2363
2366.9
2201.1
2230
2146.6
2230
2256.3
2299.5
2406.3
2528.7
2548
2696.1
2879.8
2903.4
3070.7
3234.9
3402.2
3503.6
3845.5
3983.9
4058.1
4079.9
4100
4246.6
4253.1
4306.7
4196
4221.4
3976.6
3785.4
3648.8
3592.7
3346.8
3408.3
2986
2877.5
2642.1
2442.2
2185.7
2050.8
1826.9
1717.2
1554.8
1373.9
1313.6
1294.4
1280.5
1174.4
1175.9
1215.2
1313
1342.7
1369.5
1401.8
1523.9
1611.2
1742.4
1919.8
2052.1
2314.5
2282.3
2554.6
2738
2998.6
3355.1
3579.3
3824.7
3957.7
4123.9
4430.9
4344.2
4397.6
4472.5
4467.3
4425
4380.5
4433.1
4225.2
4119.3
3977.8
3853.6
3620.4
3487
3277.8
2920.6
2692.8
2564.8
2310.2
2007.4
1875.7
1608.7
1484.3
1284.6
1202.2
1182.9
1156.2
1140.5
1058.3
1122.7
1008.1
969.3
963.4
985.5
1028.6
971.1
1088.5
1106.5
1054.3
1224.1
1179.1
1288.5
1351.6
1436.4
1520.4
1732.4
1921.8
1998.5
2211.9
2320.4
2426.9
2767.6
2778.7
2601.9
2654.4
2663.5
2711
2748.4
3071.9
2650.8
2587.7
2562.7
2461.9
2365.5
2335.8
2285.8
1978.6
1724.9
1626.7
1562.8
1395
1255.3
1094.7
979.2
831.4
685.1
656.3
673.7
676.6
631.5
638.3
662.1
700.2
516.5
620
584.9
517
665.4
544.6
488.6
497.6
456.1
488.2
450.1
447.2
373.1
294.2
307.3
331.4
313
251
335.7
180.3
200.8
162.4
201.9
78
206.8
70.6
117.7
133.6
156.3
101.7
183.2
174.1
241
170.8
206.8
261.6
271.8
332.8
426.5
375.4
440.4
442.4
397.7
383.8
455.5
425.9
482.9
435.2
402.6
434.3
357.6
340.3
352.3
373.3
360
284.9
424.4
222.7
239.3
437.1
148.8
166.5
164.5
82.4
106.8
90.1
39.2
12.1
3.6
63.2
66
83.9
297.1
107.2
1.5
9.2
35.8
135.1
30.2
59.2
41.1
89.4
126.4
85.5
86.9
157.5
174.4
204.9
162.1
218
286.2
259.1
272
279.2
338.2
365.7
377.9
357.8
388.1
383.3
425.5
337.1
420.5
376.1
248.9
217.9
300.6
233.8
231.8
295.1
260.3
165.1
175.4
162.7
157.3
214.9
325
483.2
505.6
597.7
681.9
688.7
608
631.9
597.3
712.7
679.9
606.7
597.4
659.6
539.2
644.6
483.2
471.4
459.4
410.9
413.3
335.4
305.6
337
285.4
342.2
337
337
581
339.7
272.3
333.4
252.1
346.3
406.4
274.2
356.6
368.7
444.5
462.5
419.1
391.4
428.8
421.7
393
444.2
348.9
375.9
290.5
251.7
311.5
344.2
264
282.3
NaN