6566
4885.9
2974.6
1727.6
1395.3
1514
1877.6
2263.7
2795.8
3514.3
4445.1
5570.9
7119.9
8702.3
10858.9
13348.4
16173.3
19038.9
20369.8
17733.6
12082.1
6555
2660.7
1972.3
2171
2439.7
2762.5
3389.1
4182.5
5110.3
6389.5
8202.2
10013.5
12489.2
15323.1
18776.1
22993.7
27853.8
31714.9
32581.5
26171.9
16463.6
7818.1
2157.5
1336.2
1231.1
1099.9
1007.7
979.1
1118.4
936.1
897.9
932.7
1142
1166.5
1319.2
1532
1742.1
2081.8
2428.2
2552.1
2658.5
2183.4
1732.8
1250.5
1039.5
1044.1
1202.5
1422.5
1767.8
2309.7
2921
3627.3
4384.7
5314.4
6131
6622.7
6169.6
4657.1
3137.9
1823.3
1375.3
1402.3
1708.4
1793.3
2082.4
2240.9
2453.2
3222.8
4100.1
5310.9
6711.8
8289.9
9756
11991.8
14001.7
15258.7
14588.6
11016.7
7098.1
3683.6
1874.1
1869
2095.9
2316.3
2574.2
2993.7
3582.4
4242.2
5082.8
6212.9
7423.9
9013.2
11018.1
13287.1
15792.6
18958.1
23186.1
27536.6
29453.7
28112.9
21802.5
13861.7
6909.7
2548.8
1885
1841.7
1990.3
2020.1
2359.2
2601.1
3050.8
3649.4
4344.6
5242.9
6179.3
7511.5
8972.1
10671.9
12767.5
15241.5
17881.7
21298.5
26040.8
29165.7
29435.5
26038.2
18583.2
11269.7
5067.2
2531.6
2357.8
2445.9
2641.8
2955.5
3357.4
3832.2
4577
5261.4
5526.3
5420.9
4501.5
3329.3
2316.9
1570.9
1462.2
1492.9
1586.7
1735.5
1968
2421.1
2775.1
3386.9
4099.6
4828
5460.9
6282.6
7477.2
8553.5
9055
8616.9
7023.2
4861.4
2846.2
1583.9
1243.3
1239.9
1274.8
1394.1
1400.3
1582.6
1630.8
1794.1
1999.3
2409.4
2964.2
3710.2
4583.1
5606.1
6570.1
7570.7
8825.3
10704
12371.4
13093.1
12613.8
10315.8
7114.2
4038
1935.4
1420.7
1489.9
1459.5
1540.8
1632.5
1654.8
1729.5
2013.6
2043.4
2260.2
2510.2
2904
3299.5
3822.9
4457.2
5121.2
5947.5
6964.9
7968.9
9302.4
10955.1
13031.1
14217.8
14192.4
12727
9369.4
5969.9
2865.6
1207.8
914.8
842.7
827
789.1
886.7
864.2
1057.4
1132.3
1163.6
1234.1
1398.8
1549
1813.4
1937.3
2291.5
2555.9
2923.8
3355.2
3812.5
4393
5107.3
5897.7
6901.2
8226.6
9435.9
10049
9753.9
8796.9
7134.4
5470.1
4138.9
3269.6
2768.8
2228.9
1497.6
1005
1000.4
770.6
820.2
796.6
777.5
761.7
813.6
968.7
1043.7
1174.6
1400.1
1564.7
1801.8
2104.9
2384.9
2648.1
3093.1
3693.3
4092.4
4240.1
4123.1
3426.5
2574
1551.1
804.5
494.9
446.2
403.4
415.1
431.3
471.9
486.5
561.5
603.9
595.3
891.3
673.5
732.8
845.3
1032.7
1367.6
1405.9
1725.3
2051.6
2346
2705.3
3050.7
3616.6
4462.4
5093.6
5200.5
5178.2
4399
3339.1
2248.5
1304.3
918.3
923.7
912.5
887.2
811.9
773.3
784.1
626.1
665.9
616.9
671
728.5
738.4
777.1
884.4
941.4
1027.4
1163.5
1451.5
1453.3
1607.2
1860.2
2126.9
2456.1
2796.5
3163.4
3654.1
4282.9
4902.6
5046.1
4915.7
4321.9
3474.2
2355.1
1354.8
729.6
570.2
499.3
512.8
547.6
582.8
542
600.4
645.8
673.9
660.6
677
789.8
798.7
861.3
863.9
939.9
1010.1
1144.6
1366.6
1462.5
1687.6
1932.3
2317.6
2584.6
2779.9
2867.3
2926.6
2835.9
2704.7
2643.1
2679.8
2840.1
2866.1
2731
2417.4
2077.8
1516
1023.5
738.9
562
549.8
526.5
565.9
670
715.8
769.1
896.5
976
1087.9
1240.7
1385.1
1487.2
1630.2
1918.3
2211.3
2461.3
2387.8
2250.6
1970.9
1599.8
1103
661.5
427
363.7
402
387.5
368.2
381.9
401.6
393.3
524.7
381.5
432
467.2
488
483.5
581.6
534.2
471.6
512
610.3
598.9
681.7
779.9
919.7
1021.8
1297.2
1349.4
1533.6
1650
1884.4
2189.2
2505.1
2805.2
2856.4
2800.2
2661.4
2408.6
1996.9
1615.9
1415.8
1264.9
1211.2
1151.8
1085
872.7
736.7
608.6
470.4
413.8
379.3
458.5
506.9
616.5
736.2
741.7
808.3
875.8
913.9
763.9
671.4
613.8
600.9
745.9
792.4
887.1
922.2
1024.8
1026.4
1185.5
1284.4
1330.8
1502.2
1597.6
1705.4
1888.9
2049.8
2122.3
2031.5
1912.5
1774.3
1523.5
1115.1
864.4
661.3
489.2
444.1
494.1
469.8
435.3
514.6
440.8
456.7
485.7
537.8
511.7
595.1
691.2
734.1
765.8
872.7
868.4
879.3
778.7
725.7
704.4
517.7
416.2
363.2
362.7
352.7
370.9
364.2
553.7
460.3
456.8
550.9
553.3
604.3
635.9
722.1
747.6
800.4
906.2
890.2
944.3
984.8
957.6
901.5
871.2
882.5
811.5
736
746.2
806.4
796.5
903.3
919.3
1009.3
1117.3
1158
1102.5
1037.9
984.4
925
860
671.9
577.4
519.7
496.1
531.1
436.5
411.8
459.3
433.5
420.8
393.4
475.6
402.8
362.8
405.5
366.1
432.4
462.7
498.9
665.3
545.6
582.4
585.8
649.1
671.6
777.5
821
772.9
829.8
895.7
919.3
985.3
984.8
1037.2
1284.1
1225.5
1314
1327.2
1468.3
1574.3
1693.9
1740.2
1829.8
1828.6
1797.6
1758.8
1720.1
1696
1549.2
1458.2
1369.4
1278.6
1169.9
1042.2
916.4
857
752.3
736.4
679.9
646.8
567.7
531.4
595.2
524.4
516.6
414.6
427.7
416.7
419.4
496.7
574.5
611.4
460.9
420.1
422.6
400.1
394.7
437.4
414.6
391.3
382.6
413.4
414.8
367.2
409.1
422.6
434.5
384.5
386.6
519.8
443.1
388.5
395.5
517.1
468.5
515.9
672.3
657.9
588.5
609.3
592.6
479.7
506.3
592.7
552.4
586.5
682.6
738.7
831.8
961.1
1125.5
1166
1233.7
1417.2
1486
1582.7
1617.7
1700.5
1789.3
1823.1
1812.1
1904.3
1929.4
1879.9
1926.7
1874
1972
2044.7
1934.2
1984
1921.4
1981.6
2051.1
2055.7
2086.9
2085.2
2138.1
2131.3
2086.4
2029.4
1972.7
1916.3
1866.1
1852.1
1916
1884.7
2045.7
1992.1
1990.8
1985.7
1991.9
2041.7
2073.8
2064.9
2002
1962.2
2071.6
1991
1951.1
1918.7
2008.7
1916.6
1920.7
1885.8
1876.8
1852.7
1878.6
1817.5
1779.3
1707.8
1629
1530.9
1457.3
1404.2
1371.8
1434.1
1385.2
1514.1
1448.4
1483.1
1511.6
1615.8
1673.6
1641.4
1589.5
1555.4
1503.1
1470.3
1390.1
1340.8
1288.7
1267.7
1188.4
1131.1
1118.4
1087.9
1110.2
1137.5
1219.7
1203.8
1180
1230.2
1145
1119.9
1140.8
1138.1
1142.8
1083.1
1112.4
1052.3
1071.4
1012.4
1018.5
989.9
1069.3
1100.3
1169.6
1208.6
1230.2
1153.8
1140.9
1151.3
1122.8
1045.4
957.5
931.6
974.3
700.6
616
647
554.8
554.8
556.6
569.9
577.5
562.6
634.2
533.3
656.6
637.6
629.2
661.7
659.8
741.4
761.1
757.6
752.1
803.5
905.6
858.6
911.7
927.4
982.7
976.9
1037.5
1037.2
1113.4
1164.5
1143.4
1198.1
1204.7
1313.1
1467.4
1514.8
1707.3
1766.1
1981.9
2142.9
2403.8
2733.1
3226.3
3769.6
4206.9
4779.7
5214.2
5576.7
5654.4
5740
5841
6007.5
6083.3
6174.6
6388.3
6413.4
6302.8
5833.8
5537.1
5251.8
5087.6
5165.9
5337.8
5806.5
6366.5
7107.9
7714.3
8036.1
8388.9
8485.7
8524.2
8657.9
8721.4
8831.2
8862.8
9014.1
8867.5
8576.6
7632.9
7089.8
6587.2
6313.9
6197.9
6446.3
7014.7
7594.6
8212.9
8801.2
9291.3
9509.9
9488.1
9528.7
9537.2
9804.5
9870.4
9941.3
10196.2
10062.2
9567.2
8657.7
7761.5
7124.8
6662.7
6459.3
6653.4
7106
7761.1
8381
9084.9
9638.4
9932.8
10049.1
9998.2
9946.1
9991.4
10269.5
10461.6
10479.4
10596.4
10210.9
9658.2
8617.8
7484
6778.9
6356.7
6071.3
6282.7
6671.8
7137.3
7669.9
8293
8992.4
9330.5
9340.3
9131.5
8912.4
8837
9095.8
9384.2
9395.3
9554.8
9362.8
8756.9
8111.7
6872.8
6203.8
5577
5328.4
5516.3
5940.6
6258.9
6817.5
7406.7
8081.2
8688.9
8973.6
8892.8
8565
8308.6
8326.4
8537.5
8998
8988.5
9248.9
9044.9
8704.8
7999.5
6768.6
6081.4
5358.3
5109.8
5256.7
5575.8
5725.3
6112
6639.6
7142.7
7679.4
8082.1
8085.6
7775.7
7350.1
7166.8
7167.5
7583.6
7740.9
7657.8
7573.8
7277.9
7253.6
5994.3
4870.7
4130.1
3439.8
3249.2
3192.2
3270.8
3195.7
3218.3
3394.7
3634
4104
4076.8
4212.9
4018.5
3864.5
3703.4
3802.6
3953.4
4295.1
4170.7
4371.7
4077.8
3955.9
3545.2
2846.4
2445
2059.8
2084.1
2094.4
2182.8
2274.2
2326
2374.6
2614.4
2782.6
2977.8
2969.6
2957.2
2762.4
2659.2
2543
2612.4
2751
2715.6
2624.9
2638.4
2570.7
2400.8
2194.1
1813.4
1617.3
1565.1
1562.2
1584.1
1596.9
1744.3
1830.3
2024.5
2266.5
2556.7
2953.9
3150.3
3453.9
3579.1
3624.7
3518.3
3359
3446.5
3431.6
3581.4
3605.2
3628.4
3500.6
3315.1
3290.9
3282.1
2918.9
2396.8
2154.9
2219.1
2347.9
2321.1
2308.9
2399.5
2626.9
2942.3
3366.9
3770.7
4266.6
4735.5
5350
5734.3
6097.8
6039.1
5941.3
5578.6
5502.2
5748.8
5830.5
6041.8
6119.7
5942.3
5580.4
5488.3
5540.9
5107.5
4207.1
3398.7
3313.7
3476.3
3440.6
3464.3
3438.2
3580.8
3859.6
4341.2
4857.5
5506.5
6157.6
7028.4
7680.2
8216.3
8765.8
8816.5
8550.7
7987.1
7750.9
8236.8
8453.3
8768.9
8873.7
8612.1
8108.8
7791.5
8006
7571.9
6338.8
4937.3
4673.6
4770.4
4956.5
4769.8
4660.6
4673.6
4948.5
5488.2
6086.9
6778.6
7557.1
8488.8
9521.5
10378.5
11114.8
11657.5
11615.6
11210.5
10536.4
10326.4
10994
11280.8
11679.6
12037.5
11581.3
10969.3
10307.5
10670.4
10239.6
8624.3
6544
6060.8
6237.8
6342.6
6300.8
6126.3
6162.5
6290.5
6954
7552.2
8442.2
9443.9
10576.6
11821.5
13103.7
14105.8
15093.2
15634.6
15370.1
14724.6
13901.2
13916.1
14534.7
15010.1
15535.6
15912.3
15507.7
14586
13834.6
14233.4
13602.2
11591
9084
8195.8
8449.9
9467.2
12424.1
16149.9
17583.8
16191.4
12434.6
10964.3
11364.1
12278.1
13527.8
15081
16660
18077.1
19280.3
20314.7
20750.4
20386.2
19456.1
18488.3
18749.9
19313.3
20070.8
20619.3
21006
20478.1
19428.9
18521.2
18598
17572.8
15003.6
11800
10141.2
9741.4
9741.4
9599.8
9251.8
8817.2
8620.8
8819.6
9402.7
10090.2
11039.2
12190.9
13542.8
14859.1
16091.6
17360.4
18306.1
19187.3
19197
18700.2
17938.3
17351.3
17472.3
17853.7
18180.5
18734.5
18855.5
18260.7
17416.5
16940.7
16459.8
15413.3
13178.9
10613.1
8869.7
8074.6
7749.4
7517.7
7305.3
6746.6
6599.9
6342.4
6563.3
6914.2
7354.6
7933.1
8713.9
9543.5
10418.3
11301.7
11992.7
12619.3
12896.4
13120.5
12734.7
12411.8
11958.7
11972
12099.2
12452.3
12539.4
12660.3
12296.5
11962
11447
10932.2
10124.3
8848.9
7341.4
6025.2
5302.1
4755.5
4398.3
4150.3
3802.2
3486.7
3260.1
3087.5
3114.3
3154.4
3427.1
3573.3
3832.7
4271.6
4442.7
4801.9
5007.4
5228.6
5340.4
5403
5302.5
5138.8
5043.1
4931.8
5030.8
5001.1
5164.4
5130.7
5052.9
4828
4720.3
4383.8
4137.1
3666.3
3072.8
2589.8
2205.5
1815.3
1572.7
1409.4
1244.4
1124.3
962.2
782.5
730
577.2
534.9
546.3
467.1
450.6
433.5
515.9
485.9
440.8
434.8
390.5
397.9
380.6
404.7
407.4
459.2
356.2
405.6
395.1
510.7
443.4
432
463.1
487.5
531.2
464.2
612.8
523.1
460.1
488.8
541
491.2
602.1
570.6
589.9
541.7
592.4
697.9
757
838.3
830.8
795.4
781.1
792.8
802.3
762.4
821.9
816.6
979.8
909.6
904
964.9
999
1122.2
1130.4
1197.1
1249.4
1346.3
1433.5
1706.5
1753
1872.4
2022.4
2293.5
2479.3
2662.3
2845
3074.4
3818.6
5523.6
5876.9
4967.2
2724.5
1447.4
1302.9
1347.1
1512.4
1470.4
1547.3
1721.6
1895.7
2090.4
2383.4
2558.8
2944.8
3317.2
3681.4
4172.8
4681
5278.4
5923.8
6655.5
7467.6
8274.9
9243.2
10196.8
11288
12472.7
13601.7
14753.8
16092.1
19166.5
24603.6
29578.2
29537.7
23139
13602.7
7241.5
4542.1
3704.7
3353.7
3131.5
2944.9
2724.2
2625.5
2595.2
2521.4
2616.5
2561.4
2714.2
2632.2
2759.9
2818.1
3026.1
3155.5
3414.8
3682.9
3952.1
4256
4629.7
4962.4
5373.3
5787.3
6232.9
6683.9
7009.4
7369.5
7557.2
7883.3
7951.5
8218.9
8285.5
8349.2
8424.8
8543.4
8620.8
8578.7
8549.8
8560.1
8583.1
8434.9
8239.5
8034
7868.4
7577.9
7285.8
7009.1
6675.8
6474.1
6144.4
5833
5571.9
5346.4
5236.9
5095.4
5171.4
5186.2
5353.3
5657.8
5829.7
6240.8
6594.5
7218.8
7601.9
8285.8
8970.6
9706.1
10444.1
11260.4
12131.6
13084.2
13765.6
14315.5
14873.1
15076.9
15418
15574.2
15706.1
15573.2
15510.8
15654.9
15678.2
15663.6
15498.4
15330
15405.2
15369
15118.5
14689.5
14330.8
13956.3
13827.2
13477.2
12838.7
12409.2
12072.8
11723.6
11420.6
11168.6
11130.1
11272.7
11421.1
11416.5
11482.9
11541.5
11569.8
11511.3
11432.7
11278.7
11363.4
11483.2
11513.9
11780.9
12177.4
12653.7
13511.1
14183.1
15144.1
16083.6
17066.7
17889.5
18680.8
19436.6
20213.4
20899.1
21594.7
22059.3
22649.6
23210.3
23832.3
24157.8
24572.2
24934.6
25337.7
25794.4
26435.5
26804.5
27349.7
27362.4
27430.1
27083.8
26610.1
25701.7
24256.9
22747
21139.8
19528.8
18030.6
16685
15015.4
13668.7
12307.3
11145.5
10117.8
9552.8
9227.4
9248.9
9414
9621.9
10039
10459.8
11065.9
11800.8
12754.4
13490.7
14551.6
15660.2
16832.8
17940.2
19152.7
20503.1
21506.3
22606.8
23863
24886
25994.6
27277.8
28751.8
29852.4
30903.3
32002.6
32366
32428.9
32057.9
31847.1
30909.5
29629.5
28456.9
27242.7
25871.4
24452.9
22995.6
21324.8
19663.8
17905.4
16216
14761.4
13442.5
12237.1
11419.1
10597.7
9896.8
9234.1
8744.9
8393.7
8029.4
7724.2
7626.1
7510.7
7613.9
7711.9
8019.6
8215.1
8504.6
8847.5
9488.4
10115.9
10626.3
11233.5
12005.8
12816.8
13414.6
14075.5
14629.2
15175.3
15616.5
15978.2
16368.2
16527.2
16846.1
17150.4
17219.4
17366.5
17539.8
17601.7
17551.6
17522.8
17266.4
17023.6
16735.7
16442.2
15959.8
15480.2
15152
14744.8
14598.5
14491.6
14576.5
14722.7
14863.6
14883.6
14692.4
14663.1
14313.5
14256.9
13174.3
12310.6
11616
11105.7
10479.6
9790.5
9170
8655.7
8024.7
7316.2
6637.5
6076.1
5543
4871.5
4242.8
3673.5
3144.3
2936.2
2661.8
2529.6
2340.4
2373.6
2296.1
2373.8
2339.8
2412.7
2463.9
2564.4
2670.4
2784.6
2859.1
2998.9
3191.9
3181.7
3380.1
3598.1
3757.2
3935.2
4203.7
4260.7
4268.2
4256
4332.9
4463.3
4332.6
4289.5
4165.5
4086.9
3871.8
3721.3
3549.4
3425.6
3229.4
3240.8
2837.6
2617.9
2394.1
2310.9
2093.4
1904.6
1712.3
1585.4
1485.1
1380.8
1381.7
1366.8
1406.1
1357.9
1350.3
1397.4
1527
1587.9
1647.4
1721.7
1854.6
2003.7
2128.1
2263.8
2487.2
2705
2808.4
3068.6
3310.3
3614.1
3967
4141.8
4330.8
4503.6
4559.4
4777.7
4662.4
4667.2
4717.4
4685.1
4602.9
4533.8
4477
4201.6
4009.1
3896.3
3767.4
3491.2
3196.3
2937.5
2680.2
2554.6
2358.3
2064.2
1783
1692.3
1416.5
1375.8
1273.3
1190.7
1178.2
1166
1175.4
1112.1
1165
1119.6
1105.2
1093.8
1113.1
1175.4
1153.7
1269.6
1300.1
1304.8
1408.9
1452.7
1558.5
1674.3
1753.2
1877.9
2088.5
2305.1
2513.3
2698.6
2788.8
2841.4
3055.3
3023.7
2955.6
2876.3
2893.2
2923.9
2981.8
3205.8
2796.2
2729.2
2609.8
2558.5
2429.6
2268.7
2085.4
1820.3
1618.3
1573.2
1458.5
1192.2
1081.4
900.2
880.4
753.6
654.3
619.1
681.8
694.6
665.6
648.3
673.4
674.5
511.5
609.4
577.1
525
606.2
519
470.9
484.9
463.3
467.6
443.5
410.4
342.7
293.1
305.8
314
295.3
226.6
298.4
164.2
223.5
174
221.9
120.7
232.3
92.6
161.3
189
197
172.4
233.2
202.8
265.1
215.2
296.2
323.3
316.7
437
485.1
423.7
494.7
478.8
437
382.5
469.8
421.7
470.2
420.4
424.9
449
341.7
343.2
339.1
346.9
319
289.7
363.3
206.5
206.4
369.3
101.1
118.1
162.8
88
109
83.1
31.5
14.6
25.2
59.3
84.5
77.7
271.2
103.8
0
52.9
62.3
107.7
73.3
75.8
86
102.1
133.7
134.4
93.4
157.4
202.8
186.2
205.2
238.9
296.8
275.1
316.6
313.6
372.8
389.4
358.6
361.2
398.4
392.6
380.9
298.6
348.8
309.5
234.6
235.1
253
218.4
193.5
250.1
210.7
145
162.5
186.4
219
344.5
497.4
680.5
732.1
729.1
692.3
664.7
633.4
666.9
681.9
776.7
762.5
640.8
593
622.9
459.5
588.6
421.4
431.2
404.7
335.6
354.1
294.7
286.3
304.6
284.3
298.6
317.1
301.1
479.6
340.7
297.1
324.6
255.9
336
381.6
275.1
359.6
361.7
415.6
462.8
403
381.1
407.6
403.7
308.6
359
301.5
342.6
250.2
198.7
224.7
244.7
150.3
229.7