7290.4
6135
4133.3
2484.6
1488.5
1505.5
1803
2150.2
2607.4
3282
4106.9
5131.3
6597.9
8157.8
10121.8
12516.1
15377.7
18567.7
20857
20440
15733.2
9689.4
4558
2179.6
2150.4
2353.1
2675
3162.9
3927.1
4766.6
5912
7589.9
9290.6
11602.8
14344.4
17575.2
21620.2
26657.9
31252
33910.8
31237.8
22156.8
12505.8
4544.3
1651.1
1402.7
1259.1
1152
1103.1
1176.8
1016.7
977.9
1012.6
1177.1
1233.3
1373.3
1545.8
1760.3
2098.3
2501
2659.3
2873.9
2593.6
2148.3
1575.5
1191.8
1064.4
1235.8
1404.9
1723.4
2169.1
2742
3538.2
4220.5
5172.7
6164.5
6805.7
6899.6
5756.2
4123.1
2601.1
1574.1
1447.1
1739.1
1785.9
2082.5
2244.3
2422.5
3044.4
3762.8
4908.2
6341.7
7992.4
9428
11599.7
13980.5
15626.6
15916.8
13492.5
9510.8
5583.6
2616.1
1943
2068.2
2315.9
2525.3
2891.1
3377.1
4051.7
4822.1
5865.6
6992.4
8571.2
10440
12666.3
15210.3
18169.5
22134.2
27004.1
29959.4
30194.7
26283.5
18445.1
10640.5
4505.1
2152.9
1928.3
2056.2
2092.8
2342.5
2574.7
2956.1
3472.4
4080.8
4991.8
5873.9
7095.4
8447.4
10120.4
12226.6
14652.1
17257.8
20331.6
24911.5
28927.4
30461.5
28964.7
23162.5
15363.5
8276.8
3496.8
2505.9
2555.8
2754
3007.2
3352.8
3820
4585.8
5293.5
5742.9
5826.6
5310.9
4200
3022.3
2061.5
1590.5
1563.9
1648.4
1792.3
1958.4
2374.7
2734.8
3268.8
3985.1
4684.3
5434.7
6242.8
7316.5
8620.9
9367.9
9293.2
8308.6
6253.1
4014.3
2235.4
1377.8
1312.9
1320.4
1430.3
1481
1621.9
1697.8
1790.4
2004.4
2310.7
2844.5
3552.4
4351
5375
6405.5
7466.5
8633
10437
12339
13386.5
13542.2
12039.5
9147.6
5802.7
3011.9
1657.6
1507.6
1482
1549
1634.5
1659.6
1701.4
1996.2
2024.1
2185
2449.6
2811.8
3214.6
3675.9
4329.6
4961
5748.2
6752.7
7826
9026.2
10575.2
12682.9
14353.1
14838.8
14021
11533.7
8034.6
4607.3
2016.1
1122.8
939.6
881.9
857.1
910.4
903.1
1100
1150.3
1199.1
1251.2
1390.2
1550.7
1771.3
1895.6
2221.2
2481.4
2835.1
3316.2
3760.5
4324.7
4981.2
5752.9
6703.1
7980.4
9355.9
10263.6
10366.7
9800.1
8392.6
6706.6
5032.9
3813.7
3239.6
2731.1
1960.8
1338.1
1102.4
870.8
912
861.3
846
874.5
919.9
1019.5
1131.7
1231.1
1393.9
1597.4
1819.8
2142.3
2377.7
2672.8
3049.5
3608.2
4087.3
4425.3
4442.2
3946.6
3220.4
2187.1
1285.6
662
500.7
489
486.3
528.4
520.1
549.3
617.9
641.2
659.4
907.7
725.8
791.9
903.1
1033.8
1334.2
1394.3
1749.1
2045.8
2311
2733
3043.3
3588.3
4366.1
5101.7
5367.6
5494
4956.8
4138.5
2946.2
1871.4
1149.4
1019.3
1003.1
988
929.3
871.3
889
733.1
743.8
707.1
734.8
760.2
791
815.4
911.8
1004.1
1072.2
1206.4
1471.6
1471.2
1668.1
1891.5
2154.4
2439.6
2820.8
3150.7
3650.9
4234.1
4949.9
5222.3
5229.4
4769.2
4139.4
3119.7
1954.4
1091.1
695.9
600.2
578.7
598.9
645.2
632.7
642.8
674.2
732.1
707
753.2
838.4
844.2
885
902.7
1002.5
1061.2
1183.6
1430
1482
1705.9
1962.6
2273.9
2597.1
2873.1
2977.1
3124.3
3047.1
2954.2
2876.5
2812.7
2958.7
3040.9
2934.4
2734.9
2481.9
1962.6
1396.2
1010.3
678.6
645.8
614.3
629.2
726.3
766.4
830.5
928.6
1021.7
1152.5
1332.7
1414.8
1540.9
1704.7
1987.2
2288.7
2544.4
2509.1
2493.7
2267.5
1952.6
1510.1
968.3
634.3
454.1
496.7
478.2
462.6
453.2
469.4
464.4
556.9
503
515.2
546.9
560.7
576.7
630.5
602.6
582
581.9
686
682.4
752.7
804.5
947.6
1076.1
1338.9
1414.6
1569.4
1706.4
1907.9
2205.1
2552
2926.5
3002.1
2975.1
2890.4
2736
2409.5
1989.6
1709.6
1410.9
1365.7
1316.5
1261.7
1095.2
954.7
807.7
619.7
515.9
497.4
543.4
569.2
700.6
869.5
911.7
975.7
1065.4
1127.6
943.4
872.3
744.7
701.5
835.1
874.4
953
988.1
1073.2
1108.5
1287.5
1332.2
1406.3
1589.4
1657.6
1754.6
1928.3
2164.2
2232.6
2231.8
2059
1967.8
1787.2
1367.4
1102.6
833
601.3
583.4
557.8
534.1
509.3
569.6
530.1
564.7
560.1
609
635.7
662
737.8
812.7
841.3
954.8
1013.7
1001.3
925.9
859.5
851.9
671.9
563.2
483.1
446.5
425.1
415.6
436.9
578.3
531.9
554.8
596.8
634.3
659.8
698.5
776.1
819
861.7
968.7
1003.5
1039.6
1061.7
1038.7
998.1
984.8
973.1
954.5
856.4
819.6
866.5
898.5
977.8
1011.6
1102.6
1204.9
1258.7
1207
1164.1
1138.3
1078.5
1043.3
817.8
701.8
636.9
603.9
645.8
525.6
501.3
544.1
515.1
493.2
468.1
547.4
465.1
456.8
443.6
453.4
502.4
556.7
530.3
721.5
622.4
647.5
673.2
737.8
769.1
806.6
845.9
806
907.7
955
977
1079.6
1100.3
1131.4
1312.4
1333
1401.3
1440.2
1608.9
1625.2
1783.6
1886
1946.2
2008.7
1956.2
1942.1
1920.1
1920.3
1786.6
1659.8
1553.8
1473.8
1363.5
1263.8
1106.8
1007.3
914.5
829.6
809.6
764.7
710.4
637.4
706.5
622.4
583.1
490.6
493.9
508.8
512.5
571.4
612
685.4
561.6
529.1
512.4
444.1
469.5
508.9
469.6
471.5
468.6
489.9
522.5
484.5
483.9
526.5
519.6
489
465.2
583.4
526.8
478.2
481.5
564.8
564.3
609.4
732.9
743
668.1
676.4
678.2
625.9
593
666.2
574.5
659
716.3
799.9
884.8
1025.2
1173
1227.5
1318.9
1503.7
1577.4
1685.3
1722.2
1810.8
1900
1947.4
1958.6
2050.8
2081.1
2053.3
2098.9
2014.7
2096.9
2168.1
2127.6
2093.3
2064.5
2101.2
2236.2
2219.2
2248.6
2240.6
2310.4
2296.9
2254
2176.1
2135.6
2082.1
2033.5
2010.9
2073.2
1994.6
2149.4
2103.3
2164.5
2131.3
2138
2191.7
2217.3
2202.7
2189.8
2113
2204.9
2153.9
2111.5
2060
2115.3
2079
2076.4
2070
2036.5
1993.8
2009.2
1961
1899.6
1894.2
1797.6
1691
1564
1555.9
1526.7
1508.6
1479.4
1590
1557.7
1610
1631.2
1724.2
1756.5
1760.2
1721.5
1728.8
1654.2
1613.1
1557.9
1472.4
1474.1
1405.5
1312.3
1248.7
1225.9
1172.2
1186.8
1232.7
1313
1311.4
1298.4
1344.9
1287.7
1260.8
1225.6
1276.1
1246.6
1176.8
1221.3
1192.3
1190.4
1172.5
1146.7
1117.9
1143.4
1173.7
1254.7
1306.2
1327.6
1321.3
1294.5
1301.3
1280.8
1224.8
1152.2
1064.9
1062.6
804.9
763.3
781.3
643.9
661.2
665.9
638.9
661.7
654.8
731.4
628.1
735.5
747.5
722
736.5
735.8
811.8
862.8
852.8
877.4
868.8
997.3
951.2
1010.7
1021.6
1100.5
1117.6
1129.9
1118.9
1226.2
1231.4
1232.4
1292.5
1257.4
1398.8
1527
1582.1
1741.2
1804.7
2006.4
2235.5
2453.5
2798.5
3217.2
3748.9
4221.6
4829.4
5306
5732
5891.8
6006.5
6126.9
6263.8
6385.2
6471.8
6641.1
6762.9
6699
6305.4
5998.9
5712.8
5482.8
5449
5517.7
5953.2
6531
7223.3
7835.6
8300.5
8649.2
8800.5
8922.3
9080.2
9023.8
9210.5
9284.6
9398.4
9387.2
9158.4
8281.7
7693.4
7107.5
6766.3
6567.7
6662
7110
7696.5
8336.3
8956.1
9541.5
9769.8
9891.4
9920.8
9954.5
10116.5
10321.2
10345.5
10580.1
10633.9
10252.6
9446.7
8430.4
7720.3
7121.2
6837.3
6774.6
7177.8
7817.8
8456.7
9112.4
9880
10208.5
10467.6
10447.6
10380.4
10372.2
10614.4
10772.9
10805.5
11012.9
10856.2
10292.2
9410.7
8145
7371
6803
6396.8
6365.8
6735.1
7169.6
7762.8
8329.7
9135.9
9539.9
9660.3
9652.7
9310.6
9234.3
9348.1
9657.4
9716.6
9833.2
9879
9312.8
8747.7
7582.9
6775.5
6053
5594.5
5616.1
5998.8
6274.5
6862.7
7466.3
8057.6
8815.2
9147.1
9281.1
8999
8747.3
8722.3
8783.5
9227.4
9269.6
9509.9
9492.1
9228
8688.8
7440.2
6658.2
5773.3
5429.5
5404.3
5641.1
5885.9
6198.2
6715
7161.2
7828.7
8269.6
8410.1
8281.1
7842.9
7588.4
7484.6
7788.6
8059.9
7961.6
7973.5
7849.2
7732.8
6701.7
5462.6
4676.6
3897.8
3514.7
3409.9
3482.4
3336.8
3341.2
3503
3721.7
4170.8
4233.7
4416.2
4274
4105.8
3953.2
3994.8
4063.3
4461
4430.8
4583.7
4373.3
4202.5
3944.5
3284.6
2759.6
2315.4
2171.3
2268.2
2333.2
2386.9
2462.6
2490.7
2708.6
2877.4
3110.1
3161.2
3191.1
2978.5
2867.4
2712.9
2754.9
2907.1
2892.2
2824.4
2805.3
2770.6
2624.2
2437.6
2081.8
1820.3
1722.5
1674.1
1627.7
1689.8
1828.6
1916.9
2078.9
2333.3
2641
2979.9
3236.1
3536.9
3753.7
3824.8
3814.8
3583
3639.7
3591.7
3706.1
3785.4
3851.1
3781.2
3547.6
3528.4
3503.7
3276.6
2739.8
2390.7
2314
2426.2
2428.2
2431.7
2499.9
2708.4
3002.7
3373.4
3792.8
4306
4800.2
5424.8
5888.6
6272.8
6368.7
6332.8
5934.9
5730.4
5940.8
6082.7
6257.3
6445.1
6363.9
5981.3
5825.8
5888.2
5515.4
4821.3
3803.3
3452.8
3572.7
3659.6
3581.5
3514.7
3640.9
3846.9
4301.6
4821.5
5497.8
6184.4
6994.1
7763.5
8357
8939.6
9253.9
9019.1
8525.8
8121.6
8458
8791.2
8974.4
9256.9
9104.7
8651
8229
8314.1
8205.4
7165.3
5603.8
4845.3
4923
5181.3
5066.3
4828.6
4837.3
4968.6
5507.5
6073.8
6741.5
7513.8
8413.8
9515.3
10470.3
11328.2
11914
12188.3
11829.4
11156.9
10695.3
11118.8
11603.6
11964
12492.4
12207.6
11642.5
10848.9
11013.7
10980.6
9654.8
7494.4
6266.8
6360.6
6507.3
6548.5
6397.6
6319.1
6339.8
6943.9
7556.5
8348.8
9440.3
10459.9
11713.6
13092.8
14384.5
15311.9
16116.4
16094
15654.6
14735.4
14323.8
14898.2
15485.3
15862.3
16539.6
16323.8
15522.1
14465.7
14743.8
14705.4
13071.1
10270.1
8558.3
8706.5
9456.3
12103
17351.3
20298.8
20024.7
15303.4
11922.8
11630.3
12377.7
13605.7
15067
16768.2
18341.7
19586
20727.3
21540
21360.5
20601.2
19428.7
19235.4
19916.8
20610.7
21226.3
21925.2
21591.5
20565.8
19424.6
19436
19017.3
16797.7
13246.6
10844.2
10185.2
10128
10034.9
9731.3
9286.6
8941.6
8973.6
9414.4
10112.6
11113.8
12246.3
13473.3
14822.8
16181.9
17592.9
18660.8
19715.9
19979.8
19655.4
18896.2
18096.7
17968.2
18409.2
18707.5
19302
19660.6
19257.9
18408.8
17821.8
17284.3
16699.7
14752.3
11870
9612
8534.1
8123.1
7898.3
7716.3
7170.9
6869.4
6561.9
6628.6
6940
7369.7
7967.1
8689.7
9521.5
10420.1
11381.3
12211.1
12908.1
13278.7
13619.4
13340
12987
12443.4
12360.9
12450
12770.6
13016.3
13169.1
12937.6
12534.5
12066.4
11548.1
10989.7
9778.6
8195.8
6651.7
5787.1
5091.3
4672.9
4395.9
4068.1
3778.8
3522.8
3261.2
3238.1
3280
3525.7
3684.1
3930.9
4324.8
4523.3
4837.1
5141
5370.6
5562.5
5596.9
5541
5394.7
5279.2
5196.8
5230.9
5139.7
5403.7
5304.6
5283.4
5073.8
5005.6
4711.3
4455.8
4018.7
3433.2
2927.8
2460.9
2016.1
1726.9
1558.2
1386.7
1263.4
1069.7
895.1
857.6
684.3
613.1
609.6
521.4
545.2
485.2
537.4
546.7
517.2
508.1
471
465.8
474.1
471.7
477.6
536
473.2
506.3
478.2
552.2
482.7
524.1
530.9
543.5
599.3
547
686.2
597.7
555.9
574.6
585.1
557.2
678.8
618.9
647.9
634.6
669.7
750.8
782.8
939.2
903.7
906.9
898.1
879.8
861.2
809.5
902.9
921.4
1042.8
957.3
1009.8
1058.9
1110.1
1186
1181.9
1263.3
1293
1454.1
1506.1
1747.6
1818.9
1953.8
2091.4
2418.8
2595.2
2747.4
2944
3188.5
3686.6
5395.7
6396.6
5729.7
3772.5
1735.6
1404.9
1414.5
1580.9
1531.9
1627.1
1764.3
1919.3
2128.7
2391.5
2635.6
2930.1
3333.2
3677.1
4207.5
4695.1
5319.4
5890.9
6735.8
7498.6
8333.8
9331.9
10278.5
11459.5
12758.3
13970
15087.7
16303.9
18721.1
23824.7
30041.5
32029.1
27516.8
17321.5
8919.8
5205.4
4033.1
3626.8
3364.4
3137.9
2908.2
2759.7
2740
2618.2
2700.8
2618
2731.3
2676.2
2826.9
2880.5
3073.6
3193.5
3456.1
3668.3
3997.8
4291.5
4617
5011.7
5430.3
5892.7
6376.5
6773.3
7157.1
7621.4
7779.6
8147.7
8270.8
8482.9
8584.6
8640.3
8749
8790.3
8966.1
8968.9
8855.5
8879.8
8977.8
8857.7
8658.8
8447.2
8215.9
8000.8
7710.3
7391.9
7065.9
6804
6490.4
6175.9
5824.3
5582.4
5414.4
5262.2
5347
5287.2
5444.5
5744.8
5887.3
6237.2
6668.4
7212.9
7666.3
8249.1
9024.3
9760.5
10482.6
11327.1
12332.4
13189.2
14003.6
14695.3
15299.8
15636.5
15929.4
16045
16241.3
16203.7
16131.2
16129.5
16156
16207.4
16097.5
15948.1
15872.4
15945.2
15735.9
15385.7
14959.4
14570.9
14389.4
13982.5
13452.6
12993.2
12595.1
12209.6
11925.4
11634.9
11582.5
11549
11778.3
11830.1
11914
11846.1
11995.7
11980.4
11775.7
11618.8
11691.7
11702
11788.1
12009.5
12291.2
12757.4
13564.2
14247.3
15240.1
16239.1
17214.3
18197.9
18996.2
19827.9
20524.1
21315.7
22142.7
22614.9
23088.3
23719.9
24406.7
24847.2
25213.2
25558
26058.6
26483.3
27188.9
27631.2
28163.2
28320.2
28573
28375
27946.9
27059.7
25611
24106.3
22468.9
20701.8
19039.9
17750.3
15920.3
14491.7
12978.9
11722.4
10646.6
9884.4
9391.5
9357
9522.2
9720.1
10070
10523.2
11064.5
11741.1
12685
13480.4
14504.3
15676.9
16822.1
17935.9
19221.7
20545.9
21683.4
22809.1
24080.5
25159.4
26429.2
27608.4
29137.4
30324.7
31492.5
32787.3
33254.9
33433.7
33236.1
33050.6
32203.9
31078.6
29820.9
28524.2
27079.6
25695.3
24099.3
22472.9
20796.4
18967.1
17090.9
15483.3
14162.2
12869
11968.7
11039.2
10255.6
9605.8
9105.7
8610.5
8311.3
7888
7706.7
7581
7706.6
7787.6
8061.5
8282.5
8547.4
8870.8
9474.6
10047.1
10638.1
11210
11966.8
12797.6
13521.7
14121.3
14794.3
15373.2
15820.6
16237
16699
16929
17236.7
17502.8
17601.1
17861.6
17957.8
18063.6
18070.9
18007.6
17778.8
17526
17240.8
17017.3
16593.2
16008.2
15640.4
15208.2
14929.2
14771
14814.6
14812.4
14919.9
14925.7
14779.8
14656.1
14360.6
14150.8
13233.9
12369.6
11728.2
11172.1
10505.9
9833.4
9231.5
8605.4
8065.7
7353.5
6700.8
6136.5
5611.3
4979.1
4340.5
3828.7
3277.6
2979
2739.9
2587.9
2400.4
2424.3
2324.9
2424.5
2423.1
2443.5
2511.4
2616.3
2736.7
2858
2891
3082.1
3278.5
3288.1
3473.3
3686
3845.1
4085.3
4325.2
4465.4
4464.3
4477
4522.5
4649.3
4576.3
4534
4410.5
4328.7
4101
3913.9
3773.7
3629.3
3481
3403.9
3042.6
2819
2554.7
2447.4
2223.9
2019.5
1803.7
1663.8
1543.7
1432.1
1418.8
1410.9
1435.8
1372.2
1402.3
1457.3
1594.3
1605.5
1666.9
1750.2
1865
2021.5
2171.2
2344.1
2520.5
2742.7
2857.4
3124.1
3378.6
3726.4
4039.1
4235.5
4496.9
4649.1
4791.4
4953.5
4858.5
4887.4
4894.8
4887.1
4827.1
4752.4
4707.4
4462.9
4266.7
4134.6
3990.3
3738.2
3422.2
3137.3
2878.6
2734.1
2525.5
2207
1905.4
1793.5
1597.2
1466.3
1344.9
1300.3
1257.6
1218.5
1214.4
1188.9
1195.6
1138.3
1148.8
1117.9
1151.7
1177.2
1215.9
1260.9
1325.9
1337.8
1465.1
1464.7
1608.2
1673.7
1799.9
1947
2132.3
2386
2507.8
2730.7
2865.4
2954
3163.8
3143.2
3050
3041.8
3060.3
3068.9
3092.3
3305.1
2944.2
2864.6
2771.7
2697.7
2622.1
2439.7
2211.1
1926.7
1791.3
1678.8
1585.1
1309.1
1175.9
981.9
933.2
811.5
689.9
677.9
717.8
715.2
717
690.1
726.4
717.2
562.5
661.4
614.4
576.9
670.1
578.3
519.5
514.8
498.7
520.3
490.8
454.5
378.2
322.9
349.5
351.8
318.4
254.6
320
190.4
222.9
198.9
181.9
127.3
228.5
111.3
174.8
194.4
175.3
188.4
242.9
199.1
270.3
245.3
308
337.4
349.3
408.3
500.4
473
502.7
475.7
492.2
444.2
510.2
454.5
487.3
448.3
430.6
454.2
365.7
347.5
356
360.7
348.8
300.7
386.8
228.6
198.1
369.8
131.5
175.8
160.3
62.6
107.7
84
63
0
37.4
55
73.6
88.6
230.9
94.6
19.7
45.9
64.2
133.8
78.8
64.7
87.5
90.5
129
118
97.4
139
180
208
192.1
237
302.3
279.5
333.7
349.5
398.2
412.1
384
363.1
398.3
377.8
393.8
323.2
359.6
326.6
253.8
258.4
291.2
220.3
199.5
231.3
219.8
142.5
178.8
170.3
194.6
287.9
430
609.9
679.8
687
691.1
665.1
609.8
637.8
637.9
710.7
714.5
624.5
578.9
587.8
435.6
527.4
428
418.1
404.2
329.4
321.2
300
279.6
300
275
299.7
323.9
281.4
452.9
294.4
267.1
295
261.4
325.1
383.7
264
339.2
326.4
397.7
430
405.3
376.9
426.4
396.5
308.5
359.3
311.1
318
282.6
219.1
215.9
228.6
157
208.6