NaN
5298.9
3461.5
1922.1
1461
1544.5
1832.9
2265.1
2740.1
3398.5
4284.9
5421.8
6854.3
8603.5
10597.3
13077.9
15970.6
18878.3
20647.3
18970
13535.7
7928.9
3557.2
2108
2177.3
2528.8
2872.5
3411.2
4148.2
5168.7
6405.6
7998.6
10186.4
12517.9
15430.6
18822.2
23331.1
28427.6
32948.1
34124.2
29190.6
19335.4
10020.2
3153.2
1487
1273.7
1202.8
1106.8
1040.5
1023.1
1106.6
968.8
968.2
1030.6
1240.7
1313.7
1465.2
1664.8
1978.6
2298.8
2552.1
2492.9
2276.4
1701.5
1334
1037
1091.6
1152.9
1352.6
1693.4
2181.6
2746.3
3375.2
4054.5
5006.7
5787.8
6295.5
6057.7
4739.8
3274.9
2037.5
1456.6
1430.9
1537.3
1852.2
1867.4
2253.7
2530.6
2946.7
3974.3
5061
6433
7827.1
9558.3
11633.4
13749.9
14937.2
14444.4
11582.2
7753
4336.4
2219.4
1852
2026.4
2279.8
2600.2
2940.6
3448.5
4110.2
4959.4
6000.9
7360
8816.6
10847.3
13106.2
15627.1
18652.4
23128
27365.1
29754.8
28721.7
23318.4
15598.4
8434.8
3228.8
2008.8
1953.4
1992.6
2186.8
2339.5
2756.2
3108.6
3630.8
4319
5219.8
6296.2
7483.2
9103.5
10823.7
12879.8
15307.6
18172
21801.5
26403.3
29751.4
30563.1
27542.4
20911.6
13138.4
6476.8
2788.8
2398.9
2403.2
2610.4
2825.3
3168.8
3600.8
4223.6
4942.2
5246.5
5119.7
4473.6
3464.5
2446.7
1715.7
1469.1
1553
1628
1779.7
1953.8
2292.7
2795.8
3205.2
3826.7
4471
5148.4
5902.8
7035.2
7928.8
8483.7
8200
6899.7
5057.9
3175.6
1696.2
1298.4
1259.7
1260
1383.9
1451.9
1518
1708
1769.7
2014.5
2345.2
2832.6
3580.8
4445.2
5342.3
6330.6
7281.8
8501.3
10327.2
11863.5
12763
12261
10602.5
7649.5
4632.3
2266.4
1484.1
1439.8
1490.6
1485.3
1593.8
1663.7
1706.8
1864.3
2148.1
2270.2
2489.1
2888.8
3289.8
3753.4
4408
5149.7
5896.3
6866
7991.8
9255.9
10995.1
12908.7
14119.2
14191.9
12970.2
10299
6746.2
3623.1
1510.9
971.7
915.6
863
889.6
886.3
980.2
983.5
1164
1228.3
1320.7
1436.2
1580.3
1788
2011.9
2226.1
2585.5
2947.4
3388.1
3894
4445.5
5128.9
5948.3
6967.7
8278.5
9511.1
10094.5
10048.3
9147.8
7657.1
5811.9
4181.3
3288.8
2781.4
2173.4
1697.3
1155.7
892.8
1002.5
856.7
927
917.9
917.1
942.4
1009.1
1115.6
1260
1421.2
1597.8
1798.4
2028.9
2284.6
2513.4
2921.1
3488.9
3889.9
3980.5
3839.7
3514.7
2602.4
1811.6
947.8
585.6
509.2
487.4
453.2
491
524.5
575.6
608.3
660.2
683.6
719.1
963.6
824.4
887.2
1047.7
1250.5
1610.6
1719.6
2097.6
2389.9
2660.9
3030.3
3562.2
4311.4
4872.6
5149.6
4934
4665.7
3599.8
2521.5
1628.7
1100
1049.8
1086.2
1061.8
1017.9
939.1
890.3
849.8
734.7
746.9
765.5
804.1
862.9
908.9
946.1
1057.1
1132.4
1248.4
1407.5
1708.2
1713.7
1943.2
2253.4
2499.1
2866.3
3278.2
3724.1
4439.5
4952.5
5117.7
4974
4546.2
3754.5
2684.4
1675.4
909.6
632.8
618
580.7
603.1
605.6
657.2
628.7
642.1
730.6
765
748.3
748.2
857.8
892.8
946.1
1007
1062.5
1162.5
1309.8
1534.6
1633.2
1904.9
2200.2
2544
2691.5
2825.3
2861.6
2911.5
2816.4
2770.7
2926
2983.3
3005.4
2948.2
2660.4
2296.3
1781.3
1249.2
860.9
754
639.2
664.5
676.5
703.1
804.6
838.4
926.4
1034.1
1122.8
1249.2
1390.7
1561.7
1668.9
1917.7
2158.3
2313.2
2326.1
2177.1
2033.5
1707.8
1192.6
864.5
541.8
462.6
476.9
531.5
538.1
487.1
501.5
540.7
538.4
633.4
550
545.5
616.5
614.8
634.6
706.7
649.4
625.4
666.5
797.3
783.5
884.4
1001.8
1185
1269.6
1530.3
1585.9
1797.6
1970
2260.6
2648.9
2845.7
2954.3
2908.9
2880.1
2727.8
2399.3
2009.8
1730.8
1676.4
1602.4
1534.3
1354.3
1299.7
1020.7
865.7
676.6
534.9
529.1
564.6
736.5
805.9
918.7
961.7
1000.7
1103
1080.6
1044.3
847.6
798.3
771
828.9
958.2
1008.9
1088.7
1105.7
1202.8
1214.4
1399.1
1469.2
1525
1674.6
1798.6
1957.8
2125.3
2166.4
2119.4
1944.3
1813.3
1651.2
1346.2
935.9
729.7
645.3
554.5
544.1
552.8
536.5
532.5
565.1
532.4
561.2
591.6
622.9
620.6
703.4
798.1
875.6
943.6
949.4
929.7
856.2
832.7
716.8
730.1
521.5
496
474.8
503.9
491.4
508
553.7
648.3
614.1
620.1
702.9
682
737.8
751.2
811.2
859.8
909.3
1041.1
1018
1057.9
1033.9
996.9
983.4
935.6
904.7
871.4
852.8
852.6
911.2
934.9
1038.5
1064.8
1165.2
1253.5
1218.5
1123.7
1074.8
1016.4
903.9
860.9
708.2
652.2
617.8
601.3
630.7
533.7
537.8
543.4
512.8
510.1
475.6
543.3
454.5
453.4
485.3
460.6
516.3
587.7
599.9
751.3
663.8
697.9
689.4
740.5
813.5
836.5
896.9
872.5
965.5
997.3
1036.3
1133.5
1109.8
1192.9
1404
1374
1452.8
1477.1
1657.5
1758.2
1864.9
1904.2
1936.1
1998.2
1983.5
1950.7
1927
1837.9
1673.8
1574.6
1507.8
1387.8
1244.8
1050
922.9
830
762.7
751.2
694.5
666.3
557.9
555.6
588
577.7
564.7
494.1
522.3
522.4
525.6
579.6
629.1
691
578.3
471.8
511.8
493
512.7
511.2
510.7
517.1
520.1
518
503.5
464.5
514.9
503
512.7
475.3
473
563.5
535.7
502.3
554.7
662
618.1
642.3
725
742.5
634.7
652.6
640.1
544.4
580.7
676.3
653.8
732.8
850.9
910.9
1001.6
1112.6
1272.2
1306
1404.2
1525.1
1612.2
1668.7
1689.2
1778
1860.4
1880.4
1870
1922.2
1897.6
1894.1
1908.1
1898.8
1989.6
2053.7
1973.6
1934.5
1941.6
2006.9
2069.1
2047.4
2040
2054.3
2057.4
2022.1
1988.3
1945.6
1957.7
1871.4
1861
1853
1893.6
1874.7
2016.1
1961.4
2007.1
2000.6
2000.2
2022.9
1964.3
1987.9
1976
1949.6
2000.3
1952.4
1923.4
1877.5
1932
1891
1901.2
1814.3
1815.6
1823.5
1808.6
1755.9
1660.7
1597.8
1544
1449.1
1387.4
1373.8
1374.7
1396.9
1411.7
1526.5
1478.6
1505.6
1527.4
1587.6
1626.4
1571.8
1521.1
1494.5
1474.6
1387.1
1325.5
1274.1
1268.4
1249
1190.5
1153.6
1190.4
1167.4
1170
1252.3
1282.9
1276.2
1240.5
1286.3
1237.5
1233
1213.6
1251
1223.1
1162.5
1205.8
1147.8
1169.6
1172.7
1178.9
1183.9
1233.4
1321.2
1360.6
1392.7
1447
1426.3
1393.9
1370.4
1300.8
1205.6
1058.9
944.3
958.3
731.7
699.1
703.7
643.6
677.9
664.3
680.9
679.7
669.7
751.7
696.1
769.3
768.7
777
802.1
817.4
887
882.7
892.5
924.3
957.1
1092.3
1043.6
1090
1130
1181.9
1176.6
1235.2
1185.5
1297.2
1307.2
1273.2
1349.6
1377.8
1499.6
1637.1
1687.2
1858.1
1926.4
2144
2376.3
2668.3
3051.2
3540.2
4071.3
4456.9
4896.9
5162.9
5351.2
5437.2
5514
5591.2
5694.8
5767.1
5955.4
5979.2
5832.6
5552.5
5230.8
5030.9
4925.9
4857.4
5127.4
5511.1
6024.6
6659.9
7273
7616.9
7774.3
7922.4
8011.9
8088.7
8319.9
8220.6
8409
8420.7
8269.4
7878.2
7400.7
6710.9
6353.6
6027.3
5952.8
6071
6595.7
7103.4
7768.8
8316.1
8633.9
8835.7
8889.2
8980.8
8991
9172.4
9314.5
9379.1
9541.1
9417
8906.8
8231.4
7380
6836.7
6392.2
6158.8
6331.1
6720.4
7284.6
7925.4
8597.6
9075
9393.5
9466.5
9450.3
9532.5
9543.1
9789.2
9876.5
10010.9
10039.7
9730.1
9124.5
8104.5
7338.2
6501.1
5997
5886
5989.4
6384
6799.8
7325.1
7930.4
8542.4
8865.3
8909.1
8716.9
8659.8
8436
8737.1
8935.4
9004.2
9114.9
8975.4
8562.2
7645.4
6735.7
5961
5521.7
5157.6
5325.7
5617.6
6094.8
6514.7
7131
7825
8294.4
8538.7
8553.5
8313.7
8200.7
8116.6
8410
8711
8779.6
8909.2
8917.6
8482.3
7762.3
6640.8
5984.9
5442.7
5099.9
5196.5
5464
5685.6
6067.8
6500
7094.5
7619.9
7912.1
8081.7
7786
7464.5
7280.5
7213.5
7610.8
7680.6
7671.4
7687.9
7322.1
6956.8
6233
5003
4286.9
3678
3434.1
3257.7
3194.7
3269.8
3286.3
3414.9
3595.1
3944.8
4272.5
4143.2
4081.2
3867.3
3789.9
3735.5
3977.1
4195.7
4289.7
4184.2
4294.9
3951.7
3572.1
2883
2529.1
2165.2
2122.9
2155.3
2202.8
2243.2
2335.7
2435.7
2533
2747.1
2890.6
2928.8
2801.9
2732.3
2609.4
2596.6
2536.8
2604.7
2721
2586
2557.1
2508.1
2398
2094.7
1807.7
1581
1493.4
1535.9
1537.8
1554.7
1673
1795.6
1940.9
2174
2428.6
2744.7
3037
3213.7
3397.7
3406.3
3293.6
3177.4
3207.4
3337.3
3320.4
3430.2
3366
3293.4
3158.9
3153.4
3042
2780.9
2369.7
2148.8
2128.2
2197.2
2245.6
2275.8
2317.2
2522.1
2861
3206.3
3598.9
4078.5
4548.1
5029.5
5442.6
5722.6
5842.3
5545.4
5289.7
5155.6
5405.6
5558.2
5708.9
5778.2
5535.9
5289.3
5201.4
5242.4
4811.6
3984.3
3313
3123.1
3249.8
3328.5
3197.4
3281
3262.1
3698.7
4093.4
4604.4
5140.1
5843.3
6587.4
7309.1
7724.7
8247.6
8389.1
7985.4
7625.6
7340.1
7774.9
8020.7
8255.2
8501.7
8141.9
7747.7
7355.5
7662.6
7164
6049.5
4750.2
4475.7
4617
4746.9
4630.8
4475.6
4485.8
4727.4
5277.6
5767.7
6580
7228.2
8093.7
9077.7
9963.1
10519.6
11123.8
11097.5
10722
10054.7
9816.1
10461.4
10728
11070.3
11547.5
11093.5
10486.7
9929
10345.7
9835.6
8378.4
6333.1
5747.6
5974.6
6199
6065.9
5890.3
5970.7
6100.1
6698.2
7341.4
8119.3
9067.8
10170.4
11466.1
12632
13605.5
14492.5
15197.2
15030.9
14271.2
13372.7
13380
14207
14466.8
15110.4
15372.5
14920.3
14290.7
13359.7
13823.2
13348.5
11509.9
8741.2
7995
8226
9366.2
13339.2
18637.5
20647.6
18886.8
13253.6
11036.5
11225.7
12114.7
13250.2
14814.7
16315.6
17870.7
18867.7
19946.3
20348
20066.1
18939.4
18116
18228
19064.3
19507.7
20371.4
20620.4
20160.5
19033.8
18180.4
18237.1
17349.9
14657.5
11378.3
9772.1
9464
9456.3
9364.1
8977.4
8662.5
8359.5
8537.4
9141.7
9860.2
10748.5
11843.3
13188.9
14476.2
15859.1
16952.4
18070
18706.6
19015
18405.1
17524.7
16886.2
16990.6
17431.9
18051.6
18402.4
18550.8
18031
17065.4
16458.4
16289.6
15285.1
13040.5
10350.8
8519.5
7827.5
7606.8
7410.7
7083.8
6788.3
6329.6
6279.1
6351.5
6702.2
7207.7
7863.2
8519
9364.2
10284.3
11048.8
11842.2
12420.4
12846.4
12798.3
12650.1
12092
11793
11651.6
11844
12162.8
12433.1
12521.7
12197.3
11713.9
11354.2
10870
10108.6
8754.3
7279.4
5886.1
5137.5
4691.4
4350.8
4084.9
3755
3428.7
3228.3
3129.2
3097.7
3170.3
3353.4
3623
3915.7
4148.9
4562.9
4754
5018.1
5207.5
5404.5
5367.9
5315.4
5142.7
4980.4
4982.4
4978.5
5097.4
5046.4
5171.9
4988.8
4908.6
4694.8
4499.2
4127.6
3661.1
3154.2
2509.1
2210.1
1924.5
1607.2
1458.2
1266.1
1137.2
993.3
843.6
678.5
704
598.8
542.4
555.6
502.6
536.6
482.6
538.7
524
478
505.7
452.2
461.3
460.8
464.1
470.3
508.5
471.6
454
471.1
569.1
486.7
505.3
535.6
560.7
592.8
561.2
683.6
587.8
527.7
546
596.6
556.8
668.2
612.9
636.1
627.9
707.6
805.3
862.9
897.3
846
798.9
843.5
864
859.7
851.4
885.9
920.8
1043.5
997.8
1006.3
1060.6
1117.6
1243.3
1228.6
1305.5
1369.7
1523.9
1582.1
1890.2
1995.8
2134.9
2327.1
2566.2
2793.4
2959.8
3157.2
3977.5
5786.9
6058.3
5096.9
2770.3
1454.1
1416.7
1359.6
1451.4
1654.6
1617.5
1748
1917.7
2133.4
2366.1
2689.7
2952.4
3337.5
3810.6
4241.1
4816.3
5374.8
6023.9
6806.9
7644.3
8542
9486.6
10541.2
11677.8
12860.5
14057.3
15424.9
16686.7
19701.4
25644.5
31321.1
31286.9
24108.8
13438
6877
4321.9
3690.9
3327
3040.4
2896.4
2757
2536.1
2477.7
2507.3
2458.3
2556.8
2546.9
2727.7
2697.3
2823.4
2933.3
3179.6
3317.8
3582.5
3857.1
4182.9
4515.1
4897.5
5302.9
5708.8
6105.7
6565.1
6946
7251.1
7491.9
7667.7
7944.4
8026.9
8233.4
8272.4
8259.9
8361.7
8442.4
8426.7
8364
8323.6
8423.1
8330.1
8073.2
7871.2
7651
7478.5
7127.4
6806.6
6564
6205.6
5979.2
5686.3
5435.3
5234.6
5061.9
4993.8
4938.2
5139.9
5189.2
5357.4
5765.1
6005.8
6467.4
6915.7
7519
8071.1
8688.5
9427.7
10217
10978.8
11819.3
12645.4
13541.2
14070.7
14442.3
14781.6
14898.2
15219.1
15309.4
15297
15197.4
15218.4
15297
15259.4
15190.6
15028
15038.6
15005.3
14781.2
14382.5
13963.7
13713.3
13417.2
13086.4
12592.2
12067
11711.5
11454
11064.5
10906.2
10784.6
10963.6
11037.3
11197
11110
11238.4
11254.4
11135.4
11037.4
10858.1
10967.6
11098.9
11300.4
11443.5
11836.1
12259.3
13039.1
13945.2
14719.7
15695.2
16691.5
17567.1
18471.8
19052.7
19858.7
20596.2
21175.6
21753.5
22172.2
22708.4
23378.2
23969.5
24152
24469.7
24975.3
25563.1
25952
26505.5
26831.4
27102.7
27210.6
26914.5
26381.3
25430
24010.8
22359.6
20830.2
19177.6
17727.7
16092.4
14694.8
13123.4
11884.7
10761.1
9847.2
9271.3
9000.4
8980.7
9105.5
9440.6
9821.1
10339.3
10872.7
11622.9
12491.4
13502.6
14346.7
15525.9
16762.6
17906.8
19052.7
20156.6
21531.6
22530.1
23696.9
24908.5
26038.8
27375.6
28697.5
29995.1
31113.4
31945.4
32513
32674
32227.1
31729.4
31050.5
29717.5
28396.6
27112.7
25815.6
24330.7
22709.6
21000
19230.4
17647.6
15964.9
14332.9
13066.1
12004.7
11081
10272.5
9607.4
9087.3
8557.9
8108.4
7816.1
7629
7383.7
7391.4
7427.8
7582
7787.3
8136.3
8363.1
8765.4
9285.7
9771.6
10545.5
11192.5
11737.3
12468.6
13323.3
13817.6
14418.3
14947.9
15350.2
15785.4
16074.6
16472.7
16608.7
16817.5
17052.6
17221.1
17272.9
17321.7
17324.1
17142.7
17007.6
16811.7
16552.1
16100.2
15763.9
15219.1
14742.8
14400.7
14063.7
13741.6
13631.4
13632.5
13473.5
13308.9
13185.3
12805.7
12523.3
11889.6
11477.8
10526.9
9918.8
9342
8766.1
8224.6
7663
7118.2
6570.6
6048.4
5525.8
5028.8
4504.6
4056.8
3538.9
3147
2810.9
2531.9
2412.4
2251.8
2219.6
2163.3
2218.9
2178.6
2254
2267.8
2350.2
2421.8
2545
2688.3
2842.4
2871.2
2986.4
3210.2
3250.8
3466.8
3690.7
3873.8
3995.9
4143.4
4186.2
4265.7
4273.9
4304.7
4245.9
4128.2
4041.5
3921.1
3877.6
3660.2
3462.8
3324.1
3176
3004.2
2930.1
2497.6
2343
2162.4
2076.7
1849.6
1656.9
1479.9
1411
1400.4
1352.5
1365.9
1373
1383.1
1385
1403.4
1451.2
1614.9
1681.9
1728.9
1822.4
1977.2
2135
2315.4
2454.8
2679.1
2919.1
3099
3397.5
3653.8
3959.2
4228.3
4386.6
4575.1
4615.2
4622.6
4805.1
4724
4732.1
4708.9
4609.3
4506.7
4408.9
4221.9
4000.5
3814.8
3773.4
3538.5
3150.3
2855.8
2714.4
2476.5
2264.6
2007.4
1798.6
1553.1
1513.7
1302.6
1274.4
1214.2
1158.3
1147.8
1136.1
1145.8
1121.2
1142.8
1152
1100.7
1136.5
1144.8
1194.9
1227.6
1335.5
1409.8
1395.8
1549.8
1584.1
1713.7
1814.7
1943.2
2086.7
2369.5
2639.5
2785
2950.3
2975.5
2987.6
3187.5
3151
2979.3
3000.1
2991.6
3021.4
3044.1
3205.3
2772.9
2649.2
2583.7
2496.3
2265.5
2027.1
1896.1
1711.4
1541
1398.1
1243.7
1008.6
909.4
809.4
759.4
678.7
613.3
629.6
650.4
650.5
612.8
599.3
634.3
618.5
469.4
564.4
534.3
474.2
562.6
503.1
438.7
436.8
430.5
428.4
384.5
366.3
284.8
256.1
290.3
252.8
257.5
212.8
250
155.9
202.4
164.9
168.3
79.5
216.6
103.8
141.8
166.6
172.1
163.6
271
209.9
275.9
246.4
293.4
353
337.2
443.8
471
433.5
447.8
467.6
412.4
374.9
438
373.3
451.5
405.5
389.1
393.2
307.5
284.8
284.2
310.4
291.3
247.4
292.1
141.3
137.2
303.2
90
96.9
131.6
50.8
58.5
44.3
48.4
34.5
0
61.9
68.8
86.1
231.8
77.7
34.2
45.3
98.3
110.4
64.7
55
77.4
97.9
155.5
125.7
107.6
168.6
204.2
197.5
209.8
260.8
309.3
312.9
331.9
335.1
363.5
364.3
346.9
317.1
364
346.6
313.2
245.1
308.4
298.2
211.5
200.7
220.1
155.3
115.3
196.9
156.4
118.8
184.2
158.1
226.3
353.2
488.2
589.8
583.6
500.8
476.9
487.1
481.1
509.9
519
575.8
533.8
420.3
399.9
417.2
317
413
317.9
308.1
321.5
236.5
311.9
223.6
262.5
256.7
255
287.6
288.1
271.7
426.1
314.4
275.7
282.3
259.9
346.1
364.3
281
330.7
324.1
397.1
432.9
376.3
371.4
376.2
356.1
292
318.2
277.2
293.3
217.6
152.3
194.3
178.9
104.2