NaN
4354
2495.9
1196.1
1250.6
1427.7
1700.5
2196.6
2681.1
3311.3
4207.5
5338.7
6733.6
8550.9
10415.7
12817.3
15319.3
17541.9
18487.5
15390.1
9855.1
4810.7
1973.6
1646.6
1800.5
2184.3
2471.8
2979.4
3658.8
4693
5753
7180.6
9164.9
11125.8
13659.1
16738.4
20574.2
24255.7
27557.6
27658.6
21262.6
12461.6
4905.2
1416.6
1034.3
914.5
900.6
826.3
755.4
795.3
957.9
793.8
848.2
968.2
1224.1
1265.6
1548.7
1825.1
2174.2
2604.2
2855.6
2702.2
2214.3
1485.4
1118.4
930.4
1049.7
1106.1
1365.6
1795.4
2385.1
3087.1
3767.2
4613.4
5515.9
6327.1
6907.9
6199
4458.3
2728
1453.4
1252.3
1261.5
1400.8
1745.5
1799.2
2158
2504.9
3031.5
4124.7
5263.2
6703.7
8222.6
9947.5
11887.4
13906.7
15052.2
13956.9
10140.1
5998.5
2790
1696.5
1609.2
1786.6
2041.3
2372
2699.4
3237.9
3841.8
4698.8
5680.1
6996.7
8450.7
10243.4
12482.1
14926.7
17716.1
21782.5
25596.3
27509.1
25556
18832.5
11236.1
4803.2
1771.5
1586.6
1512.6
1555.2
1772.2
1910.4
2283.6
2623
3107.8
3746.5
4490.7
5492.1
6495
7970.4
9570.3
11253.4
13374.8
15895.4
19021.3
22935.2
25618.6
25748.4
21618.6
14904.5
8403.4
3495.7
2161.6
2232.2
2349
2677.8
3070.2
3507.9
4106.1
4894.1
5856.3
6113.7
5731.2
4624.2
3222
1939.1
1285.7
1197.8
1324.2
1386.5
1485.2
1733.7
2144.6
2792.7
3374.1
4152.4
5022.3
5803.6
6720.4
8117.7
9232.3
9646.1
8959.2
6879.8
4500.5
2388.5
1193.7
1114.7
1051.3
1111.6
1172.7
1275
1337
1549.1
1655.3
1874.3
2314.2
2918.2
3755.4
4709.5
5715.4
6735
7665.1
9037.7
11015.5
12709.3
13214.4
12189.5
9478.3
6197.4
3168.6
1401.7
1141.2
1204.1
1247.2
1223.8
1363.7
1438.5
1471.9
1636.1
1944.1
2044.7
2277.6
2641.4
3058
3578.3
4131.9
4953.2
5707.5
6614.2
7712
8908.4
10820.5
12622.8
13531.4
13186.1
11210.9
8086.4
4641.4
1986.5
761.9
639
640.4
582
622.3
632.9
734.5
697.5
951.5
1013.8
1085.8
1192.1
1341.4
1526.9
1768.5
1943.8
2292.4
2603.4
3006.7
3547.8
4033.9
4680.8
5467.1
6455
7696.1
8764.9
9195.1
8931.7
7774.5
6500.2
5076.8
4006.1
3431.3
2768
1940.8
1317.3
717.4
557
769.9
564.3
606.7
580.4
541.5
544.3
645.3
815.5
1007.7
1197.4
1522.9
1771
2087
2385.1
2777.1
3258
3966.5
4384.6
4458.9
4137.8
3483.2
2278.2
1265.2
475.9
264.3
238.1
218.2
223
269.9
294.2
323
342.5
436.4
490.1
470
784.2
539.1
647.6
848.2
1089.1
1543.5
1607.1
1944
2295.3
2586.4
3055.9
3616.9
4429.9
5024.3
5182.7
4751.8
4187
2816.2
1644
763.2
485.3
462.5
453
459.2
400.8
348.4
363.4
401.3
307.5
381.7
375.4
415.1
434.9
519
552.3
669
802.4
874.7
1011.5
1338.7
1341.2
1522.8
1881.5
2091.7
2464.2
2898.9
3324.1
4052.8
4478.8
4626.7
4333.3
3762.9
2805.3
1791
836.4
348.2
291.8
302.9
249
277.4
297.7
344.3
312.7
357.5
393.6
432.9
430.4
487.8
611.2
643.4
718.5
774.8
894.7
1016.5
1182.2
1457.5
1598.5
1903.5
2203
2649.5
2759.8
2819.8
2799.8
2665.7
2388.1
2219.4
2300.3
2355.4
2354.9
2194.8
1942.3
1515.4
1035.5
550
363.1
373.2
286
299.2
298.6
344.7
486.5
554.4
642.9
785.8
900.3
1068.3
1245.3
1398.4
1575.4
1855.5
2224.5
2346.7
2365.7
2156.9
1841.9
1314.7
739.5
355.9
110
75.5
83
141.9
122.1
89.2
107.6
120.5
123.7
237.4
127.5
182.3
236.5
238.8
227.3
305.9
257.6
218.8
285.2
408.2
396.8
502.2
648.9
808.4
858.1
1165.1
1220
1421.8
1544.7
1849.6
2184.9
2419.4
2457.8
2292.6
2164.9
1821.5
1321.6
870.4
512.4
547.9
441.7
404.8
332.8
356.6
224.1
190.2
156.5
76.4
113.4
118.7
324.2
360
422.5
518.7
541.2
603.7
536.5
537.9
332.6
316.5
340.9
368.5
496.7
558
626.7
682.1
806.1
824.4
989.3
1049.1
1129.6
1303.4
1396.8
1580.8
1733.4
1773.3
1684
1601
1410
1187.9
831.3
440.6
355.2
277.1
215
191.3
269.8
209
194.3
307.5
244.6
346.8
343.6
383.7
369.9
484.8
576.4
692.7
736.6
720.8
683.7
629.3
560.5
383.8
331.3
107.2
51.8
77.7
118.1
82.2
107
146.5
295.2
217.9
210.3
336.9
310.9
369.8
428.7
517.8
518.2
620.8
715.2
653.9
662.5
698.1
685.8
585.3
544.2
525.4
515.1
517.4
538.9
616.4
619.2
720.7
796.4
883.3
932.4
879.3
801.2
732.3
634
467.3
420.6
202.3
185.5
182.7
213.1
262.6
154.1
131.4
208
177
194.7
160.7
296.6
179.2
165.8
215.3
159.9
222.3
295.7
343.7
530.3
397.5
418.3
437.1
469.6
526.3
567
629.9
594.2
662.5
749.2
801.3
897.1
917.5
995.8
1200.3
1136.1
1254.1
1281.9
1454.1
1504.8
1576.8
1544.4
1538.2
1538.4
1456.8
1318.5
1191
1177.3
981.3
919.7
933.1
914.3
844.5
809.4
732.1
695.3
664
627.4
554.9
484.2
372.6
327.9
416.5
416.9
381.6
264.2
252.4
236.7
261.4
315.9
403.6
448.1
276.4
168.2
186
147.9
140.8
190.4
142.8
142.9
155.2
177.2
179.8
139.8
170.9
164.5
188.5
174.3
165.3
330.5
264.4
199.7
278.9
393.7
338.5
331.4
470.1
431.5
322.4
325.8
301.9
237.3
254.4
385.8
352.7
433.4
543.1
650.9
791.5
889.4
1059.2
1131.4
1250.9
1439.6
1458
1556.1
1595.2
1701.5
1765.6
1827.8
1803
1881.9
1880.8
1896.1
1889.4
1839.7
1938.2
2037.8
1915.7
1945.2
1951.1
2009.5
2094.7
2074.3
2077.7
2191
2174
2089.8
2020.8
2013.3
1944.3
1842.2
1816.7
1822.3
1925
1926.7
2046.3
1942.1
2005.3
1998.8
2043
2093.8
2028.5
2016.6
1982.9
1932.2
2045
1984.9
1961.3
1911.1
1975.8
1920.5
1931.7
1895
1860.4
1881.4
1909.6
1778.8
1656.4
1591.3
1540.8
1394.7
1333.1
1281.1
1364.5
1401.6
1416.9
1554.5
1499.4
1540.8
1601.5
1685.7
1676.9
1584.2
1511.4
1505.8
1431.9
1344.9
1228.6
1172.6
1153.8
1053.3
983
922.1
949
900.7
933
1008.5
1045
1020
954.8
1033.5
940.6
926.5
911.9
917.1
901.5
795.1
853.5
766.1
782.6
713.5
714.9
712.1
793.4
766.7
866.9
835.3
824.3
741.1
675.7
648.6
700.5
629.1
581.2
504.5
639.6
369.7
346.6
414.6
297.6
357
349.9
332
340.8
327.1
390.3
301.6
390.6
369.5
388
407
416.8
495.3
494.4
463.8
463.6
463.2
580.3
486.3
559.9
603.8
641.5
662.2
692.3
716.6
827.6
868.6
904.1
974.2
1021.3
1215.2
1430.6
1528.6
1747.9
1902.5
2199.4
2521.4
2932.7
3467
4101.5
4745.9
5259.3
5852.3
6078.2
6358.7
6434.3
6490.9
6665
6764.5
6820.1
7054.2
7107.3
6830.3
6451.6
5964.3
5714.1
5548.7
5483.8
5915.3
6423.2
7105.8
7824.1
8611.4
8994.7
9205.2
9376.9
9419
9515.8
9819.1
9747.9
9928.4
10060.4
9717.2
9155
8533
7605.2
7136.4
6772.6
6714.3
7057.7
7713.4
8353.9
9106.2
9846.2
10141
10464.1
10394.7
10404.1
10479.9
10741.8
10930.6
11048.1
11186.6
10929.3
10317.9
9297.6
8313.8
7664
7100.4
6872.2
7213.3
7693.1
8373.8
9151.4
9979.3
10454.6
10758.3
10701.7
10666.5
10645.9
10664.6
11089.3
11185.3
11339.8
11369.4
10876.5
10135.4
8851
7930.7
7001.3
6425.6
6441.8
6710.9
7070.7
7681.6
8184.1
8872.2
9525.6
9875.9
9874.6
9568.3
9548.6
9307.1
9662.6
9966.8
9969.8
10146.9
9896.8
9333.8
8156
7115
6251.1
5780
5533.7
5764.2
6072.7
6518.4
7042.6
7676.9
8393.8
8866.6
9075
8966.3
8603.3
8462.5
8439.1
8820.8
9107.5
9156.9
9232.4
9198.4
8703.3
7756.4
6464.7
5741.4
5181.9
4913.5
5097.3
5371.3
5613.6
5877.4
6359
6955.6
7522.1
7801.9
7923.5
7476.9
7152.8
6934.3
6905.2
7454.8
7497.8
7418.9
7353.8
7033.6
6588.9
5706.7
4400.5
3592.8
3103.9
3048.4
3009.1
2937.3
3083.9
3142.4
3269.1
3568.9
3861.5
4224.8
4030.7
3925.8
3750.5
3569
3605.1
3886.5
4094.4
4153.2
3991.8
4186.3
3829.5
3313.7
2611.8
2187.5
1921.9
1938
1992.7
2077.7
2151.6
2287
2444.1
2563.5
2872
3014.5
3038.7
2878.1
2801.7
2655.4
2674.4
2667.7
2685.3
2832.7
2623.9
2588.3
2557.5
2444.2
2073.8
1764.2
1581.4
1482.4
1602
1599.9
1625.4
1784.3
1964.4
2198.6
2477
2822.9
3171.6
3591.3
3746.1
3980.8
3966.9
3845.1
3733.6
3731.6
3934.8
3865.1
4031.5
3930.7
3753.8
3591.2
3556.6
3429.9
3008.6
2541.1
2262.5
2273.6
2340.3
2345.3
2389.4
2521.1
2749.4
3148.6
3538.4
4063.2
4602.4
5186.9
5759.1
6254.3
6586.7
6699.1
6306.3
6058.5
5983.3
6280.5
6479.6
6628.3
6655.4
6420.8
6076.4
5948.8
6048.8
5469
4342.9
3626.8
3561.7
3716.2
3707
3595.7
3708.7
3765.3
4263.8
4620.6
5307
5974.4
6827.6
7663.8
8573.1
9000.8
9515.9
9561.8
9170.5
8622.2
8436.4
8934.8
9208.7
9529.8
9733.9
9224.5
8667.8
8313.2
8706.3
7938.5
6438.5
4999.5
4914.5
5094.6
5178
5071.2
4899.5
4906.8
5271.3
5893.3
6388.3
7313.3
8155.6
9120.7
10252.9
11160.8
11832.9
12481.8
12281.2
11809.1
11042.2
11003.5
11753.3
11975.4
12448
12739.7
12257.9
11469.7
10949.3
11334.2
10551.7
8735.2
6568.1
6235.4
6470.9
6647.2
6456
6412.4
6376.8
6587.9
7253.2
7962
8947.6
9914.5
11141
12543.4
13777.1
14823.4
15795.3
16282.7
16100.6
15171.3
14393.8
14492.7
15352.1
15647.3
16356.7
16447.5
16032
15101.9
14303.4
14606.5
13943.8
11609.4
8951.5
8369.1
8576.2
9816
13165.4
16631.2
17915.9
15948.4
12241.8
11091.6
11576.9
12683.5
13852
15588.3
17066
18712
19738.7
20736
21028.3
20695.3
19545.5
18864
19095.4
19885.7
20383.6
21132.3
21295.9
20811.6
19690.9
18994.6
18781.4
17728.5
14828.5
11689.5
10376.6
10017.8
9935.3
9828.8
9469.2
9128.8
8827.3
9119.2
9721.3
10498.3
11495.3
12605.2
14042.6
15380.5
16779
17864
18857.4
19476.3
19755.2
19054.6
18132.9
17684.1
17796.9
18281.3
18865.4
19123.4
19188.4
18555.5
17593.7
17003.8
16685.9
15410.4
13138.7
10495.7
8846.3
8142.2
7830
7569.4
7272.1
7016.7
6552.6
6558
6588.2
7000.3
7508.7
8126.8
8885.9
9739.3
10705.7
11465.1
12243.3
12816.2
13182.8
13100.1
12899.3
12347.2
12105.5
12035.7
12259.7
12562.3
12747.1
12707.7
12387.8
11939.3
11454.1
10975.1
10066.3
8586.8
7254.6
5952.8
5131.9
4699.6
4330.4
4015.7
3744.5
3348.4
3191.3
3040.2
3021.4
3107.2
3218.7
3579
3765.6
4065.8
4445.1
4636
4884.8
5135.1
5207.6
5169.3
5116.5
4945.3
4866.1
4832.6
4829.2
4965.2
4859.7
5011.4
4808.6
4738.3
4501
4324.5
3895.7
3410.6
2931.4
2296.5
2052.1
1751.4
1390.4
1196.2
1074.2
883.3
763.6
648.3
476.8
541.5
363.7
333.9
350.9
281.8
310.6
292.8
354.4
331.1
274.2
264.6
252.5
228.8
227.5
254.6
263.7
320.9
211.2
232.3
264.6
355.1
239.7
266.7
311.6
342.7
352.2
274.3
465.9
358.9
273.2
318.9
376.4
322.2
458.2
402.2
438.7
385.3
474.1
634
666.6
724
574.7
551.3
614.8
632.7
633.5
634
685.5
677.9
855.4
748.7
766.9
812.6
887.7
997.4
990.9
1038
1130.3
1264.7
1319.5
1631.3
1719.3
1814.1
1963.5
2208.7
2398.4
2557
2837.2
3575.6
5172.6
5371.6
4366.6
2240.6
1205.4
1173
1145.2
1212.3
1483.3
1425.5
1538.1
1723
1917.9
2126
2432.4
2672.6
3011.4
3491.2
3849.3
4429.9
4883.9
5540.8
6164
6918.4
7622.2
8468.8
9387.2
10294.2
11338.4
12406.7
13470.7
14655.7
17421.6
22259.1
26644.2
26224.9
19972.4
11541.3
6391.2
4099.2
3558.9
3203.3
3000.1
2823.9
2692.7
2501.9
2443.8
2448.4
2375.6
2570.6
2534.2
2731.5
2665.3
2824.5
2941.5
3184.6
3314.7
3663.3
3900.5
4302.3
4631.5
5001.4
5349.6
5820.9
6189.1
6685.4
7051
7388.2
7664.9
7770.3
8106.7
8191
8358.8
8349.9
8455.3
8534.1
8558.6
8621.9
8565.2
8539.4
8568.7
8518.8
8243.4
7986.9
7776.5
7682.6
7348.1
7026.6
6734.9
6369.1
6095.1
5884.3
5604.5
5367.5
5191.3
5100.6
5121.9
5343.1
5375.1
5625.4
6025.1
6295.4
6759.4
7297.2
7948.6
8512
9196.5
9946.2
10855.4
11594.5
12444.3
13442.6
14303.9
14808.8
15241.2
15511.8
15700.6
15920.1
16006
16066.6
15925.7
15852.5
15970.8
15969.9
15808.2
15656.5
15579.2
15553
15314.9
14847.4
14445.6
14251.6
13880.5
13587.2
13061.6
12555.5
12156.6
11906.7
11618.4
11413.3
11347.4
11483.6
11605.8
11732.3
11746
11797.8
11801.7
11702.3
11573.5
11462.4
11625.2
11721.6
11892.8
12061.9
12480.7
12928.8
13658.2
14687.8
15459.4
16428.3
17392.7
18291.5
19040.7
19691
20523.1
21176.1
21824.2
22469.6
22780.4
23365.3
24045.1
24603.7
24674.7
24997.5
25410.8
25989.9
26300.9
26776.8
26944.5
27132.1
27069.4
26765.1
26175.9
25221.3
23857
22268.5
20685
19126.6
17651.8
16215.9
14836.3
13310.5
12123.3
10915.5
10125
9409.8
9184.1
9056.6
9266.4
9628.4
9942.6
10443
10917.8
11662.4
12514.6
13537.1
14306.9
15399
16535.1
17636.4
18831.1
19860.9
21051.9
21964.1
23036.8
24189.6
25297.1
26417.1
27620.6
28778
29650.8
30481.7
30925
30983.8
30649.2
30170.6
29727.8
28411.7
27145.1
26008
24752.4
23375.5
22030.7
20444.8
18870.5
17298.8
15783.1
14263.9
13014.4
12016.3
11060.4
10345.3
9593.7
9097.3
8634.2
8174.8
7886.9
7710.2
7481.8
7481.3
7506.3
7653.8
7819.5
8257.8
8454.5
8861
9362.4
9977.7
10702.5
11335
11935.8
12634.6
13458.5
14012.3
14532.6
15138.7
15571.5
15939.7
16258.6
16625.6
16729.2
16983.6
17226.1
17294.2
17395.4
17497.7
17363.7
17187.5
17129.2
16909.4
16601.3
16126.8
15724.5
15296.7
14908.1
14675.1
14469.6
14407.8
14499.2
14657.3
14833.3
14853.9
14811.7
14639.4
14466.5
13814.6
13498.6
12368.8
11773.3
11181.7
10532.9
9957.5
9282.4
8740.2
8056.1
7446.8
6780.9
6132.8
5587.3
4920.9
4224.1
3717.1
3233.3
2901.3
2683.4
2474.5
2395
2300.3
2369.6
2302.9
2422.7
2435.1
2470.3
2555.6
2689.1
2802.5
2980.8
2979.8
3139.3
3323.3
3343.3
3635.6
3860.1
4047.2
4130.6
4376
4364.1
4457.6
4425.3
4453.9
4433.7
4260.3
4155.8
4067.1
3971.6
3705.1
3492.2
3361
3232.8
3002.7
3038.8
2526.1
2334.3
2143.9
2088.4
1827.9
1629
1413.3
1350.1
1317.4
1234.5
1264.2
1289.7
1319.2
1266.5
1296
1371.9
1476.9
1557.1
1625.8
1696.1
1879.7
2000.6
2129.1
2325.6
2524.5
2827.5
2941.4
3176.7
3486.1
3719.4
4002.4
4129.6
4339.3
4363.5
4453.1
4656.3
4493.1
4499.9
4454.6
4377.9
4339.7
4227
4132
3849.8
3686.4
3619.5
3405.7
3051.4
2791.6
2631.2
2446.2
2234.6
1982.9
1746.7
1498.9
1484.5
1270.9
1219.8
1123.6
1096.8
1089.5
1057.4
1097.2
1012.2
1123.1
1023.3
1025
1011.1
1030.5
1070.6
1050.3
1169.9
1203.8
1204.2
1353.9
1371.5
1501.3
1542
1683.6
1839.7
2073.9
2343.5
2416.5
2567.2
2553
2528.9
2772.7
2732.3
2583.6
2590
2583.6
2639.8
2641.6
2891
2378
2311.3
2268
2202.7
2009.9
1802.3
1688.9
1557
1417.9
1302.1
1203.4
962.5
888.3
785.6
749.1
710.9
603.7
639.7
725.5
698.2
715.4
668.6
677.8
699.1
477.2
633.7
597.6
545.9
634.8
557.3
485.6
479.8
471.2
509
415.6
399
295.6
267
288.3
325.2
262.2
166.7
276.1
142.1
185
163.7
198.6
61.5
227.5
80.7
154.5
190.3
200.3
127.4
227.9
243.8
284.6
233.2
313.2
389.6
387.5
473.2
530.2
496.4
523.3
532.9
477.7
419
500.7
380.5
478.6
440.3
467
442.4
351.8
319.1
333.8
354.9
352.8
261.5
354
166.4
143.1
359.8
111.4
109.3
148.7
69.5
70.5
52.5
25.8
0
34.2
61
88.1
90.8
309.1
87.7
17.6
72.9
72.3
136.1
91.1
83.8
105.8
98.2
151.8
129.6
139.9
161.7
209.8
244
251.9
274.3
347.5
361.2
382.1
344.2
383.3
422.8
385.2
358
418.6
378.3
380
301.1
354.9
353.3
231.2
240.6
240.3
203.1
149.4
271.5
207.4
177.1
232.9
307.9
320.2
488.1
669.5
863.7
785
744.9
674.4
695.9
654.4
685.9
738.6
829.7
765.3
632.7
550.2
575.5
470.4
549.6
406.5
428.5
405
352.9
405.7
303.6
293.8
349.5
278.1
327.8
347.5
330.3
521.7
345.9
314.1
325.3
293.6
384.1
424.1
323.2
348.3
384.4
405.2
493.3
452
395.8
443.4
384.8
333.9
386.6
301.1
344.8
259.4
200.8
213.9
241
183.6