NaN
5895.6
4027.6
2176.9
1279.1
1314.1
1497.4
1883.8
2281.2
2831
3566.1
4568.1
5783
7328.6
8953
11129.4
13673.3
16312.1
18631.8
18872.9
14790.1
9132.4
4282.5
1872.6
1769.5
2030.4
2322.4
2663.6
3265.6
4062.2
5053.4
6261.5
8105.4
9878
12175.7
15013.6
18366.2
22332.1
26725.6
29568.2
28391.5
20541.1
11517.1
4157.9
1355.3
1112.8
1019
929.8
830.5
857.2
977.7
815.9
784.7
904
1130.3
1135.5
1314.5
1551.3
1828.1
2251.1
2620.9
2675.7
2658.1
2023.8
1488.8
1005.7
989.9
1021.6
1143
1448.6
1911.4
2488.1
3161.2
3916.1
4732.8
5640.4
6423.3
6781.7
5810
4043.9
2480.5
1423.5
1203.7
1328.9
1642.1
1697.6
2030.6
2250.9
2493.4
3385.7
4314.6
5595.6
7093.1
8659.6
10232.1
12483.2
14395.8
15176.7
13366.5
9253.8
5431.1
2461.7
1614.3
1696.2
1932.7
2221.3
2437.3
2922.2
3425.2
4197.9
5032.7
6207.4
7454.2
9126.1
11069.9
13346.7
15937.4
19106.2
23404.9
27038.9
28006.6
25055.3
17707.3
10232.1
4108
1825.8
1598.7
1604.1
1799.4
1854
2175.8
2395.1
2876.6
3405.1
4100.4
5013.7
5949.6
7267.2
8659.4
10356.6
12376.1
14750
17335.3
20856.1
24948.7
27118.2
26330.2
21574
14186.9
7747.6
3094.5
2275.2
2259.6
2466.6
2713.3
3092.4
3596.4
4182.4
5086.4
5656.9
5813.6
5368.7
4172.8
2905.5
1851.2
1300.9
1341.4
1351.8
1451.6
1646.2
1923.4
2408.3
2834.4
3495.8
4346.5
5135.8
5835.2
6864.3
8187.5
9175.6
9374.7
8365
6309.1
4057.4
2051
1246.6
1103.6
1104.6
1148
1260.9
1318
1520.7
1570.3
1738
1989.3
2431.1
3084.1
3971.1
4876.9
5910.3
6823
7960.9
9509.1
11418.8
12821.2
12949.8
11880.3
8908.4
5642.3
2779.7
1379.7
1219.8
1254.5
1278.6
1375.1
1465.5
1475.7
1580.9
1862
1918.5
2119.5
2438.7
2823.6
3235.3
3765.5
4468.9
5128
6001.8
6973.2
8100.7
9550.2
11268.7
13090.4
13748.4
13098.1
11007
7542.4
4300.1
1705.6
818.5
743.6
674.9
672.3
651.2
728.6
719.5
934.1
983.8
1065.8
1157.4
1280.2
1471.2
1655.9
1819.6
2164
2437.9
2774.9
3272.7
3737.9
4308.7
5030.3
5867
6886.4
8275.6
9145.7
9497.9
8935.4
7818.9
6275.4
4804.5
3763
3193.4
2546.1
1929.1
1138.8
744.7
802.7
612.1
676
612.2
606.1
609.9
671.7
795.6
940.4
1076.8
1313.2
1537.6
1827.1
2170.9
2475.2
2795
3342.2
3958.1
4235.7
4240.4
4026.7
3105.1
2131.3
1049.8
504.2
337
274.7
272.8
303
350.8
362.8
391.2
438.1
474.1
498.6
773.2
573.5
634.6
747.8
959
1327
1394.9
1769.7
2105.7
2292.8
2755.8
3147.4
3805.6
4647.2
5076.9
5031.7
4845.6
3846.1
2663.9
1534.2
786
579.1
586.8
581.5
568.1
495.1
487.6
498.1
418
458.6
444.4
485.2
501.6
558.2
571.7
698.1
768
857.6
999.5
1282.9
1267.3
1510.3
1717.8
2010.5
2296.3
2662.6
3075.9
3626
4279
4710.1
4657
4393.3
3755.4
2753.3
1680.3
833.3
420.4
358.8
305.3
315.6
353.3
418.4
398.8
389.1
458.8
506.1
502.7
540.9
635.5
675.2
727.7
737.7
825.7
937.8
1096
1326.2
1423.5
1665.8
1979.6
2363.2
2622.5
2772.1
2817.4
2801.8
2645.7
2412.9
2387.9
2430.2
2525.3
2471
2316.5
2007
1611.7
1037.5
653.6
495.2
317
340.2
345
370.5
499.7
565.2
639.6
768.2
833.1
1001.6
1148.3
1281.8
1426.6
1627.4
1966.3
2250.6
2361.8
2277.6
2114.2
1756.9
1250.3
760.8
342
195.9
144.3
224.2
208.8
189.7
181.6
235.6
175.2
337.3
182.4
254.2
301.5
306.4
304.6
352.1
332.3
297.2
349.9
434.6
417.8
486.3
630.4
779.5
897.4
1128.5
1184.8
1361.1
1465.7
1713.1
2032.4
2383.6
2577.5
2493.9
2392.3
2259.1
1872.3
1386.9
982.2
843.7
681.3
627.8
564.5
559.7
412.1
329.4
282
204.2
205
165.2
320.3
362.8
465.4
563.2
595.5
673.8
710.8
701.1
521.3
424.7
410.8
422.9
553.1
589.3
660.9
728.7
804.2
825.8
990.2
1061.2
1104.7
1320.5
1397.2
1525.3
1706.5
1846.4
1858.4
1763.5
1600.3
1474.5
1171.6
759.8
550
401.1
311.3
289
323.5
270.5
278
331.4
258.8
348.3
374.2
407.2
378.7
484.3
592.3
655.1
699.2
757.1
759.4
703.8
640.8
554.8
515.8
297.6
196.2
156.1
178.9
133.3
192.5
183.8
358.2
289.8
270.5
387.7
384.5
378.2
457
559.3
567
629.5
766.2
715.9
774.2
800.5
736.5
694.5
668.5
643.4
617.4
570.2
576.9
625.4
654
716.2
803.4
858.2
997.4
975.2
927
857.1
797.9
677.6
588.4
377.4
308.8
294
291.7
348
220.5
231.8
264.6
251.4
260
218.9
340.7
210
236.9
249.3
236.5
277.9
332.7
397.6
545
423.3
447.2
464.6
507.3
552.3
581.2
649.3
633.8
694
758.3
787
895.3
862.8
928.2
1185.5
1110.9
1205.7
1243
1403.3
1451.1
1540.6
1585
1639.5
1622.3
1584.3
1472.1
1424.8
1354.9
1173.9
1095
1040.9
1000.7
905.7
883
787.8
754.1
669.3
660.4
625.8
568
464.7
439.9
468.9
441.6
402.3
319.2
287.4
305.3
316.6
371.1
434.9
500.1
329.7
262.3
271.4
207.6
201.4
258.7
231.4
214.9
208.6
251.6
241.8
190.2
230.8
278.2
241.7
244.6
204.9
377.7
289.9
277.6
304.3
383.6
352.9
397.9
536.2
518.4
425.4
444.2
404.7
317.8
306.2
426.1
385.4
459.9
566.5
609.3
741.4
846.5
1024.6
1059.9
1174.8
1384.2
1446.7
1487.4
1526.2
1626.5
1726.3
1748.8
1734.6
1840.1
1844.2
1889.1
1856.9
1827.7
1906.3
1996.2
1903.1
1857.2
1867.6
1966.7
2043.8
2016.2
2041.4
2079.7
2117.9
2106.7
2030.5
1995.9
1916.4
1865.5
1849.4
1779.3
1869.9
1829.4
1993.1
1913.2
1964.7
1948.2
1974.7
1999.8
2044.1
2007.5
1969.3
1919.9
1983.8
1960.2
1910.4
1868
1980.7
1892.9
1923
1857.7
1820.4
1863
1857.1
1806.7
1701.1
1659.8
1581.8
1429
1368
1284
1314.4
1372.7
1376.6
1490.1
1415.2
1429
1551.4
1606.3
1632.6
1620.2
1553.5
1493.7
1464.6
1417.7
1284.9
1251.8
1182.8
1161.8
1054.4
998.4
1011.5
931.9
956.7
1012
1115.5
1061.4
1028.4
1069.3
1013.6
972.2
956.9
998.5
983.1
873.6
928.3
842.7
855.5
818.9
821.6
766
833.1
856.9
947
958.2
930.2
902.4
840.5
807
812.5
758.3
734.9
643.1
721.5
482.2
456.8
484.4
398.9
421.1
405.6
390.7
421.6
415.6
455.9
373.8
485.5
461.4
428.4
443.5
486.6
553.9
571.8
550.5
569
548.3
663.5
595.8
651.8
643.2
698
721.2
757.5
794.3
859.2
933.5
918.9
971.1
990.4
1176.2
1333.3
1436.7
1628.5
1719.6
1961.8
2222.6
2515.2
2903.6
3479.3
4052.3
4559.2
5232.4
5595.9
5908.1
5960.8
6128.4
6209.3
6374.3
6407.9
6537.4
6789.2
6646.6
6419.3
5896.2
5674.8
5402.4
5284
5424
5653.5
6257.1
6921.6
7713.6
8283.3
8595.2
8844.5
8870.8
8992.9
9207.4
9185.9
9290
9390.6
9453.2
9166.4
8668.4
7731.2
7188.5
6722.9
6401.6
6500.5
6946.1
7440.2
8179.4
8890.1
9397.4
9818.1
9912.5
9898
9947
9986.4
10333.6
10383.4
10471.8
10630.5
10298.4
9682.3
8632.3
7764.1
7136
6731.8
6655.3
6968.9
7533.3
8266.3
8955
9675.1
10119.3
10318
10324.9
10317.3
10220
10359
10695.7
10831.7
10890.5
10863
10362.1
9483
8337.9
7370.8
6594.8
6281
6221.7
6537
6937.2
7464.7
8012.2
8814.7
9316.9
9544.1
9491.9
9253.3
9051.3
9052.8
9465.3
9552
9666.8
9757
9386.9
8741.8
7758.6
6637.2
6031.3
5432.4
5396.2
5661.7
6095.9
6447.7
7080.3
7608.4
8310.5
8722.8
8936.7
8741.7
8436.5
8276.2
8332.1
8694.6
8948.3
8939
9189.8
8872.1
8418.3
7274.8
6265
5677.3
4956.7
4909.9
5164.4
5363.2
5606.9
5998
6558.1
7059.8
7561.8
7856.3
7764.4
7338.2
6958.7
6851.2
7009
7478.8
7441.7
7361.9
7309
6943.1
6651
5128.9
4235.4
3520.4
3107.4
3020.8
2990.7
3094.9
3074.6
3168.6
3313.5
3605.9
4100.3
4003.7
4073.5
3797.7
3649.3
3573.6
3702.2
3959.6
4169.7
4042.9
4224
3896.4
3762.8
3159.1
2524.2
2076.5
1886.2
1967
2038.1
2108.2
2189.5
2289.6
2390.6
2617.7
2856.9
3029.3
2937.3
2856.2
2693.2
2624.8
2521.2
2627.8
2812.7
2657.2
2591.2
2592.6
2513.3
2273.8
2005.2
1693.3
1525.9
1536.3
1554
1528.2
1627.3
1802.7
1950.2
2167.2
2437.5
2745.8
3168.2
3393
3690.9
3797.3
3764.2
3602.9
3552.1
3629.2
3561.2
3773.1
3755.5
3741.3
3519.2
3446.6
3357.4
3218
2827.1
2307.6
2135.1
2257.2
2325.1
2311.3
2355.3
2436.2
2789.4
3090.4
3553.1
4043.3
4561.1
5118.1
5687.6
6037.1
6409.8
6281.2
6001.2
5725.2
5758.8
6065.3
6154.4
6360.9
6364.6
6085.6
5717.6
5768.3
5677.2
4957.6
3983.8
3387.4
3447.6
3564.2
3523
3526.5
3466.4
3749.3
4136.8
4652.7
5259.8
5944.9
6711.3
7633.8
8209.3
8793.6
9194
9048.7
8619
8148
8160.5
8637.1
8852.8
9205.7
9156.7
8768.9
8160.3
8096.8
8178.3
7375.6
5858.4
4705.2
4737
4897.4
5020.5
4737.9
4716.1
4758
5213.1
5747.3
6408.9
7198.7
8081.9
9020.4
10161.5
10892.1
11645.5
11990
11827.1
11183
10522.5
10788.4
11430.5
11590.4
12196.1
12178.3
11631.2
10844
10604
10833.2
9956.5
7900.7
6149.8
6104.7
6359.5
6385.8
6243.3
6155.7
6195.4
6498.4
7261.7
7971.6
8924.2
9909.4
11217
12442.4
13691.2
14651.9
15546.9
15861.2
15363.4
14579.7
13918.4
14324.6
14921.7
15365.1
15902.5
15998.3
15455.5
14287.9
14000.1
14304.8
13183.9
10605.5
8508.3
8169.2
8725.7
10392.9
14313.3
17632.2
18161.4
15104.3
11579.8
10953.1
11668.1
12657.5
14099.5
15691.6
17286.4
18580.1
19667.3
20569.3
20691.7
19937.4
18988.1
18439.7
19080.4
19562
20308.5
20846.3
20819.2
20196.4
19053
18501.3
18404.9
16842
13620.3
10941.6
9976.9
9777.2
9723.8
9522.1
9139.4
8709.4
8683.7
9063.2
9615.7
10469.5
11550.5
12691.2
14035.1
15383.4
16591.9
17793.6
18746
19414.2
19119
18430.3
17685.7
17270.8
17526.8
18065.8
18450.1
18816.7
18714.9
18006.5
17183.7
16791.7
16152.8
14746.5
12166.4
9769.8
8403.7
7852.2
7663
7365.8
7099.5
6605.4
6519.1
6331.4
6552.2
6995.5
7482
8178.8
8940.8
9884.8
10690.2
11519.7
12222.5
12740.9
12966.2
12993.9
12521
12131.7
11843.9
11897.1
12189.7
12429.2
12558.8
12486.1
12061.2
11728.8
11182.7
10650.5
9515.1
8252.1
6692
5642.5
5018.3
4531.4
4198.4
3914
3532.8
3310.5
3058.6
2997
3011.3
3129.8
3413.3
3565.4
3822.6
4239.5
4402.9
4717.3
4974.7
5144.2
5185.6
5219.5
5063.8
4933.5
4848.3
4814.9
4901
4835.4
5038.3
4890.2
4824.5
4624.7
4456.7
4169.9
3790.2
3275.8
2728.1
2305.9
1950.8
1611.6
1368.9
1193.8
1055.6
927.3
787.3
594.4
626.7
481.4
373.8
422.2
338.1
352.5
318.4
406.1
384.8
324.7
318.2
291
285.3
310.2
282.3
311.8
356.5
273.5
285.1
303.1
388.6
310.3
334.1
354.6
376.1
393
337.6
492.8
388.3
341.7
361.8
394.4
351.6
510.5
442.1
467.5
388.8
478.4
613.2
667.5
761
667.7
641.4
664.1
655.9
713.9
665.5
700.4
713.7
901
766.2
820.4
866.5
882.6
995.2
1015.4
1065.2
1100
1239.6
1322.6
1616
1660.4
1722.7
1900.4
2175.2
2371.4
2491.9
2714.8
2993.3
4149.4
5547.9
5345
3978.3
1830.6
1248.6
1209.7
1240.7
1414.4
1348.5
1458.5
1632.5
1826.9
2020.3
2284.5
2516.4
2815.1
3278.7
3622.8
4073.2
4591.7
5228.6
5811.2
6518.6
7269.4
8085
8944.8
9910.3
10905.3
12076.4
13151.5
14145.3
15610.7
19298.4
24800.3
28120.3
25988.5
18285.4
9989.3
5444.5
4000.1
3414.4
3125.7
2943.1
2771.3
2569.4
2493.3
2498.5
2402.5
2548
2459.8
2645.7
2564.3
2646.7
2803.2
2956.8
3122.3
3407.7
3681.8
3984.2
4336.3
4669.3
5001.8
5415.8
5837.3
6311.9
6670.2
7029.2
7325.9
7513.5
7870.8
7899.8
8151
8235.1
8232.2
8340
8472.4
8494.4
8476.7
8445
8440.3
8476
8244.5
8055
7863.5
7683.2
7382.7
7062.8
6816.1
6486.2
6244.1
5975
5669.5
5459.6
5224.2
5114.6
4989.1
5134.9
5181.6
5346.3
5705.4
5917.7
6335
6707.6
7376.4
7836
8508
9183.4
9945.4
10783.8
11594.4
12469.2
13410
14080.4
14500.2
14982.8
15200.7
15514.8
15601
15771.8
15629.9
15463.3
15665.6
15627.8
15552.4
15451.1
15367
15255.9
15239.3
14939.3
14432.3
14131.5
13832.3
13557.5
13217.3
12593.3
12193.3
11979.9
11542.2
11318.3
11108.9
11168.2
11312
11426.4
11466.7
11466.8
11594
11522.8
11459.3
11337
11283.1
11414.8
11454.9
11646.9
11885.7
12285.9
12794.3
13727.7
14473.7
15386.7
16406.2
17300.5
18203.9
18911.5
19649.8
20309.6
21042
21734.7
22078.7
22639.2
23289.4
23841.7
24220
24443.2
24811.8
25344.5
25685.8
26288.1
26545.9
26900.9
26847.5
26877.3
26432.2
25848.5
24652.7
23186.8
21776.8
20107.4
18548.6
17063.6
15824
14153.5
12883.2
11581.7
10555.9
9721.1
9226.6
8944.6
9054.3
9288.6
9561.3
10034.2
10440.1
11042.5
11777.6
12781.3
13534.7
14562.1
15657
16865.6
17885.9
19036.1
20304.3
21164.6
22366.1
23490
24559.3
25619.4
26916.6
28146.4
29145.7
30084.1
30892.8
31205.8
31010.6
30723.1
30425.9
29307.3
28179.5
26996.6
25832.2
24388.4
23089.1
21702
19997.4
18449
16792.9
15238.8
13820.2
12728
11612.9
10838.8
10044.2
9431.4
8816.7
8348.2
7989.8
7747.8
7490.6
7408.6
7341.7
7462.8
7570.4
7928.6
8155
8390.1
8868.3
9423.6
10157.6
10706.3
11313.3
11973.8
12787.4
13410.3
14023.7
14600.4
15036.6
15496.9
15847.9
16187.2
16336.1
16631.1
16934.4
16947.5
17102.3
17214
17217.5
17188.6
17059
16827.5
16677.8
16232.9
15935.4
15491.7
15022.8
14682.3
14388.2
14253.1
14216.2
14419.1
14495
14537.5
14570.7
14360.1
14345.1
13937.3
13747.5
12616.7
11887.9
11249.6
10706.7
10118.3
9389.9
8828.2
8270
7702
6970.2
6341.4
5776.6
5272.4
4553
3925.6
3462
3017.8
2828.5
2554.6
2428.9
2282.9
2307.3
2264.5
2326.1
2335
2371.7
2463.5
2551
2646.6
2855.2
2840.8
3010.1
3163.3
3182.5
3432.1
3628.9
3849.1
3992.3
4154.5
4220.6
4267.9
4303.8
4355.1
4398.2
4317.1
4235.7
4006.8
4020.7
3766.9
3575.3
3461
3314.8
3133.1
3138.8
2694.2
2472.2
2263.7
2183.5
1961.1
1756.3
1545.7
1433.4
1366.5
1297.4
1278.6
1289.4
1272.8
1227.5
1245.7
1300.3
1464.5
1502.6
1563.8
1652.2
1765.1
1891.3
2061.7
2235.4
2431.2
2642
2749.8
3052.5
3290.7
3582.4
3899.5
4046.6
4226.5
4321.6
4462.3
4605.2
4482.4
4524.6
4511.3
4451.8
4407.8
4368
4263.6
4013.6
3846.6
3746.8
3590.4
3279.8
2966.5
2743
2534.8
2368.5
2149.5
1882.4
1626.8
1577.4
1343.4
1253.8
1174.3
1096.8
1117.6
1090.1
1095.1
1023.2
1092.3
1038.1
1011.7
1012.1
1024.9
1070.3
1064.4
1168.3
1205.9
1169.7
1352.2
1353.1
1483.2
1526.6
1648.5
1776.7
1980.8
2262.1
2332.7
2533.7
2602
2612.3
2815.5
2807.1
2703
2653.3
2661.5
2738.9
2726.8
2994.1
2543.3
2430.4
2382
2340.9
2201.6
2032.7
1884.9
1654.8
1525.5
1440.9
1296.5
1086.4
963.8
846.3
826.3
710.2
595
612.7
635.9
689.4
676.6
627.5
656.7
673.1
501.6
631.3
563.5
538.4
632.9
527.9
505.3
476.3
483
491.8
433.6
407.3
328.4
266.9
307.2
280.9
287
184.1
267
131.5
205
173.6
160.6
99.1
182.9
78.9
124.9
160.9
161
129.5
214.4
215
254.8
215
262.5
331.2
342.6
450.2
473.4
444
512.2
488.4
452.4
408.5
491
442.8
487.4
443.2
407.1
439.9
376.4
296.3
318.6
323.5
326.8
290.1
371.8
182.7
178.9
360.8
91.1
122.3
117.1
61.7
58.7
64.4
36.9
0.9
12
48.9
69.8
86
279.1
68.7
0
30.4
44.8
131
70.8
57.6
67.5
89.5
142.9
115.7
73.2
172.3
183.1
223.4
188.7
216.7
304.9
313.7
346.6
328.9
404.7
362.4
374.1
347.4
375.6
379.1
393.3
284.1
354.4
307
251
235.1
257.6
230.3
166.1
246.5
205.5
167.3
179
189.3
230.8
350.5
540.5
707.5
746.3
713.8
675.1
660.3
601.4
651
655
765.4
737.6
620.2
565.5
579.4
429.7
569.6
401.3
412.7
396.8
338.9
368.2
302.4
285.5
318
269.3
290.4
322.5
286.9
505.1
345.4
281.2
328.9
277.3
352.3
381
276.7
351.4
348.2
410.2
421.5
407.1
392.5
410.4
369.9
319.5
393.3
289.4
333.6
240.2
209.1
231.2
228.2
154.2