7273.9
5941.2
3986.5
2398.7
1538.6
1523
1822.1
2188.7
2681.8
3372.4
4248.9
5329
6764
8439.9
10398.9
12978.4
15909.2
19110
21133.2
20109.9
15120.8
9232.6
4340.5
2172.6
2230.2
2420.5
2759.5
3273
4028.1
4916.2
6117.5
7832
9640.9
12121.1
14945.5
18341.3
22642.4
27799.9
32293
34321.4
30509.9
21296.4
11879.7
4224.7
1639.9
1365.7
1287.1
1135.1
1141
1205.1
1080.1
1005.2
1056.6
1216.8
1252.6
1395.5
1597
1770.3
2124
2534.9
2678.6
2822.3
2498.5
2039.3
1474.8
1190.9
1079.8
1209.9
1444.7
1775.3
2277.8
2845.1
3576.5
4337.5
5342.4
6244.6
6786.7
6657
5413.1
3872
2478.6
1572.2
1486.8
1720.4
1787.9
2052.2
2233.6
2479.5
3099.6
3932.4
5052.5
6504.2
8103.8
9646.9
11991.1
14219.6
15601.8
15480.4
12805.3
8961.5
5237.2
2504.4
1976.5
2137.4
2346.7
2569.9
2985.4
3468.9
4135.9
4951.3
5971.3
7214.7
8819.1
10761.9
12956.9
15604.9
18747.6
23129.5
27714.2
30203.4
29576.6
25277.2
17412.1
9994.4
4132.3
2110.7
1964.4
2075.5
2124.9
2427.1
2649.3
3083.2
3602.5
4210.9
5127.1
6026.3
7317.1
8732.1
10436.6
12549.5
15005.6
17712.5
21116.2
25893.1
29363.8
30282.1
28261.4
22222.9
14614.1
7701.9
3340.7
2476.8
2583.9
2709.4
3021.3
3390.1
3872.8
4603.7
5253.3
5622.9
5592.8
5034.9
3936.8
2907.8
1966
1608
1605
1688.8
1787.8
2004.6
2414.9
2768.4
3302.9
4025.6
4738.5
5451.2
6263.4
7388.5
8509.9
9070.9
8886.9
7852.4
5920.2
3773.5
2139.8
1368.7
1288.6
1341.3
1422.9
1464.5
1625.1
1686.5
1837.6
2051.5
2399.8
2884.4
3608.2
4439
5491.9
6399.9
7439.2
8748.6
10628.7
12253.2
13091.6
13062.1
11505.1
8623.8
5424
2764.2
1647.5
1489
1490.1
1545.9
1663.4
1646.1
1736.8
1963.1
2075.2
2229.7
2515.4
2843.6
3240.1
3702.6
4345.9
5017.7
5832.3
6843.9
7841.2
9160.5
10803.4
12791
14208
14448.5
13512.8
11075.5
7639.9
4291.9
1889.2
1095.4
945.6
894.8
873.4
945.5
922.5
1099.1
1126.4
1233.3
1306.6
1409.5
1580.2
1783.9
1924.8
2273.7
2528
2908
3338.9
3783.6
4450.1
5086.2
5862
6844.8
8126.2
9373.1
10130.7
10055.8
9541.2
8166.4
6448.4
4806.5
3599
3097.2
2589
1871
1329.8
1094.4
879.8
906.3
896.5
875.1
876.4
951.4
1053.5
1147.4
1260.9
1442.8
1608.8
1834.5
2135.2
2375.8
2676.5
3097.8
3640.7
4091.5
4259.4
4256.1
3755.9
3050.5
2075.1
1211.4
684.4
525
484.6
499.6
526.5
567.9
558
623.8
667.3
709.9
947.5
784.3
823.1
923.9
1093.6
1373.1
1437.9
1774.1
2098.7
2354.2
2727.7
3095.8
3683.6
4416.6
5053.3
5241.3
5322.8
4781.4
3948.7
2814.2
1800.3
1174.6
1006.4
1029.9
992.5
973.7
927
885.9
816.9
774.2
736.1
736.6
804.1
837.2
871.5
968.8
1020.4
1077.2
1269.1
1511.4
1530.3
1700.3
1947.4
2206
2502.7
2849.7
3206
3739.6
4367.2
4970.1
5132.9
5038.9
4600.7
4009.2
3002.2
1901.4
1080.8
704.8
597.9
600.2
639.4
665.9
631.6
666.5
725.5
759.2
746.1
775
843.5
842.6
899.2
963.8
1017.2
1111
1237.1
1433
1538.4
1722
1969.7
2332.3
2614.6
2816.3
2931.7
3025.7
3000.1
2926.2
2893.5
2900.9
2959.7
2961
2843.6
2646.6
2404.9
1893.4
1368.3
973.3
724.2
656.9
642.1
669.2
738.4
807.8
863.3
966.9
1054.9
1187.8
1315.7
1436.4
1558.3
1701.1
2028.4
2288.8
2459.6
2463.8
2363.4
2181.1
1852.2
1392.5
946.9
617.7
499.9
517.9
517.2
492.2
478.4
512
522.2
602.8
508.7
538.2
578
582.7
588.3
671.6
633.8
586.7
625.9
748.6
718.1
763.4
886.5
999
1132.5
1363.5
1443.4
1583.6
1767.2
1953.7
2298.7
2621.3
2913
2954.7
2891.9
2837.9
2722.8
2384.1
1999
1749.5
1495.2
1427.7
1337.7
1270.8
1096.4
974.4
813
659.5
572.3
516.8
569.2
607.4
756
878.8
947.6
999.1
1052.3
1143.2
994.4
869.1
763.8
756.2
883.8
903.2
989.3
1021.5
1093.2
1141.8
1321.3
1357.4
1385
1587.5
1689.2
1785.2
1978.7
2195.1
2199.3
2170.6
1993.4
1917.7
1746.4
1369.3
1085.3
837.7
629.4
575.7
582.8
561
532.9
599.4
541.3
576.9
598.5
644.1
612.5
691.5
779.5
853.2
899.8
936.2
992
969.3
917.5
865
879.3
691
598.2
504.1
475.2
447.5
456.5
500.7
603.8
598.5
565.4
663.9
650.1
708.9
719.7
785
816.8
850.8
983.7
1010.8
1050.8
1089.5
1032.1
1021
1015.1
1031.9
948.9
884.8
852.9
891.8
919
976.3
1062
1139.8
1251.9
1258.4
1200.9
1187.4
1103
1064.8
1003
846.3
749.1
683.7
601.2
646.3
550.9
543.5
576
536.2
538.9
490.4
553.3
502.7
484.9
508.3
479.5
493.3
567.2
573.6
755.3
654.6
689.3
653.8
727.8
766.8
839.8
845.7
855.3
946
1004.6
1034.8
1097.5
1091.9
1176
1374.5
1335.6
1405.9
1433.5
1596.9
1678
1785.6
1868.1
1941.1
1995.6
1959.8
1945.1
1964.2
1941.1
1748.8
1681.8
1558.5
1446.6
1378.2
1239.4
1106.6
1000.5
893.1
841
820.2
772.5
681.4
622.8
660.4
632.5
585.8
545.3
544.2
524.5
544.9
602
638.8
683.3
570.5
526.7
553.3
507.2
499.5
512
509.6
502.3
513
525.1
551.5
502.9
511.6
537.8
517.7
499.6
505.8
599.8
533.7
511.7
520.8
619.9
588.2
663
737.7
759.2
679.1
694.6
686.9
608.1
628.5
653.6
625.1
694.4
755
826.6
960.7
1048.9
1179.7
1247.2
1358.2
1523.6
1610.7
1673.3
1724.4
1822.7
1894.1
1964.3
1957.4
2000.6
2032.4
2038.3
2009.8
2014.6
2046.7
2141.4
2098.5
2047
2057.2
2051.8
2191.8
2160.8
2226.2
2227
2225
2228
2214.9
2173.5
2121.1
2045.6
2041
1962.4
2005
1968.6
2115.3
2071.5
2122.3
2095.7
2154.2
2155
2169.3
2127.8
2135.3
2075.7
2158.1
2129.9
2103.5
2041.3
2105.2
2005.6
2077
2014
2026.8
1991.4
1965.1
1956.1
1865.6
1827.6
1740.6
1652.7
1567.4
1482.8
1485.5
1500.9
1460.4
1564.7
1540.4
1577.1
1618.3
1720.3
1753
1737.2
1711
1661.7
1611.9
1583.1
1507.8
1430.6
1424.3
1356.4
1271.8
1237
1248.7
1185.3
1223.3
1258.2
1317.5
1305.7
1265.6
1332.6
1275.9
1273.4
1276.4
1254.4
1250.6
1198.6
1222.8
1171.4
1170.4
1175.4
1183.5
1125.1
1181.9
1249.8
1309.2
1378.8
1380.6
1358
1329.5
1329.1
1310.1
1250.4
1142.3
1035.5
1067.3
848.2
784.7
781.3
678.1
671.3
666.7
684.3
674.8
672.8
729.2
668.2
790
776.4
754.5
752.7
758.4
848
859.4
867.4
877.5
908.5
1030.8
992
1024.9
1046.5
1132.2
1102.3
1175.5
1193.5
1230.6
1260.4
1281.4
1296.3
1326.1
1415.7
1509.4
1624
1762.9
1851.4
2049
2250.3
2511.6
2828.4
3301.5
3788
4201.9
4837.8
5249.9
5568.3
5743.1
5818
5970.6
6149.4
6182
6286.6
6406
6546
6410.4
6011
5721.5
5526.9
5300.5
5310.1
5452.7
5876.9
6453.9
7116.3
7718.4
8148.2
8453.8
8577.5
8690.8
8893.8
8864.4
8940.2
8986.3
9095.7
9090.1
8724.3
7912.5
7339.5
6855.8
6526.8
6385
6546.3
7010.1
7598.3
8243.5
8788.9
9287.8
9550.4
9624.8
9692.8
9752.5
9968.9
10031.6
10059.1
10278.2
10182.6
9732.8
8893.1
8018.3
7435.3
6942.6
6703
6678.2
7142.2
7754.2
8363
9048.9
9621.1
9949
10173
10085.2
10155.9
10201
10408.6
10486.3
10574.9
10738.4
10426.3
9799
8871.4
7783.6
7058.4
6601.8
6203.4
6253.2
6691.1
7180.9
7662.1
8313.6
9043.4
9308.3
9448.8
9347
9027.2
9014.9
9255.7
9409.7
9527.4
9664.3
9571.9
8969.2
8295.9
7173.6
6495.5
5842.3
5514.9
5543.3
5941.4
6294.8
6865.8
7434
8035.4
8643.9
8964.9
9019.5
8767.4
8547
8571.6
8722
9075.2
9139.9
9409.7
9297.3
8922.1
8195.6
7083.6
6416.1
5587.4
5325.3
5354.2
5594
5826.8
6239.3
6719.9
7247.2
7840.8
8183.2
8256.4
8052.6
7638.8
7512.5
7449.5
7754.8
7911.8
7837.8
7886.7
7605.2
7422.2
6309.7
5212.1
4519.6
3753.2
3472.3
3353.6
3405.4
3299.4
3377.3
3520
3699.8
4197.9
4205.5
4326.1
4218.4
4050.8
3892.1
3930.4
4106
4438.2
4377.3
4523.1
4296.1
4122.2
3775.3
3077.8
2667.3
2298.3
2210.1
2221
2317.6
2395.7
2430.5
2512.9
2745
2901.4
3099.8
3079.8
3062.3
2893.5
2771.5
2687
2717.4
2845.6
2846
2769.2
2754.9
2747.2
2506.4
2320.9
1999.4
1749.4
1683
1659.5
1653.8
1681.2
1792.8
1913.8
2120.6
2311.3
2655.4
2992.6
3209
3520.4
3692.2
3758.2
3656.5
3456.1
3560.2
3517.1
3654.9
3693.5
3768.7
3647.1
3449
3434.4
3379.7
3079.7
2570.8
2302.9
2294.3
2387.2
2369.5
2402.1
2460.4
2735.1
2966.9
3400.3
3806.8
4321.8
4821.1
5408.3
5801.1
6206.2
6209.9
6082.7
5704.8
5652.2
5876.5
5920.4
6148.7
6266.1
6108.7
5703.9
5633.7
5706.3
5282.3
4438.3
3599.5
3355.2
3488.6
3530.8
3496.9
3410.8
3585.8
3868.4
4355.5
4821.9
5513.3
6169.2
7026.1
7727.3
8294.6
8825.3
8969.6
8654.3
8118.5
7812.1
8276.1
8535.3
8794.1
9041.6
8756.4
8272
7933.2
8148.9
7782.1
6608
5144
4689.2
4823.2
5061
4844.5
4704.7
4743.5
4898.7
5472.6
6052.6
6781.9
7565.8
8459.3
9548.1
10474.5
11183.2
11787.4
11856
11368.9
10685.2
10419.6
11035.3
11370.8
11784.2
12244.3
11767.1
11200
10463
10899.2
10587.1
8975
6795.4
6072.9
6260.3
6409.8
6397.1
6146.4
6187.2
6271.4
6907.4
7596
8422.5
9440.9
10554.1
11834.3
13136.1
14202.7
15156.8
15842.1
15683.6
15080.6
14136.8
14048.3
14755.7
15198.3
15672.6
16214.5
15816.5
14900.2
13978.1
14613.6
14162.1
12143.3
9326.4
8226.8
8554.4
9496.1
12967.1
18400.9
20457.4
19116.5
13573.2
11239.5
11423.6
12406.8
13657.6
15177
16831.2
18273.1
19586.1
20662.7
21190.9
20850.8
19947
18821.3
18944.3
19651.6
20332
21036.6
21541.8
21006.4
19885
18827.3
19155
18401.8
15675.4
12023.7
10156.8
9873.9
9828.3
9768.6
9414.8
8951.8
8670.1
8815.6
9383.2
10104.7
11116.8
12235.7
13499.6
14870
16268.1
17560.3
18607.3
19512.8
19625.9
19239.3
18287.4
17512.8
17579.7
18170.6
18507.3
19076.5
19285.4
18775
17855.8
17247.1
16936.5
16099.1
13783.1
10833.6
8889
8102.5
7926.9
7651
7500
6890.4
6649.5
6398.1
6571.1
6893
7412.5
8032.5
8714
9645.5
10483.1
11434.8
12178.4
12825.4
13204.6
13394.4
13074.1
12602.8
12139.2
12152.7
12307.6
12613.3
12873.2
12989
12630.4
12205.6
11692.8
11312.2
10610.9
9225.1
7582.3
6142.7
5396.9
4831.9
4543.8
4285.4
3898.9
3594.3
3346.6
3200.9
3177.3
3241.5
3497.7
3667.2
3923.2
4334.3
4546.6
4894.1
5116.5
5369.9
5484.2
5552.6
5439
5270.3
5146.9
5080.3
5151.2
5143.6
5348.7
5284.6
5181.5
4954.7
4819.7
4606
4375.9
3833.4
3233.2
2674.7
2292.7
1917.6
1690.1
1511.8
1345.8
1181.6
1052.8
881
836
684
621
611.2
535.1
559.9
525.8
595.7
558.8
523.4
513.1
496
481.7
486.3
503.4
479.1
556.7
466.8
487.3
516.4
564.7
507.1
521.3
547.7
573.9
622.5
564.6
709
598.7
580.1
558.2
618.7
589.9
691.7
641.6
674.1
625.3
688.1
804.7
832.5
942.7
935.4
912.6
922.3
864
884.9
868.1
896.9
927.8
1058.8
996.7
1008.6
1087.5
1107.3
1204.7
1235
1297.4
1320.9
1423.1
1514.8
1784.7
1888.9
1990.7
2126.4
2473.4
2672.5
2854.3
3046
3283.5
4031
5934.4
6345.2
5398.9
2978.5
1539
1397.7
1421.2
1586
1533.8
1652.9
1779.8
1993.7
2173.7
2425.5
2689.2
2990.8
3406.6
3808.9
4284
4842.3
5475.1
6120
6929.5
7698.8
8598
9548.2
10637.7
11768.5
13017.6
14285.3
15443
16697.2
19635.1
25679.8
31674.5
31832.4
24870.8
14003.8
7054.2
4566.4
3782.9
3474.4
3206.7
3004.1
2779.5
2654.2
2690.9
2577.4
2670.4
2566.4
2722.7
2661.5
2803.4
2892.7
3088.7
3185.7
3483.2
3722.8
4023.3
4330
4679.9
5076.3
5420.4
5877.1
6333.8
6753.7
7167.8
7569.4
7694.3
8020.6
8165.7
8368.2
8515.2
8451
8544.7
8707.5
8765.1
8794.4
8724
8743
8789.3
8634.3
8471.8
8189.7
7951.9
7779.5
7453.2
7124
6788
6516.3
6220.7
5937.3
5615
5365.8
5213.9
5122.4
5180.6
5199.8
5355.6
5650.2
5853.2
6239.2
6577.2
7158.8
7676.1
8315.1
9000.1
9728.6
10528.8
11335.6
12273.8
13196.4
13914.8
14613.4
15102
15300.6
15637.5
15736.9
15904.3
15785.4
15690.7
15711.1
15825.7
15835.7
15702.1
15596.9
15507.6
15533.2
15352.6
14856
14545.4
14142.8
13993.7
13559.1
13026.9
12547.7
12165.5
11812.5
11530.2
11256.8
11140.2
11290.8
11447.9
11526.1
11595.8
11639.7
11710.3
11589.1
11462.2
11283.6
11414.8
11429.7
11506.5
11742.9
12086.4
12609.8
13412
14251.9
15186.1
16227.7
17177.2
18094.4
18827.8
19688.7
20438
21141
21875.5
22301.9
22799.5
23424.6
24144.4
24469.6
24796.2
25211.2
25734.2
26102.6
26719.8
27260.2
27605.8
27880.8
28125.8
27714.2
27216.2
26185.8
24638.6
23165.2
21464.5
19716.5
18137.9
16674.4
14944.4
13524.2
12133.4
10991
9962.3
9341.1
9039.7
9146.3
9251.1
9560.5
9943.7
10406.9
10987.3
11765.9
12710.1
13521.1
14538.1
15711.3
16851.2
18032.2
19295.6
20601
21668.2
22783.2
24103.5
25153.7
26301.8
27623
29072.4
30183.9
31432.1
32509.7
32916.9
32944.3
32612.5
32403.1
31384.7
30101.9
29004.3
27606.7
26170.8
24667.2
23099.6
21378.1
19701.3
17876.1
16247
14583
13359.7
12224.2
11324.4
10450
9808.4
9206.8
8663.5
8250.7
7902.5
7607.5
7517.9
7464.5
7553.3
7665.5
7956
8185.8
8455.6
8894.4
9422
10089
10688.8
11243.6
12025.7
12838.3
13461.3
14120.2
14733.5
15267.1
15770.8
16176.8
16547
16731.1
17021.9
17293.5
17352.3
17532.3
17670.4
17783
17659
17605.9
17346.9
17153.5
16830.1
16624.5
16039
15513.2
15172.2
14773.6
14425.3
14317.7
14310.3
14306.2
14317.6
14214.8
14044.6
13909.6
13442.7
13177.7
12221
11480
10819
10305.6
9651.2
8976.2
8411.9
7905.5
7282.8
6572.2
6016
5478.3
5012.6
4390.2
3826.2
3389.6
3006.2
2778
2538.7
2435.9
2300.8
2300.4
2270.5
2357.8
2335.8
2397.9
2435.3
2576.9
2690.4
2803.8
2851.5
3041.2
3214.6
3251.8
3435.1
3634.5
3794.2
4021.9
4268.9
4316.1
4377.8
4391.2
4473.7
4512.4
4439.7
4405.7
4202.5
4201.7
3966.8
3741.8
3621.2
3501.4
3276.7
3256.9
2823.1
2626
2397.8
2307.2
2094.1
1873.9
1676.1
1516
1490.6
1429.2
1372.1
1394.7
1402.8
1347.1
1382
1431.7
1554.6
1616.8
1664.8
1741.9
1905.4
2035.6
2198.8
2345.4
2529.6
2754.4
2894.8
3128.4
3445.2
3725
4060.6
4258.8
4443.4
4590.4
4704.7
4894.1
4772.4
4803.6
4807
4787.9
4692.6
4633.6
4559.7
4299.7
4097.2
3987.9
3825.1
3539.1
3208.3
2933.7
2725.3
2534.5
2353.5
2048.5
1747.3
1676.3
1464.4
1372.8
1306.3
1218.4
1226.8
1191.4
1183.1
1142.3
1155.1
1140.6
1101.1
1097.5
1136.9
1209
1155.9
1273.7
1321.3
1299.9
1447.9
1476.3
1605.1
1687.5
1808.4
1936.8
2153.7
2402.7
2547.1
2796.2
2870.2
2928.2
3120.2
3160.2
3037.5
3004.3
3027.4
3014.4
3028.7
3238.5
2869.6
2763.7
2666.9
2633.5
2470.5
2300.1
2093.6
1828.4
1686.9
1616.6
1460
1212.8
1049.8
915.8
872.7
765.3
657.4
656.8
656.9
644.2
662.9
676.4
665.3
681.7
519.7
627.2
578.7
546.9
630.6
531
502.1
493.5
454.3
506.2
419.1
395.3
329.4
295.2
312.5
295.8
296.9
207.5
274
140.8
188.8
193.5
182.2
93
195.7
108.5
152.3
158.2
185.1
153.6
221.2
205.6
247.3
220.9
254.3
338
330.7
436.5
479.2
453.9
478.7
492
469.4
406
472.5
421.9
463.9
422.8
395.4
418
352.1
323.4
299.5
329
316.6
286.2
323.8
179.6
180.1
302.3
99.1
110.9
120.9
60.1
77
48
42.4
0
9.4
48
52.8
71.2
205
64.5
16.6
30.4
49.5
109.4
84.5
74.1
84.6
92.8
121.4
115.1
98.9
154.9
190.8
203.2
193.6
207.5
254.1
285.7
303.3
334.5
361.7
366.4
352.7
374.1
378.7
336.5
361.2
299.3
322.7
286
229
227.8
243.2
185.6
148.2
187.8
179
118.8
122.2
149.2
175.3
275.7
428.9
575.4
619.9
592.1
583.6
579.1
553.8
574.7
541.9
647.1
627.6
527.2
480.9
483.5
392.7
439.3
334.9
350.7
319.3
272.5
288.6
245
261.4
257.4
229.1
267.1
255.1
258.7
403.8
284.2
256.9
251.6
225.6
276.8
306.5
217.2
292.6
286.3
357.1
389.5
373.1
343.9
395.2
349
292.8
298.7
258.2
280
212
178.1
183.6
181
99.7
144.9