NaN
NaN
5105.9
3308.9
1904.1
1567.3
1691.9
1972.9
2422.3
2947.3
3595.9
4558.1
5779.9
7200.9
9129.4
11102.5
13769.2
16630.8
19311.5
20361.6
17976.9
12447.6
7094.6
3183.2
2142.2
2238.8
2593.1
2983.5
3567.7
4364.3
5380.3
6662.5
8298.5
10501.5
12987.5
15844.3
19482.8
24190.3
29058.2
32609.9
32463.1
26587.7
17102
8468.6
2712.3
1493.4
1327.7
1239.5
1178.2
1094.6
1098.2
1187.1
1092.5
1073.5
1178.1
1387.9
1459.9
1641.3
1900
2238.3
2546.6
2731.2
2622.9
2317.6
1782.2
1387
1123.9
1209.9
1337.4
1597.7
1956.3
2491.8
3127.6
3743.4
4598.6
5531.6
6270.3
6589.9
6048.5
4720.7
3241.8
1992.5
1515
1559.7
1671.7
1959.3
2039.1
2432.4
2751.2
3337.8
4395.1
5607.7
7013.9
8537.9
10538.4
12674.6
14411.1
14993.9
13901.4
10963.4
7121
3979.7
2177.8
2010.1
2167
2463.4
2813.3
3197.4
3722.9
4457.8
5362.6
6442
7872.4
9445.4
11493.6
13832.9
16504.4
20064.4
24817.5
28045.4
29192.3
26947.6
21329.2
13991.6
7239.9
2829.6
2051
2017.5
2076.9
2294.3
2478.4
2877.6
3281.9
3890.4
4585.1
5473.7
6591.7
7828.4
9497.1
11254.9
13403.5
15888.7
18908
23219
27093.1
29184.8
28583.8
25055.1
18702.9
11423.3
5523
2727.4
2509
2596.4
2830.3
3130.9
3520
4089.7
4781.2
5328.8
5489.1
5197.9
4489
3449.7
2422.2
1765
1562.7
1650.9
1755.9
1947.7
2156.8
2505
3063.4
3625.6
4215.8
4961.3
5666.2
6666.6
7783.9
8516.9
8678.2
8202.1
6801.1
4887
3012.3
1694.1
1360.4
1358.7
1436.5
1464.2
1547.2
1656.1
1811.4
1935.6
2241.4
2619.9
3187.9
3952.4
4914.7
5856.7
6807.1
7861
9397.9
11158.7
12283.7
12589.9
11936.5
9995.9
7118.9
4228.9
2184.5
1553.3
1532.4
1584.1
1596.3
1720.3
1808.8
1884.4
2011.6
2290.9
2439.7
2694.3
3066
3503.4
4002.7
4689.3
5428
6255.9
7211.7
8414.5
9824.9
11768.1
13250.7
13874.7
13524.4
12043.3
9423.3
6088.2
3147.6
1396.4
998.4
1001.4
951
942.2
948
1050.6
1079.7
1249.4
1332.9
1416.7
1540.7
1707.2
1882.5
2197.7
2395.9
2764.3
3121
3561.9
4151.3
4677.9
5413
6297
7445.9
8684.5
9540.9
9745.9
9491.1
8772.3
7342.2
5554.7
4059.2
3281.3
2824
2227.2
1694.3
1130.9
924.2
1012.7
943.6
978.7
980.3
970.8
1003
1077.4
1209.5
1380
1556
1790.9
1977.5
2252.3
2503.8
2838.7
3322.2
3816.4
4066.6
4051.5
3861.5
3493.8
2580.1
1716.5
956
667.4
552.1
560.7
530.8
570.6
623.8
644.7
657.9
713.1
780
806
956.2
918.1
992
1170.1
1372.6
1750.2
1881.4
2235.3
2549.1
2891.3
3396.5
3993.4
4613.1
4973.6
5011.3
4812.8
4444.8
3439.8
2354
1580.8
1103
1044.8
1026.6
1032.2
985.9
923
892.4
838.3
795
809
798
834.6
927.7
971.8
1020.9
1147
1231.6
1340.8
1496.5
1776.4
1861.3
2076.1
2353.1
2708.9
3053.3
3479.9
4021.8
4666.3
4890.3
4941.7
4680.1
4266.5
3487.4
2499.1
1561.4
918.1
690.6
689.8
666.5
675.2
712.2
742.7
733
766.1
783.6
836.5
829.1
866.3
955.4
987.5
1058.3
1129.4
1209.7
1315.3
1465.6
1701.5
1841.4
2136.2
2457.6
2738.5
2826.7
2900.1
2929.1
2989.7
2928.7
2864.4
2976.8
2910.6
2807.7
2712
2504.4
2182.9
1686.7
1190.7
847.3
769.3
711.9
744.3
743.6
793.5
902.6
973.4
1047.2
1158.6
1228.9
1372.3
1548.5
1703.2
1921.8
2160
2355.8
2386.5
2295.3
2209.7
2045
1664.4
1219.9
895.9
598.5
519.1
515.6
556.7
570.4
547.9
545
556.3
573.6
653.8
586.2
611.6
659.4
639.4
656.9
704.4
697.8
687.2
751.4
860.2
889.9
976
1104.4
1258.9
1371.2
1627.7
1736.4
1922
2181.8
2457.8
2761.6
2906.9
2860.4
2819.3
2737.3
2590.1
2244.2
1861.9
1582.5
1499.2
1393.1
1289.3
1175.4
1108.5
925.1
804.3
696.3
572.8
548.8
671.5
799.4
868.3
885.9
931.2
985.5
1096.4
1059.7
1044.8
882.6
859.3
859.3
875.1
982.3
1055.1
1099.5
1169.9
1269.7
1305.8
1457.3
1571.6
1624.4
1819.5
1939.3
2083.8
2191.3
2181.1
2055.3
1952.2
1814.2
1649.2
1288.7
971.9
795.6
691
606.1
613.5
625.1
614.9
602.9
659.6
587.7
663
693.5
731.7
732.6
826.3
908.5
986.5
1010.8
992.8
924.8
925.2
871.8
763
729.7
592
529.5
507.6
535
538.9
548.3
584.4
695.7
690
650.8
734.3
767.3
782.3
824.3
897
943
1001.4
1122.6
1071.5
1078.3
1079.3
1038.8
1022.9
985.6
956.4
919.3
897.5
949.8
1017.5
1015.5
1138
1213.3
1228.7
1256.6
1231.6
1176.9
1123.4
1024
954.2
899.3
737.4
662.4
681.8
627.2
654.5
605.6
551.7
582.1
590.2
548.1
537.1
618.7
550.3
568.7
562.7
566.9
579.4
647.5
693.7
816.9
764.8
811.4
793.5
839.5
873.8
940.3
966.4
967.7
1040.8
1114.9
1137.5
1212.3
1245.7
1308.2
1451.7
1465.1
1551.7
1629.3
1780.2
1857.1
1923.3
1922.8
1953.4
1972.4
1945.1
1930.4
1875.9
1762.5
1614.8
1497.4
1440.8
1343.8
1254.3
1094.8
970.1
908
852.3
822.9
779.8
733.7
673
620.5
638.1
663.5
637.6
608
583.6
563.1
605.2
621.5
688.7
709.8
625
571.9
584.2
587.7
564
577.6
583.8
573.5
562.1
557.1
563.6
540.6
559.9
568.4
560.2
553.8
550.2
656.2
627.5
601.2
630.3
748.3
698.8
701.7
791.3
745.8
707
700.7
706.6
629.6
676
771.6
743.8
851.4
954.9
1016.9
1119.5
1221.6
1372.5
1444.1
1548.2
1692.9
1705.8
1793.1
1836.7
1905.9
1995.1
2029.7
2002.4
2054.5
2023.1
2032.1
2075
2033.5
2112.5
2146.5
2100
2085.6
2108
2191.6
2223.5
2245.7
2237.3
2240.5
2203.4
2163
2151.1
2121.4
2118.1
2047.3
2001.8
1982.1
1982.3
2074
2161.2
2132.1
2156.3
2139.2
2152.2
2131
2110.6
2139.1
2141.8
2085.8
2149
2091.1
2056.2
2022.6
2085.7
2046.1
2040.6
2014.3
1998.5
1956.3
1955.5
1861.3
1761.8
1717.7
1675.8
1600.9
1536
1460.4
1509.5
1576.6
1566.7
1659.5
1645
1660
1725.9
1768.1
1723.5
1689.6
1681.3
1659.9
1581.3
1520
1464.9
1403.7
1384
1350.9
1312.4
1270.6
1260.4
1264.7
1324.3
1374.1
1378
1342.3
1318.7
1343.6
1324.9
1299.6
1321.2
1311
1272.9
1204.7
1253.2
1176.8
1208.9
1209.9
1239.9
1236.1
1307.8
1319.1
1399
1396.8
1412.6
1380.8
1317
1308.3
1243.5
1134.9
1026.5
954.6
996.5
766.4
760
770.8
722.7
741.8
728.7
748.4
734.2
764.9
809.2
770.5
867
826.9
839.8
858.1
898.3
945.8
957.2
924.4
971.9
1017.2
1110.3
1078.6
1158.3
1156.2
1232.8
1191.1
1261.6
1271.8
1337.3
1362.3
1380.5
1432.8
1504.2
1634.8
1766
1862.6
2032.5
2185.5
2400
2700.8
3051.4
3532.1
4014.4
4595
4937.4
5298.2
5513.3
5715.1
5855.9
5998.1
6069.3
6117.8
6202.2
6380
6334
6004
5751.5
5462.5
5383
5229.6
5319.7
5687.2
6100.6
6746.4
7335.5
7847.9
8124
8248.7
8460.8
8571.8
8738.6
8804.7
8732.7
8901.2
8881.4
8502
7939.5
7508.7
6943.8
6653.6
6348.7
6407.8
6728.3
7330.3
7875.5
8464.4
9014
9109.2
9333.7
9433.3
9523.6
9729.5
9738.2
9820.8
10000.4
9967.9
9632.4
8955.4
8206.6
7626.8
7090.7
6708.8
6630.9
6824.5
7406.2
7994.5
8665.4
9378
9708
9827.6
9892.4
9892.2
10021.3
10107.1
10248.8
10344.9
10508.4
10371
9778.9
8973.7
7948.2
7386.5
6651.6
6254.5
6241.2
6453.9
6945.3
7452.9
7962.2
8600.5
8963.6
9190.5
9148.3
9012.7
9038.6
8964
9245.9
9288.1
9365.8
9493.3
9143.5
8454
7343.9
6662.1
6032.6
5678.8
5499.2
5740.2
6078.5
6635.8
7110.6
7722.9
8336.4
8640.2
8819.5
8684.8
8551.4
8453
8537.1
8857
8909.1
9068.1
9158.3
8968.7
8365.1
7341.7
6484.7
5897.4
5496.8
5278.1
5462.2
5638.1
6070.5
6414.1
6891.7
7554.1
7895.3
8053.5
7986.7
7770.8
7533.6
7384.5
7479.2
7757.7
7733.4
7709.1
7623.5
7201.3
6500.9
5615.2
4739.4
4042.3
3632.1
3428.6
3341.9
3257.2
3363.7
3452.1
3627.7
3873.3
4132.1
4422.8
4173.8
4073.3
3916.9
3892.8
3938.2
4225.4
4316.3
4360.8
4313.3
4273.8
3855.8
3255.7
2807
2451.5
2248.7
2216.6
2274
2304.3
2394.8
2515.3
2693.5
2791.4
3023
3095.1
3056.2
2898.5
2859.4
2788.4
2772.2
2768.5
2783.6
2848.6
2748.7
2717.3
2632.3
2432.6
2015.7
1840.9
1746.2
1673.3
1736.7
1723
1793.1
1891.5
2037.4
2297.7
2522.7
2816.2
3131
3381.3
3585.6
3683.4
3632.1
3447.5
3419.5
3490.6
3586.6
3663.2
3701.9
3598.3
3449.5
3473.9
3365.5
3112.1
2719.5
2482.9
2306.7
2338.5
2377.3
2433.1
2454.2
2650.1
2861.7
3231.7
3564.5
4048.6
4609
5087.6
5492.6
5920.2
6114.4
6058.4
5673.8
5567.3
5625.9
5821.7
5982.3
6122.3
6071.7
5703.7
5562.7
5571.7
5389.6
4668.5
3796.1
3415.4
3419.7
3560
3511.6
3433.4
3524.7
3753.3
4146.5
4601.7
5190.1
5845.8
6578.2
7321
8038.1
8479.9
8776.5
8610.1
8171.1
7833.9
7975.8
8272.9
8523.7
8892.7
8861.5
8271
7818.7
7880
7915.4
6877.6
5482.8
4731.7
4802.9
4981
4919.6
4806.4
4735
4787.4
5308.8
5801.7
6417.7
7189.7
8044.6
9074.1
10047.1
10750.6
11290.1
11727
11301.9
10738.4
10201.9
10618.6
11106.3
11308.8
11926
11785.3
11209.6
10454.8
10581.3
10626.1
9386.5
7443
6021.8
6142
6357.4
6481.7
6165.7
6116.5
6167.3
6620.8
7251
8016
9024.8
9910.2
11252.4
12515
13665.9
14518.5
15431.9
15589.5
15065.9
14110.6
13583.8
14235.6
14903.6
15066.8
15952.9
15656.6
15039.4
13906.8
13984.3
14101.6
12790.6
10040.2
8098.3
8252.9
8704.1
10746.7
16234.8
19651.8
19643.4
15069.7
11185.1
10898.6
11835.2
12921.4
14239.9
15959.9
17648.4
18895.7
19811.3
20774.6
20714.6
19889.7
18589.7
18223.2
19002.4
19755.8
20234.2
21091.7
20809.6
19993.4
18588
18535.6
18419
16453.5
12913.2
10119.4
9592.8
9722
9723.5
9405.1
8991.1
8670.9
8517.2
9056.1
9744.8
10567.9
11652.2
12760.6
14255.1
15683.6
16922.9
17845.1
18857.4
19291.7
19191.7
18188
17173.1
17024.1
17473.4
18036.1
18618.8
18973
18738.2
17887.9
16815.8
16577.1
16301.4
14511.6
11651.4
9043.1
8050.9
7785.5
7620.4
7373.1
6989.7
6710.5
6298.9
6437.3
6652.1
7126.7
7683.1
8352.9
9188.4
10086.7
10988.6
11807.4
12456.5
12879.2
13199.2
13022.3
12556.8
12023
11872.4
11902.2
12221.8
12584.5
12732.5
12556.8
12027.1
11555.7
11228.3
10781.5
9654.3
7961.3
6424.2
5363.3
4829
4614.9
4329.1
3980.9
3696.5
3344.7
3209.1
3111.3
3219.6
3352.7
3538.9
3885.8
4094.2
4410.9
4790.3
5024.9
5282.4
5423.3
5543.3
5464.3
5314.2
5159.7
4994.6
5024.6
5127.3
5238
5197.7
5243.7
5012.1
4927.3
4640.4
4440.9
3955.3
3453.9
2807.8
2299.9
2031
1772.4
1570.2
1418.1
1253.3
1084.6
1008
836.5
714.6
740.1
648.5
600.7
628
572.5
579.4
536.3
608.4
590.1
562.5
547.4
550.2
521.1
543.2
537.3
552.2
574.2
498.4
533.5
554
599.9
570.1
596.4
606.9
648.4
676
631.5
746.2
629.6
612.6
637.2
663.1
660.5
750.8
714.3
749.9
729.8
846
945.5
969.4
982.8
889.3
874.8
929.7
936.5
963.3
927.4
985.3
1002.5
1130.7
1087.7
1125.6
1183.1
1248
1352.6
1391.7
1468.7
1550.7
1693.9
1826.8
2105.7
2216.9
2359.7
2578.5
2845.7
3055.4
3204.9
3719.6
5355.4
6436.5
5787.1
3870.8
1822.5
1477
1498.3
1498.6
1569.9
1782.3
1794.8
1952.4
2149.5
2407.6
2654.5
2951.1
3300
3716.9
4285.7
4663.4
5310.9
5952.8
6707.3
7456.1
8366.8
9311.5
10312.3
11432.8
12576.2
13768.6
15041.2
16379.3
18187.1
23035.2
30330.3
32940.3
28323.2
16974.7
8090.7
4739.1
3879.7
3578.9
3238.7
3009.2
2894.2
2750.5
2594.1
2563.3
2636.9
2552.5
2681.4
2690.6
2839.9
2846.2
2991.8
3179.3
3422.5
3587.3
3904.1
4178.7
4512.1
4877.4
5266.5
5746.7
6122.3
6538.8
6982.2
7334.1
7570
7868
8011.9
8236.7
8274.6
8356.2
8476.5
8531.1
8587.1
8573.7
8566.6
8567.8
8553.1
8573.7
8387.7
8137.6
7901.7
7698.9
7438
7158.4
6788.2
6502.7
6163.3
5926.5
5683.1
5389.4
5183.5
5099.4
5049.5
5092
5305.4
5410.7
5696.6
6122.2
6398.9
6869.6
7388.2
8024.4
8668.1
9318.1
10139.3
10937.2
11843.6
12622.2
13599.8
14364.8
14766.1
15032.2
15258.7
15363.6
15599.2
15527.8
15503.7
15428.3
15478.7
15542.1
15469.1
15344.3
15267.5
15254.8
15107.8
14765.8
14389.6
13975.2
13732
13322.6
12954.1
12499.3
12023.4
11644.1
11489.4
11099
10976.7
11023.4
11184.8
11300.4
11493
11539.3
11652.5
11459.9
11363.7
11204
11166
11209.6
11332.9
11595.5
11790.3
12360.3
12925.4
13760.6
14786.3
15627.1
16626
17552.5
18436.1
19221.9
19784.9
20640
21292.1
21790
22434.8
22747.8
23434.3
24071.8
24477.4
24642.4
24957.6
25536
26124.2
26588.9
27003.6
27244
27548.5
27382.8
27000.7
26143.7
24918.5
23362.4
21553.7
19962.6
18291.1
16642.8
15083.5
13698.6
12186.4
10973.5
9985.5
9332.4
9009.9
9010.7
9074.3
9300.2
9739.1
10149.9
10823.1
11407.7
12199.8
13151.7
14176
15134.2
16345.7
17528.4
18787.6
19949.2
21184
22350.4
23430.5
24568.9
25709
26950.1
28247.1
29593.5
30759.2
31747
32278.1
32676.9
32563.8
32019.5
31367.4
30396.3
29022.6
27594.7
26261.1
24845.5
23238.7
21467.6
19665.1
17880.9
16326.8
14708
13376.7
12202.5
11350.1
10448.4
9775.2
9171.8
8678.1
8193.6
7822.1
7590.1
7494.2
7375.6
7459.6
7513.8
7722.5
8002
8336.1
8736.8
9123.7
9691.1
10323.7
11058
11666.5
12320.8
13043.8
13868.8
14343.8
14974.6
15380.8
15728.7
16139.4
16470.5
16735.9
16854.4
17044.2
17263.9
17262.8
17405.3
17314.2
17275.4
16976.8
16935.5
16613.4
16376.6
15815.7
15410.6
14964.5
14519.6
14224.9
14093.1
13943.9
14060.8
14173.9
14202.4
14013.5
13869.5
13557.8
13163.3
12464.9
11962.4
11068.8
10486.5
9875.2
9291.2
8743.5
8090.9
7471.7
6840.5
6256
5705.8
5152
4529.7
3904.8
3422.8
3079.1
2798.4
2526.6
2429.9
2332.1
2264.3
2269.5
2314.5
2290.8
2435.5
2458.7
2530.5
2598.7
2722.2
2835.6
3016.9
3063.4
3213.2
3383.6
3491.6
3732.1
3960.1
4127.7
4241.3
4385.1
4420.9
4457.6
4468
4429.5
4358.5
4223.2
4104.7
3925.7
3884.2
3650.3
3422.8
3287.4
3141.5
2899.1
2794.1
2392
2259.1
2053
1954.2
1711.8
1567.5
1467.7
1418.9
1398.6
1381.8
1380.9
1418.8
1434.1
1433.5
1465.1
1579.7
1687.9
1797
1873.9
1971.7
2143
2299
2446.2
2650.1
2886.6
3166.3
3356.4
3656.4
3963.2
4164.8
4402.6
4586.6
4708.3
4762.9
4754.2
4895.5
4772
4720.1
4687.3
4597
4477.3
4283.7
4139.1
3909.6
3789.2
3581
3249.5
2943.2
2741.6
2597.9
2312.8
2060.9
1862.9
1625.5
1498
1417.6
1288.3
1232.7
1204.4
1166.4
1154.1
1160.1
1154.3
1090.7
1158.6
1150.2
1158.6
1161
1187.2
1270.3
1272.9
1376.7
1467.5
1485
1601.7
1669.6
1817
1907.2
2032.5
2221.8
2490.1
2769.4
2875.3
2999.6
2973.6
2997.1
3149.2
3092.2
2985.8
2964.7
3009.3
2972
2952.4
3035
2645.9
2595.4
2515.9
2290.6
2001.7
1851.4
1768
1596.1
1422.8
1242
1103.2
877
842.7
736.1
721.7
653.5
602.4
612.4
667.2
660.1
637.6
616.8
627.8
653.9
465
594.8
572
513.4
580.5
493.3
476.3
478.1
444.2
410.7
375.6
344.2
298.2
281.1
274.6
238.4
220.4
168
223.3
125.1
191.6
173.6
175.9
107.9
206.6
116.3
174
180.8
222.8
201.9
251.4
238.9
270
269.3
327.2
362.8
382.7
468.7
504.8
461.9
474.4
479.8
432.9
400.2
420.9
381.6
424.3
399.9
366.2
335.9
289.2
261.6
273.3
300.4
258.2
193
221.6
112.7
130.3
249.8
87.7
75.7
103.4
55.1
59.5
58.7
39.6
11.8
0
55.7
55.1
85.5
187.2
58.5
26.3
33.3
57.7
102
75.9
75
62.2
100.1
149.5
122.1
125.3
174.1
176.5
206.6
211
250
305.8
326
333.6
333.2
338.8
322.5
324.3
335.8
344.5
304.2
291.1
221
268.9
242.3
195.2
168.4
187.1
124.7
118.7
153
155.2
165.6
234.3
291.5
357.7
495.7
626.1
677.2
609.2
551.5
546.7
579.2
541.8
578.8
584.2
633.1
556.1
422.8
389.9
396.6
299.4
376.8
263.8
268.2
249.2
240.8
237.8
216.5
223.3
230
222.4
233.7
247.6
242.7
383.8
276.4
253.3
266
225
282.9
306.7
216.2
288.1
294
344.9
392.7
318.9
317.9
318.7
289
256.6
270.7
207
204.7
143.3
96.2
121.4
127.3