NaN
NaN
4972.1
3265.1
1871.8
1551
1700.6
2001.4
2450.9
3025.4
3703.1
4636.8
5841.4
7329.9
9205.5
11334.8
14000
16917.6
19414.1
20320.9
17680.2
12151.7
6851.9
3142.6
2170.6
2274.5
2644.8
3092.5
3640.7
4443
5513.5
6827.8
8539.3
10772.9
13216.8
16188.6
19915.5
24696.4
29476.1
32808.7
32285.3
26037.7
16596
8108
2591
1494.2
1328.1
1275
1175.4
1116.3
1091
1166
1067.2
1085.5
1183.9
1387.2
1459.2
1672.7
1924.6
2245.8
2538.7
2718
2572.9
2293.4
1718.7
1341.7
1152.9
1230.4
1323.5
1607.2
2010.8
2529.6
3167.8
3779.4
4697.3
5568.5
6273.3
6465
5927.5
4581.6
3117
1972
1504.4
1565
1691.7
1968.9
2051.7
2400.8
2843.3
3420.7
4480.6
5719.7
7058.6
8585.5
10676.8
12853.2
14405.5
14747.5
13624.5
10613.9
6911.4
3789.3
2201.2
2045.5
2200.2
2471.4
2885.5
3275.5
3854.1
4519.1
5460.8
6608.2
8009
9659.6
11712.9
14068.1
16825.3
20647.2
25152.8
28116.5
28861.1
26353.4
20768.1
13494.6
6911.9
2784.7
2032.5
2048.2
2116
2355.3
2522.7
2914
3331.9
3956.1
4711.5
5640.8
6743.7
8046.5
9781.1
11535.7
13716.3
16233.4
19391.1
23853
27296
29166.3
28146.9
24504.2
18156.9
10996.5
5275.1
2710
2490.9
2653.6
2853
3127.6
3513.9
4135.1
4787
5287.2
5357.7
5087
4339.2
3340.1
2350.2
1776.5
1598.2
1662
1781.9
1936
2192
2571.8
3102.9
3649.9
4312.4
5054.5
5674.8
6747.9
7840.7
8459.1
8488.8
7965.9
6599
4708.8
2877.2
1662
1388.6
1394.1
1430.1
1498.2
1606.8
1661.8
1822.2
1993.1
2244.7
2703.7
3288.8
4036
4972.1
5945.9
6936.4
8010.7
9608.7
11236.6
12214.1
12407.4
11655.7
9688.2
6887.4
4103.1
2106.3
1547.2
1590.3
1607.9
1611.4
1714.5
1802.7
1916.7
2053.9
2321.1
2487
2764.7
3147.4
3573.6
4096.8
4774.6
5502.6
6370.5
7387.5
8583.7
10041.8
12003.2
13347.5
13732.4
13235.4
11886.2
9157.8
5845.2
3048
1371.1
1018.6
1011.6
943.1
984.6
989.5
1072.2
1091.1
1291.2
1354.6
1464.3
1564.7
1755.1
1986.9
2224.9
2441
2846.2
3217.2
3655.3
4218.2
4824.4
5560.4
6490.5
7683
8799.2
9523
9659.8
9454.3
8657.7
7209.7
5449.9
3979.4
3189.2
2721.7
2157.7
1648.4
1118.6
916.7
1040.3
949.3
977.1
979.2
997.4
1011.9
1100.9
1265.8
1394.8
1595.1
1780.8
2005.7
2262.9
2549.7
2912.8
3363.9
3834.9
4036.4
3979.7
3741.6
3401.7
2488
1668.7
955.3
660.8
576.9
580.7
562.2
602.3
630.2
659.7
664
760.4
772.9
805
1014.7
931.5
1070.6
1231.2
1416.6
1784.6
1944.7
2261.7
2592.5
2928.5
3488.2
4106
4637.4
4936.4
4970.8
4748
4336.7
3361.7
2360.5
1548.4
1117.4
1086
1069.7
1057.8
1006
950.9
933.3
875
841.5
835.5
828.5
861.8
930.7
1002.1
1033.5
1191
1231
1371.4
1514.7
1814.7
1880.9
2148.1
2422.9
2764.1
3121.7
3617.2
4145.4
4760.8
4896.1
4908.8
4599.8
4199.8
3465.3
2460.3
1552.4
883.8
700.9
695.5
673.3
698.1
746.9
770.5
739.7
768.8
805
844.6
856
878.5
988.7
1020.3
1075.3
1159.2
1222.2
1359.1
1490.3
1747.5
1875
2178.1
2486.8
2720.9
2836.7
2886.2
2940.8
2996.2
2949
2953.1
3031.1
2946.3
2844.8
2706.7
2497.5
2142.5
1653.6
1206.5
895.7
798
723.9
759.7
786.5
821
930.9
1001.1
1058.6
1199
1269.1
1386.1
1572.2
1755.9
1955.5
2196.7
2334.5
2369.2
2285
2160.9
1991.9
1647.2
1199.6
863.6
603.4
555.2
551.1
570.1
584
570.2
556.8
595.7
557.4
652.3
582.4
653
680.4
689.9
675.4
752.7
713.9
741.8
765.3
886.4
917.5
1044.5
1144
1303.2
1427.1
1674.1
1767.6
2011.7
2212.3
2526.9
2751.4
2875.5
2870.9
2820
2738.1
2589.5
2267.8
1873.7
1646.2
1568.6
1423
1334.7
1224.9
1130.8
931.2
843.1
697.4
599.3
595.6
717.2
869
901.1
897.7
975.2
1029.8
1113
1086.6
1045.6
909.2
880
877.5
914.4
1026.3
1076.9
1171.5
1217
1324.9
1348.8
1532
1609.3
1662.1
1822.8
1981.1
2142.7
2197.3
2168.8
2036.9
1923.7
1816
1614.8
1291
955.4
792.9
694.4
628.7
649.4
636.1
618.7
647.6
653.7
631.6
677
711.3
768.6
781.2
826.4
939.5
1021.5
1009.6
1007
955.4
923.9
872.9
797.6
733.3
596.4
557.5
559.5
580.3
572.6
595
646.4
722.1
702.6
693.6
770.2
770
829.3
843.5
928.1
988
1034.9
1153.1
1091.7
1084.7
1096.4
1082.6
1035.7
1011.1
999.8
973.5
954.5
981.7
1040.1
1080.1
1168.8
1237.6
1266.3
1285.6
1224.5
1182.1
1145.1
1046.3
957.4
889.8
767.3
694
684.9
664.5
689.6
611.3
602.8
615.6
597.4
585.5
535
616.8
566.9
558.1
589
558.2
634.7
667.6
706.9
827.4
767.9
818.5
789.2
842.8
908.7
947
990.4
995.4
1055.1
1124.2
1177.7
1234.9
1280.4
1357.6
1511.2
1515.7
1559.8
1659.7
1815.2
1872.2
1963.5
1951.1
1990.3
1978.8
1982.2
1922.1
1866.4
1769.4
1579
1526.1
1432.3
1391.2
1265.7
1086
973.2
904.3
844.1
838.5
782
736.5
666.9
650
673.2
640.1
676.9
589.9
613.1
595
610.4
625.8
671.7
704.5
650.5
576.4
602.4
564.3
556
632.6
610.7
616.1
586.7
603
579.2
565.4
606.1
601
593.1
571.3
547
655.7
634.5
622.9
665.9
741.7
721.7
705.5
787.5
771
739.4
697
714
662.3
679.7
783.1
809.9
866.5
971.1
1058.2
1134.9
1267
1416.4
1481.8
1600
1708.3
1747.4
1795.2
1874.2
1900
1991.2
2010.5
2020.1
2040.9
2011.4
2032.9
2062.7
2101.7
2096.8
2138
2079.4
2093.9
2113.4
2188.1
2220.4
2221.7
2259.8
2204.5
2203.4
2144.2
2136.1
2155
2112
2032.3
1991.1
1969.9
2011.1
2046
2174.6
2141.3
2160.9
2134.3
2159.7
2109.1
2132.6
2141.7
2131.5
2131.5
2172.5
2089.7
2054.3
2015
2095.6
2059
2051.8
2016.8
2003.3
1946.9
1894
1817.1
1764.9
1713.4
1678.5
1585.3
1549.2
1485.8
1503.9
1568.6
1587.4
1669.7
1678.4
1677.2
1711.4
1746.5
1751.7
1716.3
1664
1648
1570.1
1513.3
1465.4
1395
1383.2
1363.8
1323
1329
1302.6
1293.9
1320.4
1393.6
1374.8
1363.4
1344.4
1359.6
1361.7
1344.1
1308.7
1306.5
1302.9
1230.5
1274.2
1237.7
1263.6
1237.9
1300.5
1277.2
1339.4
1382.2
1454
1435.5
1440
1410.4
1363.5
1301.2
1278.6
1173.2
1033.1
994.7
981.3
791.2
759.2
782
744.9
768.4
751.9
737.5
772.4
779.6
838.1
788.3
869
859.7
860.2
907.2
902.2
958.6
968.6
990.3
1033.9
1058.1
1154.5
1135.3
1198.9
1218.5
1273.7
1252.4
1303.3
1302.8
1368
1396.1
1414.4
1451.7
1526.2
1692.4
1827.7
1894.2
2078.9
2227.4
2497.8
2784.1
3157.9
3594.7
4111.2
4637.6
4946.8
5260.8
5472.2
5741.7
5837.4
5940.7
6034.6
6092
6165
6306.3
6218.1
5926.4
5713
5398
5355.7
5264.7
5326.6
5715
6224.1
6791.3
7333.1
7812.9
7991.3
8156
8364
8511.7
8690.2
8770.5
8634.1
8854.4
8723.1
8278.5
7760.7
7363.6
6854.1
6584.1
6294.1
6455.9
6771.4
7335.5
7907
8524.7
8910.1
9066
9273.2
9384.9
9494.3
9604.2
9754.2
9797.7
9925
9889
9444
8737
8061.1
7487.1
7031.4
6664.8
6636.9
6967.4
7398.7
8072.2
8753.3
9332.9
9643.2
9755.6
9745.5
9831.2
9998.1
10149
10194.1
10236.8
10385
10194.8
9626.3
8680.4
7838.7
7220.9
6606.8
6247.3
6264
6508.6
6965.9
7516.9
8045.5
8643.8
8937.2
9133.7
9090
8975.4
8968.1
8990.3
9215.3
9239.9
9337.6
9383.5
8998.7
8166
7155.1
6524.6
5972.8
5708.6
5547.7
5739.8
6150
6739.3
7154.5
7879.7
8359.1
8673.8
8788.4
8587.2
8517.2
8476.9
8571.7
8867.4
8899.7
9129.4
9106
8919.2
8111.8
7165.1
6423.4
5833.3
5508.9
5305.8
5472.2
5777.6
6155.9
6543.7
6929
7658.3
7898.5
8063.3
7973.8
7734.9
7538.7
7432.2
7607.2
7739.3
7718.4
7736.9
7615
7167.7
6264.6
5516.7
4663.2
3969
3599.3
3406.9
3320.9
3262.1
3378.6
3522.6
3674
3973.7
4112.3
4318.2
4141.6
4065.6
3935.1
3962.4
4000.6
4279.1
4293.3
4354.9
4264.5
4266.7
3801.5
3164.6
2763.2
2393.9
2261.1
2271.6
2343.1
2361.9
2419.1
2548.7
2724.3
2820.2
3016.5
3072.7
3033.1
2879.4
2829.2
2736.4
2788.3
2776.9
2834.4
2816.6
2743
2711.1
2564.5
2365
1994.5
1835.2
1706.6
1629.4
1709.7
1747.4
1806.2
1885.9
2116.4
2300.6
2564.9
2822.1
3120.7
3415.9
3563.7
3634.3
3552.8
3430.9
3449.7
3472.7
3597.9
3636.6
3665
3551.3
3385.8
3460.5
3271.3
3007.2
2647.6
2443.8
2302.6
2316.2
2365.8
2428.3
2457.9
2695.2
2920.8
3307.2
3673.5
4150.8
4705.4
5194.1
5546.4
5964.3
6036.3
5938.8
5641
5532.5
5637.6
5784
6049.1
6045.7
5940
5609.2
5564.8
5498.5
5218.3
4446.6
3730.9
3384.1
3442.5
3523
3474.2
3418.6
3571.6
3829.3
4238.8
4663.8
5245.7
5938
6714.4
7409
8039.6
8546.3
8725.4
8479.3
8059.5
7795.7
7966.5
8283.4
8590.4
8824.2
8687.7
8082.1
7725.5
7882.5
7642.4
6606.1
5292.2
4639.6
4824.8
5005.8
4845
4757.9
4692.2
4845.5
5395
5891.9
6541.6
7384.3
8182.4
9152.1
10063.7
10775.1
11446.5
11552.1
11148.5
10554.2
10133.3
10585.6
11116.1
11353.4
11848.1
11650.4
10991.2
10248.7
10646
10401.7
9044.5
6993.7
5979.5
6128.3
6402.5
6391.9
6105
6135.7
6184.4
6739.4
7342.6
8224.5
9156.4
10118.1
11446.5
12748.5
13777.1
14586.1
15466.4
15481.6
14918.6
13903.7
13567.4
14319.9
14866.2
15148.6
15959
15497.4
14763.3
13710.8
14091.7
13931.6
12295.7
9508.1
7983.6
8253.9
8931.8
11605.5
17385.8
20008
19292.5
13851.9
10990.5
10966.7
12014.4
13093.9
14576.3
16219
17843.7
19076.2
19945.9
20767
20598.5
19653.1
18251.3
18285.2
19173.4
19748.2
20297.7
21215.5
20612.9
19652
18309.6
18645.1
18118.9
15852.6
12049.1
9774.6
9597
9685
9646
9264.7
8861.9
8590.7
8569.3
9165.6
9877.5
10806.1
11755.3
13014.3
14482.1
15828.9
17166.5
17992.7
19022.3
19284
19025.3
18003
17002.8
17064.3
17542.2
18079.5
18695.4
19004.3
18609.1
17595.3
16570.8
16508.9
16082.2
14002.2
10933.1
8665.4
7939.4
7770.2
7581
7337.2
6864.6
6579.7
6266.2
6449.1
6705.4
7231.8
7844.4
8489.5
9341.9
10257.5
11168.6
11895.1
12612.3
12991.4
13156.9
12931.2
12464.4
11897
11868.4
11909.1
12307.2
12664.8
12793
12518.7
12025.8
11442.1
11197.5
10668.4
9345.5
7596.3
6065.7
5202.9
4783.7
4569.2
4255.2
3917.6
3578
3296.3
3161.2
3164.7
3258.2
3373.9
3591.4
3968
4185.3
4460.3
4895
5106.9
5326.4
5494.8
5564.4
5436.2
5286.9
5082
4990.2
5071.9
5143.9
5224.3
5140.8
5268.7
4973
4849.5
4582.7
4377.7
3877.9
3322
2697
2184.5
1978.4
1774.6
1534.5
1396.2
1228.5
1086.2
943.9
844.8
710.2
740.4
630.3
604.9
603.5
542.4
574.5
558.3
603.6
592.7
568.6
573.1
548.3
543.6
542.6
543.2
554
599.2
540.5
553.1
583.5
637.5
579.4
611.1
632.9
681.5
684.3
627.5
762.8
692
649.8
645.2
666.3
670.7
754.2
755.8
767.9
772.7
863.2
1014.6
1006.1
976.9
875.7
848.4
924.3
954.8
980.8
969.1
1007.2
1035
1133.3
1087.1
1186.5
1213.8
1268.5
1388.9
1446.2
1500.5
1591.2
1783.1
1867.6
2153.7
2255
2448.9
2666.3
2922.7
3115
3324.1
4035.4
5902.8
6432.4
5574.4
3319.6
1665.9
1489.5
1502.7
1534
1616
1794.4
1866.2
2003.1
2215.5
2458.3
2698.5
3064.9
3378.9
3831.4
4340.9
4840.1
5459
6176.1
6942.2
7715.1
8655
9591
10661.9
11826.1
12914.5
14188.7
15507.3
16761.5
19057.2
24845.7
32073.3
33279.1
26622.8
14407.4
6785.2
4422.9
3751.8
3479.8
3174.6
2981.8
2828.9
2754.7
2581.3
2549.4
2589.2
2568.1
2700.3
2671.8
2884
2859.2
3039.3
3200.8
3465.2
3620.3
3977.3
4245.7
4582.5
4971.3
5354.8
5784.2
6193.1
6622.6
7018.7
7400.5
7626.3
7834.9
8055.3
8251.4
8284.1
8375
8436.9
8555.5
8519.9
8595
8574
8536.2
8575.1
8494.7
8317.8
8088.8
7830.5
7630.5
7374.6
7034
6671.3
6396.2
6097.3
5837
5586.6
5336.3
5189
5056.9
5063.9
5129.6
5321.7
5449.9
5757.7
6138.1
6499.3
6993.3
7470.2
8213.1
8783.8
9490.1
10242.6
11098.9
11954.6
12736
13729.9
14441.5
14870.4
15107.4
15237.4
15392.9
15573.4
15531.4
15447.4
15325.6
15486.5
15533.2
15415.6
15232.4
15232.1
15128.2
15045.5
14666.1
14205.1
13825.5
13643.3
13122.2
12841.6
12363.3
11900.6
11543.9
11307.7
11005.5
10926.4
10960.6
11172.1
11314.2
11494.3
11543.6
11566.8
11439.9
11261.5
11104.6
11115.1
11215.6
11251.5
11513
11817.8
12365.7
13015.3
13947
14958.2
15827.9
16807.4
17759.1
18643.3
19329.1
19970.2
20661.8
21375.7
21861.9
22497.4
22840
23507.1
24079.6
24522.8
24778.1
25015.1
25644.9
26145.4
26582.6
27132.5
27354
27555.1
27394
26868.8
25900.5
24580
22994.5
21257.9
19540.1
17914.4
16261.9
14663.6
13255.3
11749.4
10667.8
9766.2
9191.4
8962.7
8974.3
9057.1
9354.7
9757.4
10295.6
10856.9
11562.1
12382.6
13396.2
14449.2
15404.3
16586.8
17874.1
19094.9
20215.4
21443.9
22647.9
23707.7
24876.4
26088.7
27233.4
28532.1
29815.5
31104.7
32023.4
32579.1
32814.5
32554.8
32003.1
31210.4
30121.1
28769.7
27282.5
26014.4
24499.9
22830.4
21060.2
19256
17433
15831.7
14302.3
13031.2
11915.1
11077.5
10223.6
9599.9
8998.3
8465.8
8071.8
7735.4
7516.4
7464.1
7337.1
7389.8
7509.1
7736.7
8032
8396.1
8775.4
9177.7
9793.6
10367.7
11202.5
11850.6
12485
13165.6
13957
14524.2
14982
15388
15858.1
16248.5
16534.8
16765.1
16913.5
17058.4
17325.6
17224.4
17307
17257.2
17190.7
16875.3
16775.1
16565.5
16227.2
15697.2
15264.7
14830.1
14455.6
14162
13982.4
13926
14037.3
14127.5
14116.8
13952.4
13736
13514
13064.3
12259.9
11770
10840.2
10258.9
9712.1
9059.1
8488.8
7883.7
7259.3
6578.4
6082.7
5599
4921.7
4306.3
3709.8
3249.5
2957.1
2702.4
2448.5
2358.5
2282.8
2250.3
2229.5
2326.6
2322.1
2425.4
2431.1
2529.9
2613.3
2712.6
2872.8
2991.6
3101.6
3241.1
3415.1
3551.4
3806.6
4008.6
4127.4
4189
4364.4
4440.6
4448.8
4457.2
4400.4
4329.2
4159.2
4018.9
3888.7
3821.8
3606.3
3391.1
3255.3
3102.1
2798
2701.9
2341.7
2192.2
2027.3
1875.7
1688.4
1519.8
1435.4
1399.2
1405.4
1386.4
1364
1396.6
1410.6
1453.5
1492.7
1592.2
1709.2
1807.2
1893.7
2008.6
2188.5
2356.8
2499.8
2722.2
2914.2
3245
3392
3746.9
4025.1
4244.4
4483.4
4628.8
4717.8
4768.4
4761
4899.5
4815.5
4736.4
4673.3
4580.3
4456.5
4278.6
4088.1
3876.9
3744.8
3495.9
3183
2814.8
2692.4
2519.9
2222.9
1978.4
1792.3
1612.5
1387
1416.2
1257.8
1208.9
1209.9
1161.4
1141
1140
1154.9
1112.9
1170.2
1161.6
1159.4
1182.8
1222.5
1272.4
1295.9
1383.1
1452.5
1494
1608.2
1691.4
1821.2
1985.5
2104.7
2299.3
2586.9
2838.6
2943.3
3048.5
3015.3
3017.1
3122.8
3128.9
3004.3
3004.8
3008.9
3007.4
2947.3
3000.8
2683.1
2595.1
2480.7
2263.1
1970.2
1789.1
1752.3
1566.9
1336.4
1173.1
1040.2
854
802.1
701.6
709.1
658
592
614.8
649.6
627.1
627.5
630.1
617.1
637.4
492.9
567
549.1
509.8
558.6
494.3
448.3
467.2
406.1
406.6
365.2
332
283.5
228.7
252.8
223.3
219.2
171.5
212.3
144.3
168.4
174.7
182.4
126.5
209.1
115.3
173
175.8
181.7
177.8
247.8
229.7
295.6
282.1
319.5
379.9
386.8
470.6
470.9
454.3
454.4
440.5
450.9
364.2
420.1
386.7
401
369.5
352.1
326.3
261.2
266.4
267.2
283.6
256.8
194.5
224.2
93.9
86.1
192.7
53.4
84.5
102.4
52.2
33.4
31.2
33.6
17.4
0
31.8
37.8
62.3
159.9
72.5
0.5
22.6
62.8
89.3
76.4
77.5
85.4
93.1
138.3
106
86.1
177.2
188.3
205.6
211
258.6
317.8
326.8
342
308.9
322.9
298.3
336.2
305.1
296.5
285.4
246.6
198.5
239.1
255.3
175.6
153.4
160
101.9
74.9
149.7
129.2
121.1
201.6
290.8
387.6
519.7
622.3
650.1
600.5
533.6
536.4
547
571.9
572.2
576.5
595.1
513.9
401.1
360.1
354.3
281.1
337.9
254.9
265
261.7
224.2
247.9
209.1
227.1
238.3
193
225.9
235.5
247.7
343.7
232.6
236.1
249.2
241.9
250.8
288.6
235.8
293.4
302.6
356.6
346.7
333.6
307.1
281.7
263
233.1
237.4
206.5
187.2
105
66.3
89.6
84.5