NaN
NaN
4658.9
2964.4
1664.1
1516.9
1700.8
1996.7
2481.6
3059
3738.2
4702.7
5951.6
7439.5
9392.2
11493
14205.5
17171.3
19753.4
20411.6
17170.3
11350.4
6096.4
2738.6
2139.6
2277.6
2665.1
3081.1
3699.1
4507.3
5632
6929.1
8719
11062.2
13577.3
16718
20364.2
25217.7
30289.5
33544.4
32733.5
25392.4
15555.5
7005.5
2129.3
1392.2
1263.3
1214.3
1103
1047.6
1045.8
1149.9
1030
1042.1
1130.4
1345.3
1421.3
1593.5
1853.9
2122.3
2447.4
2636.9
2428.5
2099.8
1571.8
1212.9
1078.2
1151.6
1261.3
1544.3
1945.3
2462.2
3066.6
3700.2
4524.5
5433.2
6094.4
6374.4
5684.1
4256.6
2815.1
1732.3
1436.8
1511.5
1692.5
1921.7
2015.2
2348.1
2774.9
3348.3
4468.1
5697.4
7055.6
8500.8
10574.6
12732.6
14423.6
14859.7
13451.7
10098.2
6378.8
3364.7
2017.4
1992.5
2187.7
2436.3
2803.9
3186
3758.6
4503.3
5398.1
6567.4
7982.3
9640
11761
14193.2
16992.1
20592.3
25298.9
28472.2
29444.4
26683.7
20188.6
12683.9
6145.3
2462
2000.7
2005.4
2081.7
2319.6
2500.8
2903.9
3344.8
3929.7
4725.7
5609.6
6775.3
8026.4
9807.4
11650
13872.6
16383.2
19588.2
24070.7
27851.5
29924
29129.1
24692.5
17664.3
10307.8
4636.2
2512.8
2420.9
2535.9
2743.9
3028
3366.3
3955.7
4653.3
5161.2
5248.7
4939.4
4149.1
3123.7
2152.1
1631
1518.4
1645.3
1725.9
1863.1
2134.4
2483
3079
3535.2
4212.2
4857.6
5542
6488.2
7631.1
8203.7
8433.4
7774.8
6245.5
4356.2
2579.2
1508.1
1333
1296.2
1351.4
1408.9
1521
1604.6
1756.8
1905.8
2174
2608.1
3184.7
3996.1
4883.1
5835.5
6854.8
7877.6
9404.1
11136.4
12341.9
12549.7
11615.5
9454.3
6483.7
3632.3
1871.4
1465.6
1489.3
1540.9
1546.2
1640.7
1743.9
1819.2
1987.4
2243
2389.1
2680.5
3071
3488.8
4039.1
4707.7
5502.6
6337.3
7323.8
8529.5
9976.5
11951.7
13460
14150.4
13509.5
11877
8877.3
5485.1
2670.7
1201.9
949.4
931.6
888.2
916
931.7
1037.6
1004.3
1217.8
1301.1
1407.7
1494.2
1703
1933.9
2207
2417.2
2821.6
3167.9
3591.7
4206
4758.1
5495.2
6452.9
7659.8
8892
9712.6
9968.5
9637.2
8543.3
7017.4
5185.4
3770.8
3061.1
2604.1
1997.2
1519.9
1023.9
888.3
1015.6
918.6
980.8
966.1
950.5
988.8
1081.2
1210.2
1350.7
1542.2
1761
1927.3
2136.2
2434.2
2754.3
3264.8
3719
4004.4
3947.9
3710.3
3235.1
2327.2
1492
796.2
580
538.2
524.2
513.3
536.2
566.8
616.2
632.1
680.3
735.1
737.1
1018.7
892.3
989.3
1151.7
1349.6
1737.6
1882.4
2246.2
2560.2
2859.8
3362.6
3987.1
4620.1
4978.7
5082.2
4748.5
4259.7
3206.6
2186
1409.6
1066
1094.5
1109.7
1047.5
995.9
935.1
884.2
840.2
788.2
781.5
812.7
833.5
906.1
939
1017.8
1155
1222
1345.9
1503.9
1789.5
1855.8
2092.4
2387.1
2691
3042.8
3541.2
4077.1
4715.5
5006.8
5026.2
4691
4185
3354.6
2284.4
1364.5
780.8
627.2
661.8
620.5
647.6
665
722
678.2
713.4
752.9
802.7
776.9
845.6
919.6
933.4
1031.7
1067
1159.4
1265.7
1444.5
1676.9
1798.8
2090.7
2366.5
2678.4
2794.8
2837.9
2878.5
2958.6
2841.9
2876.1
2990
2974.4
2893.4
2762.2
2504.2
2086.6
1590.8
1104.3
850.7
727.3
689
717.6
713.4
797.1
909.5
953.9
1005.8
1127.7
1217.8
1345.5
1486.9
1657.1
1870.1
2114.8
2309.2
2337.5
2268.5
2134.9
1941.3
1552.8
1117.6
772.6
552
515.4
512.6
551.4
529.8
536.8
527.4
569.9
562
655
583.9
630
638.5
634
658.2
738.1
713.2
683.2
730.7
840.6
875
1001.6
1097.3
1273.3
1380.9
1648.1
1702.1
1943.5
2169.9
2478.6
2770.9
2913.9
2953.1
2852.7
2782.8
2621.8
2264.9
1928.5
1674.7
1676.1
1537.5
1419.9
1311.1
1168.6
960.8
793
672.4
550.7
552.3
655.5
812.7
904.6
930.9
981.7
1044.6
1132.5
1054.6
1037.6
876.9
828.4
863.8
884.1
997.3
1080.5
1136.3
1163.2
1299.6
1350.8
1477.9
1532.8
1586.4
1780.6
1931.3
2099
2191.5
2175.9
2020.3
1946.3
1747.2
1569.1
1206.9
900.9
701.3
651.5
603.2
570.4
600.9
587
567.6
628.2
567.6
626.7
665.9
690.4
682.6
783.1
898
981.7
976.6
952.7
920.8
930.7
858.5
733.6
701.1
537.7
518.6
515.2
519.3
548.9
561.7
574.4
720.9
684.6
661.4
757.7
749
768.1
804.3
904.2
923
1013.4
1138
1064.6
1044.5
1059.1
1046.3
992.5
947.1
905.4
907.1
892
906.4
991.6
1036.1
1124.8
1166.5
1197.9
1236.9
1211.4
1147.3
1106.9
999
922.8
848.9
722.5
654.2
644.6
614
640.7
564.9
550.6
563.3
545
544.9
491.6
582.2
515.5
504.8
524.7
529
587.2
622.5
647.5
779.5
733
753.5
766.4
800.3
827
902.2
936.6
923.4
1012.9
1053.1
1116
1183
1206.2
1278.1
1461.7
1463.9
1522.8
1610.2
1771.5
1862.1
1926.6
1936
1954.4
1988.3
2011
1977
1911.4
1806.5
1617.4
1548.1
1466.2
1361.2
1203.7
1043.8
870.4
821.2
773.4
748.8
710.4
668.2
589.3
569.2
640.3
590
604
575
574.3
557.7
554.8
616.4
654.3
664.8
596.4
543.1
549.1
544.5
534.5
569.8
569.7
567.7
539.3
540.7
536.4
525.1
543.2
547
555.5
523.4
514.4
607.2
582.5
569
608.7
676.1
670.3
695.5
740.2
720.2
684.9
661.8
676.3
587.5
635.8
761.7
763.6
807.9
939.4
994.7
1109.3
1183.5
1362.9
1390.6
1518
1620.5
1666
1738.1
1775.4
1834.5
1918.4
1950.2
1928.1
1977.7
1952.8
1952.9
1971.7
1996.5
2029.2
2059.2
2001.4
1964.4
2006.3
2050.4
2107.3
2127.2
2123.4
2142.7
2114.1
2085.2
2027.6
1997.4
2022.8
1928.1
1873.1
1885.8
1954.1
1966.1
2079.5
1993.4
2051.6
2041.6
2040.6
2032.7
2040.8
2063.7
2024
2016.6
2065.9
1989.5
1960.8
1949.5
2008.2
1929
1947.5
1908.4
1882.8
1839.5
1843.9
1731.9
1660
1617.2
1570.4
1450
1427.7
1374.6
1412.1
1461.8
1496.6
1583.5
1539.1
1581.8
1607.5
1645.3
1665.6
1614.5
1580.5
1571.5
1464.7
1449.9
1375
1327
1297.2
1270.4
1215.2
1212.1
1254.8
1193.1
1274.4
1316.6
1328.3
1300.7
1309.6
1331.1
1274.9
1248.9
1270.1
1236.7
1264.5
1197.8
1232.5
1168.3
1213
1226.2
1233.2
1264.1
1335.3
1349.6
1448.9
1438
1482
1433.1
1418.9
1320.2
1275.1
1170.5
1036.1
930.4
956.3
751.1
717.7
726.2
697.3
716.9
724.1
706.6
699
750
835
724.9
844.3
830
818.3
864.9
886.4
937.7
914.5
947.1
997.8
1008.4
1129.3
1115.7
1152.8
1210.2
1243.9
1221.9
1259
1283.4
1308.6
1354.4
1337.1
1407.6
1466.4
1620.9
1724.3
1788.7
1954.1
2101.5
2340.1
2638.2
2962.2
3388.2
3918.1
4400.2
4736.3
5097.6
5316.9
5498.6
5570.3
5680.4
5765.4
5878.9
5952.8
6036.7
5996.5
5748.7
5485.2
5233.4
5131.7
5017.3
5042.7
5422.6
5909.6
6450.6
7020.6
7536.1
7779.2
7926.8
8119.8
8214.2
8302
8472.4
8336.3
8544.7
8498.7
8114.8
7595.9
7182
6625.8
6301
6037.7
6140.6
6417.2
6994
7544.6
8144
8595.3
8732.8
8986.7
9047.3
9087
9214.3
9417.7
9499.5
9609.6
9606.2
9221.8
8582.8
7828.9
7228.2
6703.5
6390.6
6288.4
6626.7
7100.3
7693.8
8429.1
9039.5
9367
9539.5
9559.8
9554.9
9613.7
9802.1
9914.1
9985
10156.2
9960.2
9522.8
8609.1
7642.2
7051.1
6370.6
6002
6006.7
6236.9
6685.8
7164.1
7733.7
8376.9
8765.5
8945.7
8860.2
8662.6
8732.1
8668
8939.9
8955
9081.2
9167.2
8823.7
8146.8
7012.1
6403.8
5799.8
5476.1
5292.5
5523.6
5902.9
6427.3
6917.7
7531.8
8190.5
8469.1
8644.4
8428.8
8319.1
8232.9
8326.2
8714
8776.5
8912.4
8943.6
8767.1
8185.2
7139.4
6315.9
5723.5
5393.6
5145.7
5374.7
5632.9
5972.2
6314.6
6808.9
7494.9
7876.3
7995.6
7990.3
7650.6
7443.5
7284.2
7459.7
7743.3
7714.7
7718.7
7562.3
7189.3
6464.3
5556.6
4657.7
3969.1
3570.1
3355.4
3309
3185.2
3324.7
3400
3548
3839.4
4033.3
4304
4129.4
3975.6
3866.2
3829.7
3871.2
4177.3
4239.1
4333.3
4206.7
4199.8
3808.1
3194.9
2677.6
2359.2
2173
2184.8
2225
2202.5
2330.1
2450.2
2561.4
2697.3
2918.5
2961.2
2925.3
2780.8
2734.1
2664
2658.9
2646.4
2719.1
2738
2617.3
2623.5
2536.3
2329.8
1926.8
1728.7
1616.5
1555.4
1623.8
1620.5
1686.6
1760.1
1949
2144.7
2378.3
2653
2949.4
3246.6
3416.6
3511.8
3394.6
3286
3278.4
3293.3
3414
3503.2
3535.4
3407.9
3238
3265.1
3169.4
2958.7
2589.1
2348.6
2156.4
2248.4
2220.1
2324.1
2355
2505
2751.9
3118.9
3476.7
3954.3
4417.1
4909.8
5296.5
5703.3
5882.2
5852.4
5480.7
5295.4
5355.4
5555
5733.3
5862.3
5767.8
5427.8
5302.6
5310
5103.7
4452
3582.9
3210.4
3238.4
3395.5
3326.3
3289.6
3404.7
3594.9
4009.9
4392.8
4978.9
5652.1
6374.5
7103.2
7701.6
8168.2
8441.7
8241.2
7817.6
7511.1
7675.4
7978.9
8242.6
8544.8
8449.9
7972.3
7517
7622.9
7542.1
6618.9
5269.4
4498
4682.7
4830.3
4682.2
4569.6
4535.4
4662.4
5146.4
5585.1
6241.7
6969.5
7773.5
8741.2
9684.8
10420.5
11014.7
11340.4
10953.9
10395.3
9842.3
10269.6
10785.2
10984.8
11537.3
11444
10855.3
10091.2
10277.2
10306.5
9075.5
7170.2
5876
5969.2
6168.5
6249
6000.8
5978.3
6006.6
6464.9
7082.3
7802.5
8784
9722.8
10930.2
12282.4
13358
14202.9
15100.6
15194
14771.1
13792.9
13296.4
13837.3
14547
14813
15600.6
15286.9
14661.9
13675.1
13734.7
13789.4
12455.1
9860.2
7961
8143.6
8670.6
11003.1
16890.5
20400.8
20285.1
15284.1
11306.1
10855
11697.9
12762.5
14131.4
15788.7
17340.2
18610.8
19542
20349.8
20452.1
19598.2
18408.7
18052.2
18760.1
19500.6
20010.3
20790.8
20467.4
19654.9
18400.7
18356.1
18020.8
16097.8
12634.7
10016.1
9558.7
9570.1
9498.4
9190.5
8840.2
8505.1
8391.4
8905.1
9618.2
10463.4
11384.6
12591.8
14108
15390
16719.3
17638.5
18612.8
19010.6
18865.4
17977
16996.3
16786
17283.4
17842.7
18381.8
18667.5
18434
17586.6
16672
16338.8
16007.4
14196.7
11434.2
9024.3
8013.5
7669.9
7538.2
7257.2
6852.3
6577.6
6234.6
6371.7
6580.6
6991.1
7581.7
8252.3
9067.7
9913
10813.8
11592.9
12323.4
12769.5
13021.3
12777
12445.3
11781.4
11699.7
11730.2
12139.4
12405.6
12614.3
12417.1
11954.3
11452.9
11084.7
10627.6
9409.5
7856.2
6320.9
5342
4789.6
4528.7
4248.9
3932.2
3602.7
3304.3
3152.5
3108.2
3165.4
3323.4
3496.3
3845.4
4073.4
4357.8
4762.4
4995.3
5227.3
5374
5469.5
5391.6
5251
5146.6
4996.7
5001.3
5070.4
5166.5
5107.1
5205.7
4966
4876
4591.2
4378
3942
3417.7
2809.5
2290.4
2006.5
1812.6
1517
1370.7
1221.1
1073.4
927.1
796.8
696.8
698.8
622.9
567.9
588.7
521
529.2
500.8
578.4
558.1
531.5
524
493.2
500.7
502.9
513.6
515.9
556.7
463
514.5
515.3
588.2
539.7
557.6
588.4
637.4
645.2
597.4
708.2
612
583.3
610.2
612.8
618.3
726.4
664.5
698.8
683.9
801.7
931.1
954.1
944.9
855.7
811.3
890.5
889.2
927.1
886
966.5
1001.5
1089.9
1035.7
1119.8
1154.3
1183.7
1321.7
1327.7
1401
1468.2
1643
1754.9
2025
2127.5
2321.5
2505.9
2762.1
2998.9
3134.4
3613.1
5293.4
6357.4
5714.5
3792.6
1689.5
1431.2
1425.7
1428.5
1572.4
1725.5
1769.4
1879.6
2095.8
2291.8
2594.3
2931.4
3256.5
3650
4132.1
4572.3
5249
5856.3
6604.2
7433.7
8286.3
9204.5
10299.2
11430.2
12581.8
13736.3
15033.9
16319.5
18256.6
23191.9
30176
32797.7
28238.8
17221.3
8343.6
4805.4
3857
3470.5
3168.3
2976.1
2788.6
2729.2
2520.1
2456
2508.2
2496
2608.8
2612.8
2783.2
2781.2
2969.4
3071.9
3306
3489.8
3804.8
4100
4439.6
4845.5
5187.6
5605.4
5984.8
6427
6833.6
7222.6
7464.3
7674.9
7852.7
8134.8
8121.9
8200.7
8348.9
8398.7
8436.9
8481.2
8470.1
8438.3
8446
8400.5
8278.3
8014.2
7746.3
7568.7
7372.4
6998.5
6658.7
6414.9
6062
5839.6
5560
5355
5127.3
4969.5
4963.8
4988.7
5214.9
5298.4
5542.9
5986.5
6277.1
6790.5
7277.1
7925.3
8531.1
9190.5
9962.1
10758.3
11597.7
12352.4
13353.4
14029.2
14492.8
14764.3
14958.2
15130.4
15327.9
15312.7
15263.9
15232.7
15263.1
15297.7
15210.4
15095.7
15068.5
15055.5
14889.5
14588.1
14188.1
13748.1
13563.7
13126.6
12766.6
12281.6
11788.3
11449
11207.1
10908.3
10831.7
10834.2
11019.6
11051.9
11272.3
11336.9
11375.8
11214.9
11152.1
10958.6
10979.3
11033.9
11172.1
11333.5
11599.5
12157.2
12775
13522
14590
15468.9
16318.2
17344.7
18180.2
18886.4
19543
20273.7
21117.4
21577.2
22179
22556.7
23112.5
23720.3
24209.1
24403.3
24719.8
25233.9
25861.5
26325.4
26861.4
27030.8
27364.1
27155.8
26764.9
25875
24673.6
23154.5
21399.4
19867.6
18242.1
16676.1
15061.6
13638.2
12151.8
10932.2
9999.5
9306.7
8946
8979.3
8999.3
9206.1
9676.2
10133.6
10694.6
11293.3
12126
13019.8
14145.1
15054.1
16210.9
17432.7
18620.1
19753.4
21064.5
22278.8
23323.4
24367.9
25732.2
26840.2
28151.5
29462.9
30765.3
31635.6
32271.2
32605.4
32478.2
32026.8
31317.1
30392.9
28934.3
27573.4
26205.6
24881.5
23277.5
21507.2
19753.7
17971.6
16351.1
14763.5
13308.7
12235.7
11315.3
10385.4
9717.2
9117.6
8644.6
8184.4
7831.9
7614.5
7478.8
7324
7404.6
7473.4
7690.8
7936.7
8288.8
8682.7
9038.9
9532.8
10236.6
10926.7
11563.6
12186.3
12905.3
13723
14249.2
14738.8
15244.3
15632.1
16005.6
16364.6
16656.1
16775
16970.6
17263.3
17183.9
17255.8
17334.5
17188.6
16987.9
16866.9
16562.2
16348.5
15779.3
15322.6
14855.1
14402.9
14116.2
13856
13692.8
13731.6
13598.7
13570.6
13331.3
13157.1
12765.7
12379.9
11616
11166.7
10278.7
9706
9164.6
8552.3
7995.3
7396.9
6851.1
6278.1
5776.5
5319.1
4787.7
4229
3686.4
3238.7
2927.2
2676.1
2432.2
2349.7
2222.6
2219.5
2175
2236.3
2232.1
2360.7
2343.6
2428.3
2520.6
2645.8
2796.1
2904.1
2963.3
3130.9
3308.7
3377.8
3618.8
3866.3
4010.5
4134.4
4237.6
4283.2
4385.8
4376.6
4330
4265.6
4128.1
3978.4
3825
3797.5
3558.6
3337.3
3227.3
3099.2
2858.6
2752.3
2350.9
2263.4
2057.6
1917.7
1716.6
1538.3
1449
1395.2
1370.9
1317.7
1355.3
1387.9
1414.2
1421.7
1454.3
1548.7
1667.1
1749.4
1856.5
1945.9
2129.2
2242.9
2431.2
2664.5
2829.8
3110.7
3299.3
3611.6
3846
4103.3
4344.1
4514.2
4697.6
4672.7
4726.2
4848.3
4740.5
4722
4607.7
4539.6
4428.9
4305.7
4124.3
3911.3
3756.4
3552.2
3265.2
2945.8
2736.5
2557.7
2307.2
2077.1
1859
1678.9
1445.4
1452.9
1273.3
1234.2
1197.7
1138.3
1166.9
1137.6
1138.8
1087.3
1142.2
1137.3
1120
1164.6
1172
1242.3
1271
1379.6
1426.7
1441.1
1571.6
1660
1794.8
1929.4
2065.7
2263.3
2528.9
2804.7
2883.2
3005.6
2993.8
3014.7
3176.5
3140.8
3041.6
3010.1
3019.8
3047.8
2992.7
3114.1
2678.9
2640.2
2542.7
2351.8
2056.2
1895.5
1764.6
1624.2
1421.6
1244.7
1135.2
910.2
835.8
730.8
706.6
680.7
610.4
593.3
635.1
633.7
621.9
588
586.2
637.6
465.1
551
525.5
499.3
568.7
476.7
426.6
431.8
401.5
409.5
356
332.9
287.1
255.8
257.1
240.8
229.1
156.2
228.9
155.4
178.6
183.6
206.6
113.1
212
112.7
176.4
176.3
192
162
276.9
224.4
264.3
264.1
287.3
376.9
385.3
444.8
478
434.2
469.2
463.2
421.5
384.2
411.7
382.4
418.5
399.8
365.8
357.2
272.2
261.9
256.1
292.5
257.8
196.9
239.2
117.9
111.1
242
45
58.4
86.7
58.3
50.6
34.5
23.4
20
15.8
34
65.5
77.2
189.7
68.2
0
31
66.8
115.5
79.4
104
74.5
109.1
137.8
125
123.2
168.2
183.7
234.9
186
239.3
332.2
313.1
303.4
321.5
353.4
369.6
330.5
327.6
316.3
322
294.3
238.7
249.3
255.4
173.9
159.4
172.8
139.3
123.6
166.4
145.1
125.3
173.6
237.4
326.8
422.4
533.4
612.9
556.1
462.1
474.4
480.8
479.4
519.5
505.2
566.8
493.5
421
329.3
365.3
300.1
346.3
254.9
274.4
283.3
218.2
261.4
223.5
241.7
224
221.2
245.8
243.4
270.2
387.2
275.6
260.9
260.7
253.7
306.9
331.2
237.1
312
312.5
366.9
400.6
357.9
326
341.1
296.1
246.6
273.3
246.6
226.4
156.9
103.9
99.7
142.9