7433
6316.2
4261.3
2592.3
1541.8
1492.6
1785.4
2100
2544.5
3183.7
4019.7
5107.2
6488.1
7997.7
9928.5
12278
15098.4
18411.9
20711.1
20521.9
16002.2
9884.2
4676.5
2158.7
2112
2295.1
2570.2
3045.9
3769.7
4567.6
5696.3
7326.5
8993.9
11194.9
13920.8
17068
20972.5
26021.1
30576.3
33336
31006.3
22370.9
12800.3
4775.9
1657.4
1404.7
1245
1106.2
1082.3
1181.3
1019.2
990
1035
1219.8
1231.7
1382.2
1572.5
1805.5
2136
2522.5
2757.9
2987.9
2723.2
2250.6
1601.3
1244
1092.1
1232.8
1400.7
1712.4
2195.4
2808.1
3561.4
4320.9
5282.3
6265
6984.7
7045.8
5967.7
4302.8
2699.6
1607
1456
1742.5
1795.5
2040.9
2190.4
2376.2
3009.9
3745.5
4935.1
6356.7
7939.2
9426
11605
14038.1
15831.4
16137.6
13851.2
9829.3
5786.3
2641.3
1958.8
2062.3
2271.4
2459.7
2812.1
3318.1
3949.9
4770.9
5743
6900.9
8372.3
10277.8
12503.3
14885.3
17917.7
21833.3
26749
29812.2
30139.7
26406.3
18806.9
10918.1
4637.3
2138.8
1892.7
2009.9
2033.8
2264.9
2472.8
2884
3372.5
3988.4
4809.4
5652.2
6911.6
8240.4
9850.9
11783
14179.1
16788.9
19745.2
24261.7
28303.5
29846
28539.8
23095.3
15466.8
8399
3596.2
2515.4
2588.7
2778.2
3066.4
3488.2
3916.4
4690.5
5419
5950.4
6027.1
5491
4376.9
3155.4
2061.4
1605.4
1569.2
1656.6
1785.1
1938.2
2325.6
2670
3235.1
3966.4
4721.9
5468.8
6357
7460.9
8763.6
9552.3
9545.8
8568.8
6506.4
4213.4
2387.5
1395.3
1318
1342.1
1378.2
1405
1586.5
1659.6
1799.2
1974.1
2309.3
2817.4
3511.3
4330.7
5406.4
6358.8
7404.2
8630.7
10459.7
12333.6
13461.1
13609.4
12239.3
9387.7
6008.4
3122.4
1671.1
1525.4
1449.6
1548.6
1621.6
1588.6
1716.3
1943.8
1977.6
2186.8
2450.4
2765.7
3144.1
3595.9
4268.3
4899.8
5659.2
6665.9
7662.9
8901.6
10412.2
12523.5
14228.8
14738.8
13930.4
11591.5
8211.6
4678.2
2064.5
1091.8
922.4
893.7
834.6
895.7
864.7
1092.5
1145.6
1186.7
1227.9
1390.6
1504.3
1724.8
1828.1
2165.4
2397.4
2772.8
3168.9
3624.3
4260.8
4941.4
5583.6
6548.6
7820
9151.8
10065.6
10155.3
9691
8437.7
6815.7
5175.2
3944
3367.2
2825.6
2093.5
1383.3
1115.3
850.4
875.9
874.1
827.5
845
853.7
986.5
1075.8
1174.6
1362.8
1548.8
1833.1
2100.2
2400.9
2733.4
3141.2
3713.5
4248.3
4470.2
4543.3
4012.9
3347.7
2257.3
1343.2
674.2
521.5
470.9
465.6
505.2
507.2
556.5
593.9
638
656.3
894.2
705.9
743.7
899
1002.8
1311.1
1386
1688.2
2023
2319.9
2721.8
3045.3
3628.5
4356
5083.3
5412.2
5513.5
5020.9
4148.7
3004.7
1834.2
1138
926.5
925.1
905.8
859
819.3
815.8
694.2
714.2
656.3
695.1
722.2
770.9
779.8
880.4
984.8
1047.3
1134.1
1421.4
1422.5
1586.8
1831.1
2072.7
2398.4
2740.7
3079.4
3588.5
4179.6
4870
5173.4
5127.7
4725.7
4108.9
3152.4
2032.6
1123.9
687
566.3
571.1
568.3
611.2
592.4
615.5
669.7
679.6
716.6
719.4
795.1
811.7
861.5
891.4
977.3
1062.7
1202.5
1394.9
1475.1
1701.5
1953.8
2307
2620.9
2925
3034.5
3129.5
3088.5
2983.4
2860.3
2811.4
2872.5
2926.9
2855.1
2640.1
2425.5
1928.7
1371.6
994.6
644.5
603.8
598
609
710.5
755.5
812.8
894.8
987.5
1142
1300.7
1432.7
1525.6
1690.5
1985.9
2322
2532.7
2556.6
2495.4
2269.6
1950.5
1514.3
1004.6
587.4
441.8
456.7
470.9
418.5
403
478.3
431.4
526
449.9
471.2
554.4
533.4
563.4
629.8
562.2
521.3
552.8
641.7
625.1
677.1
772
920.9
1056.7
1287.5
1342.3
1538.7
1686.3
1852.4
2176.5
2507.8
2868.8
2950.2
2919.8
2809.1
2665.8
2362
1868.8
1610.1
1304.6
1192.9
1154.8
1086.9
925.3
848.2
719.2
559.9
488
463
507.8
509.7
690.4
824.7
865.4
944.7
1035.4
1100.1
930.2
854.8
718.1
680.5
792.8
838.7
886.7
973.1
1046.8
1078.4
1235.9
1326.2
1356.6
1530.8
1626.3
1744.5
1924.6
2139.7
2195.7
2186.1
2017.5
1912.5
1745.1
1398.8
1104
809.9
593.2
534.2
543.8
486.3
487.3
550.5
520.4
529.6
565
583.7
609.5
651.5
753
790.6
861.6
942.7
1012.2
983.2
937.2
868.1
874.1
666.2
552.2
457.2
415.3
413.3
387.5
419.1
553.9
481.7
506.5
573.5
617.3
617.5
669.9
753.9
756.9
812.3
960.4
951.4
1004.3
1070.1
1020.5
963.8
957.5
986.3
918.9
849.9
812.7
864
899.2
942
993.6
1096.4
1217.6
1234
1212.4
1148.6
1114.4
1092.8
1006.9
820.9
691.2
593.3
564.3
584.9
517.8
454
502.1
495.8
456.8
450.9
548.7
443.3
437.2
447.8
444.8
481.8
523.6
549.2
705.4
597.2
612.5
655.3
717.2
748.8
789.8
875.1
857.1
917.7
967.2
997.2
1061.4
1091.6
1111.3
1340.1
1363.7
1406.9
1427.3
1577
1646.8
1765.6
1856
1940
1973.1
1906.3
1891.6
1867.3
1840.7
1662.9
1613.5
1467.5
1377.3
1328.1
1233.5
1111.4
1037.5
964.5
874.3
835.6
801.8
733.5
678.9
684.7
639.8
585.6
508.3
513.7
513.8
529.4
561.6
615.3
697.2
536.8
510
497
436.8
444.7
450
482.8
447.9
451.5
455.3
467.2
423.1
465.7
496.1
517.5
483
466.3
557.6
495.3
436.3
485.3
562
549.4
564.7
722
737.8
671.3
644.6
676.6
592
568.5
643.9
581.5
658.8
711.2
780.9
901.6
986.3
1183.2
1189.5
1330.9
1522.4
1599.5
1702.9
1746.7
1817.8
1918
1979
1972.4
2051.8
2094
2118.1
2087.3
2063.1
2136.5
2266.9
2169.1
2111.6
2113.6
2141.3
2216.7
2233.9
2294.8
2274
2329.4
2339.6
2290.5
2249.7
2207.1
2134.3
2095.8
2063.8
2106.4
2023.3
2145.5
2104.7
2191.4
2169
2167.2
2211.3
2262.9
2244.2
2196.9
2188.7
2216.9
2172.5
2141.5
2109.4
2147.5
2102.9
2127.3
2072.2
2074.3
2061.9
2053.5
1999.1
1974.5
1908.3
1829.9
1729.5
1652.5
1558.7
1536.5
1542
1512.8
1595.8
1555.7
1618.4
1674
1729.7
1815
1784.8
1770.3
1723.7
1696.4
1630.6
1577.3
1508
1431.2
1393.2
1297.6
1269.4
1246.8
1171
1180.6
1263.9
1273.5
1329.1
1297.3
1319.2
1276.2
1234.8
1253.2
1264.4
1255.8
1185.7
1227.4
1138.7
1148.4
1120.6
1127
1049.5
1080
1102.4
1244.4
1247.8
1252.8
1245.9
1253.5
1246.9
1224.4
1171.3
1081.9
1004.1
1043.6
781.8
726.8
796.3
623.2
648.7
640.3
632.8
652.5
654.9
677.4
609.6
724.5
705.4
694.6
714.3
705.9
799.9
807.9
805.2
839.6
830.1
957.1
905.7
939.1
962.7
1020
1037.5
1087.8
1109.8
1162.8
1181.2
1181.2
1248.9
1220.2
1355.6
1512.6
1592.6
1740.7
1822.7
2037.6
2247.9
2503.9
2855.2
3278.5
3861.7
4312.8
4956.6
5499.5
5902.4
6107.1
6231.2
6309.3
6470.8
6617.4
6647.3
6847.6
6970.2
6911.3
6439.8
6161.5
5921.3
5629.8
5602.8
5656.6
6099
6606.8
7401.8
8051.8
8576.1
8940.6
9117.6
9223.7
9392.3
9387.3
9505.9
9543.2
9675.4
9661.4
9435
8545.8
7929.8
7369.1
7023.4
6724.4
6820.1
7246.5
7875.8
8533.4
9187
9783.2
10060.5
10159.2
10196
10258.6
10427.1
10631.9
10599.2
10773.1
10922.1
10523.5
9620.6
8659.6
7966.2
7357.5
6986.6
6932.6
7324.8
7972.7
8608.2
9313.5
10036.3
10407.4
10672.7
10680.2
10669.8
10631.5
10787.5
10999.9
11042.4
11215.2
11139
10472.7
9566.9
8343.5
7503.7
6950.1
6490.4
6491.8
6854.3
7297.7
7872.4
8479.7
9265.4
9680
9788.8
9805.1
9439.2
9421
9555.1
9820.5
9868.5
10006.3
10054.7
9500.7
8925.5
7720.9
6892.2
6136
5738.1
5686.7
6059.6
6389.3
6904
7535.4
8133.9
8914.4
9183.7
9310.7
9075.4
8843.2
8836.6
8897.9
9311.5
9381
9608.4
9618.6
9282.2
8648
7498.5
6665.5
5835.4
5436.1
5416.6
5625.8
5815.7
6187.8
6709.4
7209.4
7842.7
8300
8437.6
8263.3
7805.9
7606.3
7558.9
7722.2
8059.9
8023.7
7984.8
7786.2
7685.5
6704.9
5470.6
4666.4
3839.9
3495.2
3385.2
3439.8
3347.2
3390.7
3519.7
3715.6
4190.2
4254.6
4412.9
4278.5
4120.2
3979.1
3943.6
4087.4
4461.2
4444.3
4574.8
4397.5
4246.2
3936.3
3303.2
2787.6
2371.4
2202.1
2261.2
2311.1
2415.1
2455.6
2541.3
2707.7
2948.1
3211.5
3211
3189
3024.9
2885
2808.1
2786.1
2949.4
2980.1
2886.1
2830.7
2825.3
2655.8
2453.7
2119.3
1812.8
1765.7
1672.2
1683
1726
1872.2
1981.7
2157
2407.9
2699.7
3091.6
3338.8
3671.5
3859.8
3995.2
3958.2
3757
3755.7
3754.4
3850.5
3951.4
3983.6
3894.4
3661.4
3636.1
3623
3357.9
2808.4
2454.5
2371.8
2509.9
2500
2465.8
2524.3
2754.8
3035
3399.6
3901.3
4331.2
4897.3
5542.2
6052.5
6462.3
6523.2
6556.5
6072.8
5968.7
6112.6
6222.1
6429.1
6576.1
6550.3
6158.9
5939.5
6052.8
5743.8
4909.4
3914.4
3543.5
3654.5
3746.6
3658.9
3584.1
3687.9
3964
4411.4
4943.2
5607.1
6346.3
7163.5
7930.5
8559.4
9178.7
9426.2
9230.8
8671
8264.3
8569.7
9013.7
9169.8
9488.3
9381.7
8852.8
8334.8
8506.4
8381.9
7277.3
5644.5
4873.9
5011.9
5283.9
5164.1
4903.6
4899.7
5021.2
5535.9
6158.2
6846.7
7646.3
8515.7
9692.5
10665.5
11557.8
12138.2
12462.6
12087.7
11368.5
10848.7
11374.3
11767.5
12130.8
12714.6
12451.4
11859.2
11004.7
11249.8
11297.5
9889.7
7538.7
6285.7
6454.4
6580.1
6621.8
6439.2
6365.3
6417.7
6995.5
7635.1
8473.3
9553.5
10615.4
11930.2
13334.7
14566.1
15553.1
16351.6
16343.7
15771
14846.9
14455.2
15096.3
15672.4
16094.9
16764
16538.9
15700.4
14608.8
14977.9
14911.5
13178
10376
8503.6
8754.9
9434.7
12027.6
17502.3
20614.1
20232.1
15129.2
11805.7
11600.9
12471.3
13620.3
15141.5
16932.7
18496.5
19801.7
20912.1
21746.6
21544.6
20764.7
19578.4
19401.3
20115.3
20854.5
21446.9
22109.4
21821.6
20822
19559.1
19706.5
19231.2
17079
13345.1
10844.2
10193.4
10205.2
10135
9839.2
9349.6
9002.7
9007.3
9497.8
10209.2
11190.3
12370.6
13587.7
15060.2
16324.1
17756.7
18855.1
19981.7
20206.9
19865.8
19056.7
18124.6
18040.4
18514.6
18890.9
19485.4
19803.2
19389.4
18592.5
17870.7
17470.2
16924.7
14882
11972.4
9564.9
8510.7
8141.1
7904.6
7728.9
7265.2
6883
6649.7
6687.6
6999.9
7457
8032.3
8758.1
9658.4
10531.8
11455.3
12270.5
13048.1
13389.6
13759.2
13464.3
13097.8
12480.6
12409.7
12527.9
12815.7
13125.2
13224.1
13033.8
12547.8
12126.8
11636.5
11068.3
9889.7
8142.2
6683.4
5773.5
5042.4
4679.7
4414.7
4035.3
3714.7
3465.8
3266.6
3189.2
3236
3462.7
3633.5
3929.3
4326.2
4526.9
4839.6
5098.1
5372.7
5557.5
5648.3
5556.3
5376.9
5263
5169.2
5211.5
5164.4
5327.3
5284.6
5294.3
5079.1
4985.3
4717.4
4479.9
3959.7
3423.3
2879.3
2440.6
2000.9
1762.7
1547.8
1381.7
1248.6
1066.8
882.4
845.9
678.3
610.4
613.8
524.1
560.5
520.3
574
551.5
508.3
491
464.6
459.9
495
465.5
485.6
527.4
450.6
484.4
487.5
553.2
479.5
481.9
527.7
559
603.1
518
704.5
588.1
547.7
558.8
581
564.2
654.9
586.6
648.2
609.9
680.5
777.8
789.7
922.6
924.5
887.8
894.9
862
880.5
830.5
897
949.7
1057.3
981.8
990.7
1042.5
1093.7
1155.5
1174.9
1237
1299.2
1394.2
1484.7
1737
1811
1940.7
2111.9
2354.9
2581.3
2754.1
2976.5
3183.6
3688.4
5388
6365.4
5711.4
3651.8
1698.4
1381.3
1385.4
1586.6
1515.9
1607.7
1773.5
1937.3
2130.4
2385.8
2576.2
2870.9
3323.9
3614.2
4165.2
4651.4
5205.3
5871.1
6640.5
7366.2
8280.8
9206.6
10197
11343.9
12553.8
13720.2
14930.8
16121.7
18310.3
23459
29855.3
31819.1
27035.1
16581.1
8407.7
5048.2
4027.1
3568.9
3285.3
3093.7
2873.5
2736.1
2727.1
2666.1
2713
2649.7
2749
2662.2
2794.5
2900.7
3066.5
3217.8
3460.4
3671.8
4018.5
4361.8
4649.2
5049.1
5464.2
5894.4
6404.1
6819.4
7219.4
7664
7860
8189
8251.5
8553.2
8678.5
8745
8809.6
8888.5
8986.9
9039.9
8949.9
8988.1
8974.5
8919.8
8753.8
8498.8
8321.6
8035.4
7694.8
7463.8
7074.4
6788.9
6531
6199.8
5924.3
5623.4
5428.3
5297.1
5339.2
5309.6
5449.9
5723.1
5932.4
6279.4
6631.4
7237.7
7699.9
8357.1
9077.6
9876.2
10627.6
11378.8
12421.6
13367.7
14211
14885.2
15473.4
15781
16094.1
16220.2
16423.8
16323.1
16218.2
16190.5
16315.8
16343.7
16194.7
16013.1
15990.3
16035.7
15950.3
15460.3
15063.7
14628
14527.8
14098.1
13523.6
13059.2
12679.5
12290.8
11999.7
11636.2
11569.2
11643.4
11847.8
11886.3
11968.9
11947.1
12123.4
12038.3
11880.4
11709.4
11725.6
11756.2
11800.4
12111.1
12330.1
12857.6
13627
14340
15344.8
16403.8
17327.5
18343.1
19139.6
19922.5
20778.2
21568.5
22220.5
22700.3
23307.5
23849.8
24513.7
24878
25296.1
25729.4
26161.8
26628.7
27245.1
27719.6
28178.1
28323.7
28570.8
28405.8
27972.7
27127.5
25647.2
24104.4
22364.7
20700.3
19033.6
17601.9
15773.8
14321.7
12857.2
11596.5
10496.5
9755.5
9295.8
9314.2
9450.3
9655.6
10045.8
10345.6
11020.2
11719.3
12641.2
13413.9
14477.2
15604.5
16770.8
17978.5
19178
20517.2
21584.7
22664.3
24103.7
25156.5
26235.6
27524.7
28931.3
30186.5
31344.8
32500.6
33222.8
33207.5
33013.6
32829.9
32048.4
30833.9
29622.3
28383.1
26992.9
25519.5
23995.5
22247.8
20575.4
18725.5
16985.7
15341.4
14013.9
12781.6
11865.4
10911.1
10267.9
9551.3
9029.1
8561.1
8191
7831.9
7675.5
7608.7
7705.2
7788.1
8052
8193
8485.4
8888.5
9462.5
10109.6
10704.7
11275
12083.8
12891.7
13496.2
14220.4
14905.7
15417.7
15885
16326.6
16785.3
17003.6
17300
17593.9
17584.5
17845.2
18021.9
18127.6
18104.1
18079.9
17857.3
17651.8
17279
17042.5
16570.4
16099
15696.8
15275.6
14946
14770.1
14858.2
14933.5
15011.6
15009
14903.6
14858
14519.7
14471
13452.8
12620.9
11874.3
11336.2
10643.1
9940.1
9405.3
8796.2
8140.4
7458.2
6792.5
6186
5652.8
5016.9
4333.4
3782.7
3279.1
3020.2
2754.9
2583.6
2425.9
2458.6
2354
2444.2
2430.9
2491.2
2522.4
2661.6
2713.7
2923.3
2950.7
3120.7
3298.7
3328.6
3515.8
3711.2
3930.4
4144.5
4346
4463
4529.8
4544.9
4634.3
4653.7
4629.8
4619.3
4462.1
4437.8
4178.6
3930.5
3815.1
3694.7
3466.1
3440.4
3039.4
2814.9
2517.9
2463.1
2236
1997.3
1787.6
1640.8
1544.1
1430.3
1422.7
1401.9
1424.5
1388.2
1390
1435.6
1558.5
1592.2
1664.5
1746.9
1889.6
2011.3
2165.9
2322
2524.5
2752.7
2882.3
3119.6
3352.1
3719.6
4006.4
4223.9
4469.9
4656.8
4783.8
4955.7
4886.5
4906.1
4924.9
4865.2
4833.7
4735.4
4674.6
4436.4
4266.2
4089.8
3948.4
3691.2
3400.3
3087.7
2817.6
2704.7
2453.4
2161.6
1885.1
1807.2
1540.9
1461.6
1363.5
1264.5
1272.2
1219.7
1201.4
1146.7
1188.6
1170.5
1119.2
1125.8
1127.8
1209.8
1169.1
1264.1
1310
1325.2
1444.9
1468
1587.8
1670
1757.5
1898.1
2100.7
2339.2
2488.4
2686.2
2848.3
2888.5
3094.1
3122.5
3009.5
2961.8
2979.9
3041
3021.5
3293.5
2853
2787.7
2739
2625.6
2505.8
2380.7
2197.3
1898.1
1729.3
1669.7
1560.3
1305.3
1138.9
970.5
903.3
814.2
709.2
667.5
762.4
714.9
703.7
698
726.2
749.6
574.9
669.2
659.1
572.9
677.1
574.3
531.8
533.8
525.2
540.4
493
445.6
387.8
344.7
347.5
335.6
331.6
256.5
303
186.8
229.1
212.7
218.7
130.2
213.9
118
171.5
204.6
188.9
188.9
254.1
253
281.6
246.6
310.6
360.7
352.3
422.4
515.5
471.6
517.4
541.2
484
459.9
539.5
451.7
491.4
467.9
443.9
455.9
393.7
367.6
363.5
378.5
363.5
320.9
378.6
222.9
227.1
365.8
135.6
116.7
163.6
88.5
103.6
75.9
50.3
23.9
22.9
59.4
79.6
93.3
250.2
84.1
0
47.2
61.3
146
76.5
69.2
76.2
118.6
133.5
124.8
102
163.7
211.1
199.9
188.6
225.7
280.6
301.5
338.9
331.4
406.8
408.1
382.1
367.6
415
400.6
397.3
340.9
358
324.9
242.3
241.8
270.8
231.6
199.7
235.9
207.1
154
166.7
169.7
201.4
286
476.1
643.4
705.5
713.8
698.3
672.7
643.3
634.1
664.2
745
737.6
646.8
595.5
583.3
473.1
562.1
433.3
405.3
382.6
319.4
370.4
279.7
287
293.6
280.1
293.1
285.3
302.4
469.5
314.8
295.9
311.3
255.1
320.6
368.7
290.1
347.7
341.8
421.8
434
397.1
400.7
416.1
389.3
316.8
356.8
307.6
344.5
255.1
212.9
227.2
259.7
156.1
181.2