NaN
NaN
3583.7
2009.4
1119.2
1311.1
1523.6
1766
2278.7
2805.6
3492.5
4455.5
5655.2
7069.7
8899.7
10960.7
13341.1
15848.1
17813
18046.5
14082.4
8522.5
3848.1
1934.1
1803
2003.8
2384.9
2835.3
3388.3
4181.1
5262.5
6553.5
8137.2
10405.1
12645.9
15519.9
19049.7
23240.2
27155.1
30313.5
28706.4
20674.1
11290.2
3784.2
1351.3
1082
949.8
950.2
861.3
776
815.6
942.1
764.3
758.3
858.6
1116.7
1112.7
1280
1554.1
1807
2115.9
2309.1
2005.5
1659.7
1110.8
892.9
817.1
941.1
984.7
1244.4
1600.2
2141.1
2702.3
3272.1
4023
4730.6
5406.4
5691.7
4871.1
3354.5
2002.5
1193.8
1144
1201.1
1333.4
1648.5
1711.4
2103.5
2448.5
2941.4
4026.5
5120.6
6387.4
7739.5
9458.4
11251.4
12929
13553.6
11851.6
8213.8
4666.6
2195.6
1629.5
1614
1797.8
2106.3
2457.7
2770.6
3299.6
3959.8
4882.5
5899.1
7260.3
8762.6
10650.5
12890.7
15356.3
18391.1
22590.2
25994.9
27188.7
23992.9
16630.3
9473.3
3663.6
1651.5
1642.1
1607.9
1698.4
1984.3
2113.4
2544.6
2894.6
3499.8
4179.8
5020.2
6221.9
7357.9
8977
10712.3
12747.8
15018.9
17849.9
21656.8
25675.3
27918.3
26953.4
21485.1
14126.9
7269.6
2815.4
1980.7
1979
2128.7
2390.2
2605.9
2971.7
3389.9
4097.4
4727.4
4771.3
4323.3
3381.2
2391
1517.1
1168.5
1178.1
1311.7
1372.7
1518.9
1751.1
2154.7
2703.2
3174.1
3755.5
4414.6
5025.6
5877.2
6977.7
7768.6
7916.2
7044.2
5220.5
3286.2
1727.9
1028.8
1055.3
1021.4
1083.6
1139.5
1249.7
1334.7
1521.5
1605.9
1862
2275.3
2856.3
3695.9
4565.6
5435.4
6335
7299.3
8710.7
10474.8
11772
11874.5
10570.4
7950.8
4992.6
2441
1280.1
1179.1
1249.6
1280.2
1290.5
1415.9
1528.2
1520.3
1693.7
2020.2
2134.2
2402.8
2751.6
3171.6
3713.2
4335.9
5141.4
5954.7
6857.7
8059.7
9282.4
11335.5
12911.6
13426.6
12637.3
10403
7211.7
3925.6
1586.5
755.9
723.3
705.3
663
705.2
701.3
821.5
785.5
1058.8
1097.9
1201.2
1295.3
1445.2
1644.6
1911.3
2135.2
2545.1
2862.7
3328.9
3877.6
4415.4
5088.6
5982.5
7063.2
8391.5
9291
9417
8920.3
7448.8
5849.2
4168.4
3078.9
2709.6
2114
1495.2
1091.7
686.7
669.1
844.2
684.5
714.2
698.4
670
713.2
793.4
949.7
1106.6
1270.2
1452.9
1699.5
1891.9
2190.1
2438
2908.2
3478.1
3769.1
3674
3362.2
2776.2
1736
965.4
388.9
313.4
324.3
308.6
284.3
293.1
356.4
367.5
425.9
483.5
512
517.6
833.7
621.4
740.4
915.5
1150.8
1554.9
1583.8
1940.8
2273.3
2535.5
3020
3593.9
4323.2
4715.6
4798
4290.7
3694.3
2485.7
1488.5
872
761.4
767.8
813.1
774.1
698.5
592.3
579.1
533
492.6
544.7
545.3
588.8
659.3
718.9
719.6
849.7
959.6
1074.6
1201.2
1550.2
1536.7
1806.2
2084.6
2378
2670.8
3153.4
3657
4328.5
4614.5
4644
4242.6
3664.1
2710.6
1611.3
818.1
442.9
417.3
442.9
387.6
385.5
433.4
470.9
424.8
475.9
537.7
570.4
570.7
576.7
704.5
703.8
761.6
816.9
903.8
983.3
1155.9
1421.4
1525.9
1793.4
2098.1
2401.3
2491.2
2548.1
2523.6
2546.6
2374.2
2434.6
2596.1
2661.3
2590.3
2433.3
2125.4
1597.2
1134.6
676.3
492.3
505.8
442.1
460.7
485.5
506.4
588
688.7
745.1
854.7
926.8
1061.1
1208.8
1333.3
1507.8
1780.4
1989.4
2065.9
2003.8
1832
1571.4
1126.6
678.2
390.5
245.5
245.7
258.8
294
307.8
277.1
280.2
304.2
302.2
422.7
300.2
358.2
393
416.3
380.2
482.2
429.3
397.7
466.4
576.9
614.5
703.2
817.6
984.8
1050.2
1307.4
1406.6
1643
1792.1
2064.1
2433.4
2553
2619.1
2522.9
2359.6
2086.2
1711.3
1382.7
1191.9
1242.8
1153.1
1017.9
913.7
806.5
604.6
433.2
341.7
249.3
284.5
342.9
547.8
553.6
620.7
695.2
780.3
783
706.7
714.8
502.3
501.2
541.4
569
709.7
749.1
833.8
861.7
988.2
999.2
1189.5
1217.2
1260.6
1467.9
1573.8
1735.2
1855.1
1865.1
1743.8
1617.8
1412.8
1192
843.2
508.6
394.3
361
304.4
312.6
344.3
314.7
311.6
358.9
301.9
342.9
402.1
436.7
443.7
505.7
610.3
706.8
683.7
671.6
655.8
616.1
531.5
413.3
381.2
221.7
217.3
259.6
264.6
267
294.1
343.9
475.7
367.2
400.9
499.1
496.5
500.3
537.7
639.8
676.9
714
832.7
792.1
771
798.8
769.6
685.5
609.1
623.3
580.6
594.8
612.4
705
678.6
826.4
872.3
919.9
959.4
920.1
883.5
778
709.3
599.4
545.8
376.9
362.5
348.8
345.4
402
329.4
291.2
309.8
300.8
289.2
243.7
357.9
258.1
257.2
274.8
269.9
313.1
379.5
390.1
563.1
446.4
481.9
495.3
530.2
569.5
610.2
680.4
648.3
736.9
768.5
823.1
904.9
918.6
961.2
1174.2
1117.2
1209
1264.7
1428.6
1504
1593.9
1590.1
1624.6
1610.5
1582.5
1541.1
1476.7
1414.2
1230.1
1174.1
1122.8
1023.6
842.9
705.3
598.4
531
510.6
455.3
445.9
408.2
317.3
328.7
412.9
423.6
366.9
315.9
303.3
288.6
298.3
343
432.1
479.7
340.9
248.4
308.1
258.6
288.5
307.6
278.8
249.4
267.8
284.9
301.1
245.7
265.6
288.2
304.5
268.9
242.8
428.8
347.9
305
371.8
461.3
395.6
408.4
508.1
515.6
421.2
392.6
362.9
335.8
355.5
515.2
471
521
624.4
723.4
827.1
891.6
1061.5
1097.2
1198.9
1347.9
1354.9
1415.1
1476.5
1506.7
1615.3
1591.9
1604.7
1646
1627.6
1650.1
1646.8
1644.6
1668.7
1741.4
1673.9
1701.7
1669.4
1766.7
1795.8
1759.6
1778.4
1822.9
1806
1751.7
1734.5
1649.7
1657.7
1563.1
1523.7
1533.8
1650.6
1647.5
1781.3
1694.7
1715.7
1725.5
1766.2
1745.9
1707.3
1726.9
1705.8
1643.3
1764
1696.4
1675.9
1622.2
1693.7
1602
1624.3
1519.9
1547.1
1545
1571.8
1451.7
1357.8
1335
1246.1
1140.9
1145.6
1108.1
1133.1
1231.2
1217.8
1326.5
1228
1269.3
1332.1
1420.9
1377.6
1353.2
1278
1287.1
1192.6
1127.4
1065
1042.9
1006.7
975.1
928.5
912.4
968.7
912.1
934.3
1026.3
1051.2
982.3
964.1
1033.4
960.3
984
950.2
959.8
955.4
869.8
908.1
867.7
855.4
867.2
933.2
922.6
1001.7
1018
1085.1
1105.1
1080
1062.3
1021.8
958.1
945.3
811.3
720.3
596
698.1
413.6
446.9
486.7
405
441.6
452.3
437.2
434.8
452.5
539
443.5
570
531.7
554.3
583.5
602.2
616
638.1
615.4
670.7
674.2
803.9
755.4
829.6
879.3
880.5
898
909.1
909.3
995.3
994.7
1010.9
1079.8
1118.6
1278.2
1432.9
1461.2
1651.6
1769.6
1972.7
2261.3
2547.4
2930
3464.6
3981.6
4318.7
4721.5
4845.2
5044.7
5089.9
5176.9
5272.6
5371.7
5456.9
5677
5622.4
5299.6
5051.2
4712.5
4546.9
4502
4527.4
4938.8
5391.7
5962.6
6475
7035.1
7231
7338
7466.1
7555.7
7628.1
7941.4
7745.4
8044.9
7990.3
7634.7
7138
6702
6004.7
5719.4
5455
5566.7
5945.6
6460.6
6967.6
7620.5
8132.7
8257.3
8448.7
8389.3
8469.7
8551.8
8823
8859.6
8974.4
9054.9
8714.6
8069.8
7288.6
6634.8
6125.7
5814.5
5790.7
6103.1
6527.3
7156.3
7813.6
8522.8
8820.4
8992.8
8944.9
8911.3
8880.5
9019.4
9328.2
9426
9549.5
9458.8
8920.3
8153.1
7102
6495.3
5814.4
5421.8
5560.6
5803.3
6138.5
6653.7
7179.2
7800.2
8234.8
8410.9
8322
8112.2
8070.4
7945.2
8308.6
8469.4
8498.8
8605.5
8263.4
7779.9
6602.5
5875.9
5198.4
4944.9
4811.2
5141
5395.6
5962.4
6388
6985.4
7632
7979.8
8139.5
7913.7
7667.6
7624.7
7573.5
8115.3
8214.7
8280.4
8331.3
8190.2
7715.1
6662
5774.8
5152.3
4844.2
4647.5
4818.6
5142.1
5352.5
5743.9
6227.3
6863.3
7225.4
7437.2
7406.1
7015.5
6750.1
6615.4
6708.7
7135.8
7082.9
7010.6
6898.6
6614.2
6020.7
5186.5
4097.9
3419.8
3111
2964.6
2891.9
2770.2
2917.5
3002.5
3136.6
3355.4
3666.3
3973.2
3720.4
3628
3438.7
3441.2
3432.2
3724.8
3852.5
3916
3725.6
3844
3518.8
2879.6
2289
1949
1771.2
1827.3
1893.4
1896.9
1948.1
2076.6
2208.7
2314.5
2546.5
2646.4
2631.6
2415.7
2450.1
2319.6
2326.8
2279.1
2339.9
2455.2
2266.9
2268.9
2187.5
2017.9
1647.9
1421.6
1296.9
1253.8
1364.3
1347.3
1323.7
1485.5
1635.2
1825.4
2038.2
2306.5
2622.8
2877.3
3016.6
3167.5
3100
2952.1
2898.9
2929.5
3127.8
3116.9
3231.7
3060.4
2902.1
2919.2
2858.2
2649.1
2253.4
2019.3
1842
1925.4
1962.2
1980.2
2041.5
2159.8
2362.4
2754.4
3101.4
3531.8
3931.5
4444.2
4876.6
5271.1
5449.7
5441.9
5059.5
4886
4929.7
5109.9
5267.5
5439.2
5313.2
5082.5
4823.6
4880.9
4817.8
4171.3
3230.9
2921
2937.5
3036.7
2998.4
2965.9
3067.9
3191.5
3639.6
3970.4
4551.1
5126.4
5802.5
6573.7
7199.2
7562.6
7898.6
7741.1
7430.1
7043.4
7076.4
7458.4
7636.7
7947.7
7992.5
7470.7
7031.7
7067.3
7110.3
6282
4974.8
4125.8
4237.3
4408.1
4354.8
4215.5
4174.3
4217
4673.6
5155.6
5678.4
6424.5
7197.8
8127
9009.2
9652.8
10281.8
10678.1
10378.5
9834.3
9310.3
9520
10070.4
10331
10744.2
10764
10261.1
9538.3
9511.5
9654.5
8663.2
6915.2
5506.3
5492.4
5718.7
5829.7
5586
5550.5
5624.1
5965.2
6568.2
7254.2
8104.5
8991.4
10184.8
11369
12436.5
13317.5
14071
14359.6
13953.4
13112.3
12578.4
13045
13652.9
13875.3
14583.6
14427.3
13939.7
13017.1
12854.7
12840.5
11862.4
9550.8
7676.6
7583.3
8000.7
10030
14311.6
17576
17982.3
14370
10902.2
10199.2
10879.5
11852.3
13131.9
14701.2
16125.7
17479.3
18266.5
19100.6
19152.1
18588.1
17444.4
17047.4
17587.2
18313
18720
19556.1
19229.8
18689.8
17444.2
17166.5
16945.9
15374
12361
9803.4
9135.4
8989.4
8829.9
8696.3
8304.8
8041
7913.1
8306.7
8922.5
9706
10699.8
11747.9
13069.1
14357.8
15543.3
16451.7
17383.8
17770
17881.2
16968.9
16303.6
16014.8
16278.9
16711.1
17317.6
17488.4
17424.3
16738.2
15889.7
15423.4
15062.4
13480.6
11162
8887.1
7727.8
7267.1
7019.5
6808.9
6427.3
6256.8
5837.4
5969.4
6105.7
6474.3
7055.7
7657.4
8351.1
9177.4
10059.3
10759.3
11467.4
11929.2
12136.7
11952.2
11733.9
11276.2
11071.7
11052.4
11287.9
11657
11826.5
11718.8
11266.8
10865.8
10515.2
9967.8
8876.8
7526.6
6255.5
5146.4
4564.4
4279.3
3867.5
3591
3325.3
2982.7
2880.8
2826.6
2843
2966
3148.2
3453.8
3664
3950.8
4368.1
4520
4764.7
4911.3
5018.5
4932.9
4867
4700.9
4592.7
4557.7
4617.2
4775.5
4658.5
4734.9
4547.3
4501.6
4211.6
4018.3
3587.9
3100.7
2607.3
2116.1
1833.8
1583.1
1338.6
1131.3
980.4
839.5
747.2
624.5
473.3
507
369.2
341.9
373.1
288.4
315.3
279.8
370.4
315.7
300
301.2
275.3
259.3
253.4
273.7
283.8
357
268.6
313.6
291.2
411.4
303.9
324.7
343.6
389.9
397
329.7
493.7
372.6
356.1
360.3
395.5
358.5
511.3
426.6
490.9
450.5
497.4
681.1
685.4
691.1
587.3
566.7
673.6
675
694.7
654.9
700
711
890.1
773.9
795.7
853.7
900.2
1011.9
1051.9
1065.4
1163.5
1292.7
1408.7
1690.9
1760.2
1860.2
2016.3
2323.8
2433.6
2603
2916.3
4129.8
5438.3
5197
3675.3
1603.2
1167.4
1166.3
1126.2
1193.5
1453.5
1410.7
1553.1
1740.3
1942.6
2149.7
2498.8
2759.6
3133.5
3585.7
3987.5
4528.4
5028.6
5747.3
6447.2
7209.2
8095
9045.6
10014.9
11005.1
12091.7
13213.6
14428.9
15989.8
19845.7
25559.5
29012.4
26456.1
17908.6
9390.9
5166.3
3601
3234.2
2901
2699.6
2539.9
2464.7
2230.1
2238.4
2270.7
2243
2388.4
2344.8
2548.8
2491.1
2629.4
2677.2
2991.7
3082.1
3424.3
3735.4
4053.4
4388.7
4749.9
5045.6
5455.6
5868.5
6270.8
6637
6862
7123.6
7200.7
7524
7601.1
7689
7721.3
7792
7871.7
7866.5
7869.1
7888.4
7872.6
7903.2
7738.6
7480.7
7289.2
7072.1
6929.6
6649.7
6250.7
6003.5
5750.2
5484.3
5259.8
5025.7
4837
4693.4
4619.4
4662.8
4920.8
4929.9
5208.6
5613
5853
6273.8
6686.7
7346.2
7848.5
8501
9195.6
10011.2
10762.5
11492.8
12365.8
13064.1
13545.4
13808.2
14023.8
14278.7
14529.4
14497.9
14526.5
14442
14475.3
14551.7
14486
14361.5
14236
14276.7
14208.2
13892.2
13482.1
13125
12893.2
12541.1
12295.5
11776.9
11287.1
10955.3
10787.8
10454.6
10312.5
10276.6
10431.3
10464.1
10658.3
10570.3
10712.7
10637.1
10555.4
10433.8
10419.8
10540.5
10733.7
10833.1
11021.3
11544.1
11985.6
12723.8
13741.7
14479.3
15396.6
16321
17062.1
17909.7
18361
19152.3
19814
20369.5
21029.1
21378.3
21919.6
22562.2
22993.4
23114.4
23424
23905.6
24568.1
24821.9
25375.8
25509.4
25830.7
25711.8
25286.7
24612.2
23632.7
22175.8
20577.3
19213.5
17686.4
16257
14750.7
13541.6
12112
10973.2
9926.6
9126.9
8714.3
8600.3
8603.4
8815
9133.9
9550.4
10115.9
10604.9
11358.4
12214.8
13227.4
14084
15107.2
16387.7
17456.3
18547.4
19652.1
20911.1
21721.7
22929.8
24145.3
25163.8
26429.4
27670.6
28829.4
29798.2
30417.5
30794.3
30800.6
30283.5
29735.1
29037.6
27706.6
26465.7
25212.1
24046.6
22693.6
21050.9
19424.3
17716.7
16319.2
14679.8
13234.1
12116.8
11135.7
10231.8
9586.7
8951.1
8511.8
7992.2
7591.5
7371.3
7188.9
7076.9
7030.8
7115.3
7257
7459.7
7858.8
8050.1
8515.4
8971.4
9588.4
10297.2
10811.3
11447.9
12084
12859.4
13403.6
13910.3
14327.7
14690
15129.1
15394.4
15850.4
15907.5
16059.8
16376.3
16340.6
16422.8
16468.4
16474
16271.6
16142.1
15857.8
15607.3
15148.2
14806.2
14415.1
13939
13645
13499.6
13319.2
13344.9
13406.9
13356
13211.5
13062.5
12856.3
12542
11900.2
11480.1
10459.2
9909.9
9358.3
8809.6
8258.9
7672.6
7107.2
6548.1
6033.7
5545.5
5039.3
4493.8
3921.7
3396.4
3028.4
2692.1
2412.1
2269.3
2121.2
2123.4
2003.6
2097.3
2034.5
2162.8
2154.7
2229.9
2286.9
2418.2
2530.3
2720.7
2714.4
2859.2
3047.3
3078.6
3354.7
3584.8
3702.3
3775.3
3929.6
3964.2
4052.8
4005
4022.4
3962.6
3798.2
3749.7
3606.5
3592.5
3333.6
3142.8
3023.3
2934.9
2724.7
2719
2240.7
2084.5
1942.8
1871.4
1628.8
1489.3
1341.9
1247
1237.2
1198.9
1215.9
1256.5
1304.7
1242.6
1276.4
1337
1479.8
1578
1617.9
1727
1898
2017.8
2178.9
2343.7
2573.7
2813.4
2935
3270
3478.2
3723.3
3924.8
4119.1
4298.8
4311.4
4329.5
4521
4360.6
4333.2
4332.7
4264.5
4182.4
4016.9
3904.5
3631.4
3572.4
3439.6
3212.8
2818
2618.2
2479.2
2271.1
2005.4
1863.3
1605.2
1394
1382.1
1174.5
1141.3
1061.3
1079
1038.4
1013.4
1027.7
991.9
1077.1
1051.9
1033
1041.4
1062.9
1120.7
1111.1
1252.9
1301.4
1304.5
1429.2
1451.4
1610.5
1698.7
1844.6
2020.6
2265.9
2576
2659.4
2787.6
2743.6
2734.6
2955.4
2920.7
2769.2
2731.4
2762.1
2801.2
2800.8
3026.1
2500
2437.3
2392.6
2268.3
2036.7
1823.2
1717.1
1558.2
1372.1
1255.1
1114.9
907.8
832.5
720.5
698.5
605.8
512.5
539.3
600.5
610.1
603.1
543.7
564.5
594.4
408.8
540.8
494.7
439.5
557.9
439.8
394
406.3
387.8
392.2
321.3
312.5
248.2
200
227.3
211.3
225.4
142.3
263.3
123.3
172.1
176.2
175
75.6
202.6
73.8
121.4
165.4
177.2
157.3
246.1
209.3
280.7
223.4
269.7
348.2
322.9
450.6
489.9
416.5
438.9
450.6
411.3
354.4
407
371.8
439.9
360.7
367.9
390.1
287.7
235.8
265.4
305.6
300.1
227.6
306.7
103.8
141.8
333.2
76.2
85.5
116.8
61
75.1
69.8
28.9
0
15.2
58.2
90
86.5
287.9
83
16
61.4
64.8
159.3
76
69.4
86.7
124.4
158.3
116
122.7
203.1
214.3
230.1
200
254.6
323.3
293.2
369.5
320
357.8
376.1
350.8
334.4
378.9
338.2
308.7
263.7
316.7
314.3
198.8
215.6
240.8
140.7
150.4
226.3
204
163.8
220.1
219.1
315.4
454.8
590.5
719.3
665.7
595.3
585.1
568.7
543.4
588.7
615
690.5
646.4
512
429.4
490.8
377.7
487.8
351
377.9
389.1
299.4
336.3
293.6
283.9
312.8
284.2
338.1
335.1
334.5
523.4
355.1
308.8
332.4
295.4
365.7
420.6
285.7
379.6
366.3
431.3
466.7
451.6
420.9
403.1
394
302
361
284.3
335.5
235.8
174.2
224.4
231.7