6974.9
5307.1
3522.5
1913.4
1385.2
1611.5
1868.9
2264.3
2810
3540.4
4462.3
5673.3
7065.5
8854.1
10939.7
13495.7
16644.1
19667
21292.6
19306.3
13625.7
7666.3
3260.6
2135.8
2217.6
2435.7
2866.9
3477.8
4219.7
5248.7
6643.1
8161.5
10252.8
12717.3
15707.3
19157.4
23694.8
28652.2
33123
34560.3
29146.7
19123.6
9601.1
2851.7
1541.5
1317.1
1161.7
1108.9
1199.1
1049.8
998.2
985
1124.5
1074
1224.5
1395
1564
1801.4
2167.1
2366.3
2707
2703.5
2429.5
1841.6
1392.2
1058.4
1097.7
1222.4
1452.2
1802.4
2280
2961.9
3669.7
4423.9
5370.3
6236.2
6745.7
6459.7
5078.8
3525.1
2092.9
1427.5
1652
1675.4
1957.8
2108.6
2159.5
2609.9
3131.9
4020.2
5373.8
6919.5
8167.8
9883.5
12105.7
14391.9
15889.6
15412.1
12147.2
8051.8
4253.4
2117
2028.4
2148.7
2303.7
2655.7
3010.7
3625
4264.3
5226.5
6219.1
7509.7
9188.5
11162.6
13453.2
16198.9
19301.2
23730.3
28272.7
30720.6
30072.9
24025.2
15722.5
8329.6
3105.4
2002.7
2005.9
1980.3
2227.4
2359.7
2726.6
3167
3742.9
4526.4
5268.8
6389.7
7623.9
9140.4
11049.2
13214.3
15644
18360.4
21880.8
26828.7
30183.1
31316.5
28252.2
20941
12995.5
6321.9
2776.1
2504.2
2554.5
2738.2
3049.4
3448.4
3973.4
4555.4
5250.3
5677.4
5540.5
4802.2
3673.8
2550.4
1796.1
1526.1
1586.1
1667.1
1827.1
2175.3
2377
2849.5
3462.9
4153.3
4877.8
5549.9
6312.4
7530.7
8723.2
9236.8
9017.5
7532.2
5332.7
3301.3
1752
1317.1
1297.1
1329.3
1355.9
1536.6
1597.2
1680.2
1866.7
2064.4
2459
3007.9
3735.9
4638
5664.9
6662.1
7743.7
9031.4
10880.2
12556.2
13655.1
13303
11185.4
7919
4726.8
2351.9
1617.2
1468.9
1529.5
1634.1
1629.3
1681.8
1912.6
1938.2
2076.5
2322
2599.8
2924.8
3355.1
3906.5
4524.7
5179.7
6130.7
7094.6
8276.2
9432.3
11172
13337.7
14812
15093.7
13578
10542.7
6850.4
3645.7
1540.7
1016.7
928.7
838
904.8
863.3
1058.9
1088.7
1153.3
1189.2
1305
1462.7
1615.1
1750
2039
2287.9
2642.9
3042.1
3413.5
3948.1
4591.5
5285.1
6021.2
7093.9
8522.6
9900.7
10477.3
10457.4
9488.1
7830.3
6126.8
4474.5
3517.3
3122.4
2401.3
1704
1347.7
873.2
901.5
857.9
830.6
826
894.6
998.6
1023.9
1145.6
1265.9
1420.1
1602.6
1897.6
2189.4
2443.4
2732.2
3122
3672.8
4198.8
4447.6
4155.1
3760.9
2804.7
1863.3
1010
587.8
460.9
464.9
511.6
512.1
545
570.9
640.6
630.4
918.1
723.3
724.8
805.6
921.8
1213.6
1226.6
1512.4
1812.9
2096.9
2493.5
2732.6
3159.9
3765.1
4603
5151.5
5612.8
5353.8
4737.3
3770.9
2574.3
1590.8
1114
1069.1
1069
1008.3
1011.1
977.8
817.2
812.6
709.1
746.3
782.1
799.9
802.4
937.6
956.6
1002.8
1113.7
1371.2
1378.6
1534.5
1781.3
1982.1
2255.7
2579.4
2914
3327.1
3793
4484.6
5084.9
5399.1
5183.9
4735.1
3858.9
2750.6
1689.5
924.5
590.1
572.8
605.5
644.2
618.6
653.6
699.9
751.1
736
760.9
827.5
837.2
871
877.8
918.2
992.5
1095.5
1312.6
1339.4
1541.3
1731.6
2025
2296.3
2642.7
2840
3028.3
3066
3000.5
2912.1
2824.3
2886.2
3023.2
3123.2
2979.6
2774.7
2356.3
1794.8
1288.3
816.3
690
624.3
647.8
720.4
739.6
770.6
866.9
926.2
1061
1222.9
1349.5
1413.4
1545.1
1750.7
2005.3
2352.9
2501
2520.9
2398.3
2170.4
1804.2
1309.6
833.2
574.2
506.9
492
470.1
466.8
513.1
503.4
580.2
477.8
529.3
546.8
578.8
576.8
667.1
602.2
569.1
607
674.8
654.8
719.1
773.9
898.2
967.2
1235.7
1294.8
1513.5
1613.1
1805.7
2016.1
2295.4
2730.7
2960.3
3101.2
3090
2986.1
2744.3
2376.2
2024.7
1700.5
1576.6
1524.9
1509.9
1292.3
1132.6
1010.5
782.8
618.8
512.5
524
491.9
588
782.5
887.4
987.8
994.6
1179.7
1027.6
946.5
857
733.6
819.6
866
931
973.2
1068.5
1069.9
1228.4
1304.3
1331.6
1533.6
1581.8
1703.5
1834.1
2031.5
2221.7
2314.6
2232.5
2121.7
1948.2
1647.7
1347.7
986
716.9
595.8
585.4
546.6
538.9
543.5
512.6
542
576.5
585.6
577.3
614.1
719.5
772.9
782.2
878.9
949.8
990
957
881
921
767.4
653
546.5
492.6
415.7
406.9
457.5
578.6
529.5
544.2
628
598.7
634.8
700.1
783.2
800.3
843.8
903.9
915.6
1004.7
1081.2
1079
1027
1022.2
1050.5
999.4
909.9
829.4
850.7
802.1
942.8
950.1
1035.4
1163.8
1260.6
1236.3
1217.3
1178.3
1129.7
1137.9
972.3
847.1
704.3
662.8
680.9
582.4
545.5
575.8
542.9
504.7
481.1
557.2
449
458.8
458.7
429.6
458.3
499.9
539.5
704.3
591.2
622.4
641.2
683.8
752.2
795.9
852.8
822.9
906.7
936.1
962.1
1049.6
1055.1
1074.3
1265.9
1255.5
1356.1
1395.2
1522.5
1609.2
1713.9
1799
1924.9
1988.1
2023.7
2007.2
1995
1988.7
1908
1851.1
1714.2
1588.9
1496.8
1367.1
1242.6
1095.8
941.1
879.4
805.4
788.7
709.8
688.3
696.3
618.9
606.5
491
479.1
474.5
488.7
565.6
647.8
680.7
582.9
507.7
556.9
495.7
482.3
485.6
483.4
475.4
446.6
507.2
517.8
472.3
490
501.1
532.2
486.3
494.8
589.2
514.7
473.1
464.7
548
513.9
574.1
729.4
726
656.8
670.1
710.1
659.1
619.6
663.4
559.2
594.3
696.2
732.1
840.5
904.3
1094.1
1140.6
1216.4
1398.3
1528.3
1631.5
1639.6
1734.6
1857
1904.9
1910.5
2002.5
1981.9
2013.1
2043.3
1989.7
2019.7
2097.9
2053.4
2074.5
2025.6
2029.7
2113
2151.7
2141.1
2187.8
2219.1
2208.5
2200.9
2197.5
2154.1
2039.5
2052.3
2005.5
1995.2
1962.2
2073.4
2012.8
2056.8
2084.4
2109.5
2116.4
2163.1
2209.5
2139.1
2106.7
2158.8
2087.8
2034
2041.8
2102.7
1973
2038.4
2012
1992.6
1982.2
1953.7
1912.9
1904.1
1877.6
1823.2
1691.4
1614.7
1523.2
1484.3
1501.6
1450.1
1493.8
1457.7
1506.9
1546.7
1660.4
1674.7
1693.6
1700.4
1710.9
1626
1606.8
1540.7
1483.3
1430.5
1373.5
1321.3
1264.1
1264.7
1174.4
1171.3
1231.9
1268.3
1273.9
1297.9
1334.8
1297.1
1266.1
1230.6
1271.3
1242.2
1203.6
1261
1198.6
1213.4
1193.7
1169.7
1128.6
1168
1172.4
1283.8
1344.3
1376.6
1351.6
1351.7
1379
1411.2
1335.5
1264.2
1176.4
1212
923.6
851.3
805.4
685.9
663.6
662.6
633.3
684.9
696.6
717.3
640.7
744.8
739.3
731.2
740.2
739
791.6
864.2
868.6
880
882.2
989.7
975.8
1024.7
1052
1086.7
1119.1
1160.8
1199
1231.5
1293.8
1268
1320
1288.8
1373
1449.7
1516.2
1663.5
1743.2
1871.6
2030
2249
2464.6
2863.9
3257.6
3699.9
4286.3
4801.1
5377.2
5592.6
5769.5
5894.2
5971.4
6083.8
6202.5
6285.6
6422.2
6589.1
6372
6062.9
5695.1
5433.4
5353.3
5233
5396.6
5843.5
6508.2
7150.9
7723.2
8284.7
8482.3
8627.1
8823
8683.6
8940.4
8979.3
8972.7
9263.8
9326.6
8688.2
8009.8
7280.1
6794.8
6536.8
6320.2
6461.1
7039.2
7668.6
8130.2
8994.7
9395.3
9584.5
9665.4
9710.7
9752.7
9908.7
9987.9
10126.3
10384.7
10376
9822.9
8951.1
8033.2
7366.1
6817.4
6524.2
6750.7
7197.9
7794.6
8416.4
9170.3
9755.5
10144.1
10290.1
10226.5
10166.8
10144.4
10435.1
10598.8
10680.8
10804.4
10552.9
10106.8
8900.4
7757
7033.2
6438.1
6233.2
6383.6
6718.7
7167.6
7715.5
8408
9163.1
9404.9
9638.4
9326.6
9095.9
9088.7
9181.6
9536.4
9582.6
9712.1
9561.9
9249.2
8425.6
7282.5
6359.8
5811.3
5517.4
5667
5933.8
6362.4
6901.3
7421.9
8206.5
8878.4
9143.4
9188.5
8863.6
8641.7
8580.8
8770.5
9182.3
9404.5
9402.5
9407.4
9089.7
8468.6
7273.2
6280.3
5638.1
5358.4
5478.7
5648.6
5893.5
6373.5
6804.1
7316.5
8055.3
8383
8478.2
8159.3
7707.9
7527.9
7493.2
7882.7
8065.2
8057.1
7938.6
8010.7
7447.6
6506
5306.5
4460.4
3752.4
3483.7
3527.7
3426.4
3353.5
3379.8
3506.4
3961.5
4037.5
4304.8
4345.5
4256.1
4011.1
3907.6
3952.9
4191.3
4419.1
4610.9
4410.5
4336.6
4144
3864
3143.4
2599.4
2240.1
2154.4
2242.4
2356.5
2388.8
2379.8
2518.9
2719.4
2930.8
3077
3185.1
3081.9
2870.2
2711.4
2638.9
2832.6
2788.6
2841.9
2777.1
2728.3
2655.6
2628.8
2337.1
1989.2
1763
1627
1604.4
1661
1701
1759.2
1909.6
2063.7
2313.5
2617.5
2869.4
3217.5
3441.6
3681.6
3762.4
3628.8
3502.3
3395.5
3522.7
3544.9
3730
3749.6
3597.6
3405.1
3436
3375
3045.8
2509
2296.2
2290.7
2368.9
2360.7
2375.1
2462.4
2691.1
3031
3389.3
3817.2
4274.9
4835.3
5369.9
5838.8
6092.9
6277.5
6090.1
5761.7
5623.6
5769.2
5940.7
6150.2
6317.6
6084.3
5738.5
5613.7
5679
5350.5
4409.2
3581.1
3372.1
3486.1
3599.1
3446.4
3490.1
3480.7
3849.2
4286.8
4838.5
5471.8
6235.5
6948.9
7702.2
8326.2
8867.2
9019.2
8588.1
8194.3
7958.3
8243.8
8598.9
8783.5
9105.6
8784.3
8392.2
7933.1
8212.2
7864.6
6668.2
5180.5
4699.8
4979.2
5019.7
4902
4738.2
4730.9
4935.7
5558.2
6062.5
6790.1
7529.9
8467.7
9567.6
10597.2
11250
11977.6
11945.1
11522.1
10841.7
10500
11034.3
11493.3
11833
12318
11912
11287.8
10580.6
11035.6
10604.1
9173.4
7005.2
6199.8
6277.5
6496.8
6452.9
6271.7
6248.3
6401
7011.7
7647.5
8546.5
9521.7
10615.2
11921.8
13296.6
14468.3
15322.9
15897.2
15823
15288.2
14405.3
14123.4
15003.2
15308.1
15938.7
16402.4
15911.7
15102.4
14435.1
14672.7
14238.6
12366.2
9695.7
8549
8711.5
9715.5
13196.9
17877.3
20239.9
19046.8
14181.3
11785.1
11635.9
12659.4
13814.4
15392.6
16876.7
18493.4
19822
20872.5
21268.1
21068.8
20204
19301.7
19200.2
20013.6
20622.3
21365.8
21713.7
21286.2
20186.2
19324.1
19292.6
18466.8
15954.9
12569.9
10596.3
10022.3
10002.9
9958.2
9469
9129.2
8859.9
8909.4
9499.3
10262.6
11300.2
12396.8
13616.8
14935
16422.7
17659.7
18897.2
19469.4
19704.8
19469
18601.6
17970.7
18026.5
18239
18751.8
19213.3
19396.5
18929.1
18219.3
17614.8
17214.5
16252.9
14032
11327.3
9337
8419
8033.1
7897.3
7441
7149.1
6721.9
6591.2
6701
6984.9
7428.1
8079.4
8811.7
9647.6
10567.3
11403.3
12252.8
12808.7
13386.8
13428.4
13259.4
12719.8
12481.5
12293.4
12455
12724.7
12915.4
13084.6
12801.6
12376.2
11856.9
11378.4
10765.3
9334.2
7834.6
6498.5
5538.5
4996.6
4619
4283.8
4014.5
3677.2
3432.5
3238.8
3179.1
3374.2
3447.6
3687.6
4097.4
4260.2
4563.1
4827.8
5180.5
5373.2
5579.5
5608.7
5489.6
5340.6
5249.1
5228.2
5084.9
5345.7
5287.3
5328.8
5193.5
5106.1
4884.1
4695.1
4353.4
3803.7
3337.8
2789.4
2304.3
1969.2
1744.3
1516.9
1381.1
1191.4
996.6
923.3
753.2
617.4
638.9
530.8
555.3
519.3
566.8
528.2
495.5
490.6
466.5
438.6
473.7
456.2
478
491.4
431.3
462
468.9
548.3
468.5
476.4
498.4
538.2
584.6
512.6
694.5
586.2
557.4
533.1
603.4
549.2
630.9
588.7
618.5
583.9
624.4
727.9
709.9
817.6
852.1
922.2
932.7
872.1
857.7
771.1
858.2
867.4
1017.1
924.6
975.4
990.6
1046
1150.2
1131.6
1153.9
1246.3
1308.2
1400.5
1643.4
1697.6
1820.4
1974.8
2181.1
2383.7
2559.4
2783.5
2980.6
3214.9
3867.3
5667
6239.8
5422.2
3227.9
1562.4
1395.6
1514.8
1435.7
1524.1
1626.8
1766.8
1930.3
2165.4
2374.9
2645.2
3016.9
3309.9
3770.2
4252
4824.7
5381.7
6146.6
6819.4
7634.7
8515.9
9489.5
10529.2
11769
13027.5
14172.9
15378.3
16799.2
19814.5
25127.8
30692
31500.1
25685.3
15600.1
8288.6
4880.6
3965.5
3546
3310.1
2986.2
2834.3
2796
2646.7
2723.5
2629.3
2735.3
2600.6
2671.3
2774.7
2903.3
3024.4
3256.5
3502.8
3757.2
4005.5
4359.3
4643.3
5081.3
5473.8
5945
6320.3
6766.3
7196.3
7503.3
7882.7
7968.4
8275.1
8487.6
8550.3
8637.2
8665
8882.1
8944.1
8933.4
8800.3
8853.8
8836.8
8808.3
8562.5
8385.8
8110.1
7842.7
7628.8
7250.7
6973.5
6664.6
6348.8
6084.9
5816.8
5564.3
5341.1
5330.9
5224.2
5315
5597.5
5640.4
5989.2
6210.7
6750.8
7146.2
7764.7
8396.4
9088.2
9770.8
10511.8
11490.4
12357
13220
13997.7
14675.8
15188
15524.7
15766
15955.7
16075.7
15998.5
15975.8
15987.8
16070.8
16104.2
15931.8
15825
15860
15903.4
15552
15236.3
14762
14543
14262.6
13751.6
13282.3
12922
12425
12127.4
11758
11571.9
11420.4
11583.7
11652.7
11720.9
11743.7
11806.2
11921.2
11804.2
11644
11582.4
11678.2
11632.5
11816.8
11950.8
12343.5
12971
13467.1
14371.2
15361.6
16277.7
17406
18152.1
19096.2
19971.7
20556.6
21464.1
21921.6
22560.1
23190.1
23822.7
24302.6
24818.8
25226.6
25682.9
26009.2
26641.8
27042.6
27798.8
28057.5
28260.1
28387.6
28225.8
27779
26625.9
25305.1
23742.5
22111.5
20383.9
18953.7
17259.5
15833.2
14257.5
12890.7
11559.5
10554.3
9781.3
9468
9454
9616.5
9800.6
10106.1
10579.9
11260
12044.5
12728.1
13681.5
14848.1
15908.1
17025.6
18214.8
19586.8
20714
21920.3
23239.2
24399
25515.5
26647.8
28108
29466.1
30702.5
32035.6
33094.4
33474.9
33523.8
33451
32932.4
32076
31011.9
29752.4
28370.4
27014.9
25647.1
24036.1
22397.6
20565.9
18760
17032.4
15415
13926.2
12904.6
11864.4
10980.1
10183.8
9574.7
9083.8
8636.8
8162.4
7938.5
7736.4
7729.7
7797.4
7940
8094.8
8287.7
8553.1
9030.5
9624.2
10113.3
10697.6
11466.5
12223.2
12928
13568.6
14316.7
14808.8
15491.5
15866.9
16309.6
16578.5
17000.9
17351
17433.9
17614.9
17867.6
18044.1
18057.3
18124.1
17897.1
17786.7
17448
17277.5
17014.1
16420.7
15997.8
15579.9
15239.9
14906
14740.7
14750.8
14738.8
14857.4
14787.2
14632.6
14332
14514.4
13679.4
12956.6
12203.6
11485.3
10861
10194.2
9535.9
9014.8
8435.2
7807.1
7076.7
6460.2
6006.4
5436
4831.6
4244.7
3627.8
3212.3
2906.6
2672.8
2490.8
2447
2325
2415.8
2344.4
2369.3
2451.8
2533.6
2567.4
2741.6
2765.6
2903.2
3088.1
3122.8
3294.9
3462.9
3631.2
3814.5
4061.2
4282.5
4340.9
4359.6
4409.9
4535.4
4536.6
4525
4431.6
4418.3
4201.2
3988
3871.5
3740.6
3508.6
3578.6
3186.3
2992
2719.9
2568
2350.8
2198.2
1997.1
1769.9
1658.8
1511.8
1480.6
1453.5
1446.6
1326.7
1365.4
1377.5
1520
1536.8
1601.4
1683
1769.4
1910.9
2042.3
2148.8
2379.3
2588.3
2657.4
2906.3
3160.5
3442.3
3800
4011.3
4306.3
4434.3
4638.4
4898.9
4819.3
4872.5
4877.9
4870.8
4887.5
4811.2
4771.4
4571.1
4412.7
4267.6
4052.4
3880.4
3715.4
3431.6
3056.2
2851.3
2706.9
2441
2101.2
1939.9
1677.5
1571.4
1423.2
1352.5
1275.4
1263.7
1228.8
1171.9
1214.8
1147.2
1129.1
1144
1101.3
1160.9
1173.4
1259.2
1270
1312.5
1389.5
1419.6
1534.7
1576.6
1683.7
1815.6
2000.1
2253.8
2345
2553.7
2727.5
2879.1
3109.1
3136
3063.4
3073.4
3080.9
3102
3084.8
3338.9
2981.7
2991.3
2876.3
2797.4
2664.6
2584.7
2482.5
2180.1
1900.7
1796.7
1748.2
1520.6
1348.3
1130.3
1041
877.7
728.7
695.9
716.9
706.4
680.4
673.2
698.5
700.5
538.2
615.7
595.7
535
650.3
551.3
506.2
518.6
485.5
530.9
477
461.1
391
333.8
358.8
366.7
335.6
272.1
350.9
222.1
248.9
219.9
224.4
126.6
215
106.8
169.4
168.2
178.4
152.9
230
207.3
265.2
193
227.7
313.4
288.5
400.5
452.2
416.9
470
481.3
442
402.8
477.7
438.1
506.9
437
403.4
429
371
370.9
354.6
353.9
379.3
288.6
378.2
257.6
248.1
391.4
158.2
147.6
161.7
61.7
81.9
75.8
52.8
19.1
17.3
61.5
75.9
79.7
232.8
84.9
0
23.7
40.6
118.6
50.3
49.1
70.1
79.4
114.2
90.1
78.9
157.1
173.5
201.9
171.9
214
263.7
250.5
275.4
286.4
374.5
375.8
386.5
360.3
376.5
399.2
402.8
367.9
385.3
354.9
256.9
250.2
267.7
226.1
201.4
263.6
215.6
150.5
174.6
137.2
148
215.7
321.4
487.2
561.7
635
666.7
687.5
626.5
646.2
602.7
723.7
698.4
615.5
604.6
643.4
486.6
564.3
449.1
446.1
408
325.6
349.9
304.3
310
318.4
270.8
311.2
319.5
286
469.1
306.5
251.2
289.4
257.2
333.4
344.7
270.6
335.5
329.9
366.7
424.5
390.7
343.9
413.4
394.7
335.2
378.7
308.7
349.6
280.3
258
256.3
254
205.6
229.9
NaN