6761.1
4951.5
3172.3
1711.3
1405.5
1647.7
1936
2353.6
2902.2
3680.9
4636.7
5921.5
7371.1
9231.7
11362.5
14093.8
17258.8
20069
21093.4
18186.6
12196.5
6524.2
2672.1
2095.2
2218.9
2484.5
2881.7
3561.7
4307
5376.8
6863.6
8407
10547
13118.4
16188.3
19645.1
24536.9
29257.6
33393.6
33522.4
26643.5
16633.7
7592
2163.5
1442.4
1273.2
1110.6
1108.1
1189
1033.1
970.2
970.4
1135
1127.7
1267.7
1453.9
1624.2
1881.4
2283.2
2500.4
2776.2
2695.8
2339.4
1748.2
1295.3
1019.9
1119.2
1272.3
1502.4
1917.6
2438.9
3123.8
3821.6
4671.5
5708.8
6485
6881.2
6305.8
4772.6
3193.6
1833.6
1421.5
1602.9
1664.1
1969.5
2092.5
2242.6
2714.6
3341.7
4281.9
5688
7262.7
8604.7
10377.3
12836.5
14977.5
16009.7
14877.3
11288.6
7168.5
3558.9
1995.7
2014.7
2137.8
2321.6
2667.4
3046.1
3683.7
4408.8
5368.4
6370.9
7785
9571.5
11585.3
13956.9
16774.4
19977.9
24872.1
28885.3
30743.1
28901
22072.9
13991.3
6857
2628.9
1940.2
2012.6
1978.6
2223.8
2380
2751.9
3185.4
3794.5
4585.5
5355.6
6511.7
7752.4
9272.4
11245.5
13572.7
15997.4
18706.5
22777.8
27415.7
30181.1
30469.1
26433.7
18895.2
11254.9
5059
2616.3
2472.3
2586.8
2793.1
3151.2
3589.7
4157.9
4846.5
5527.6
5788.9
5570.7
4679.8
3480.7
2348.9
1681.8
1517.8
1547.3
1705
1859.9
2174
2455.3
2954
3625.6
4309.5
4995.3
5777.9
6651.4
7970.4
8990.5
9328.4
8883.4
7149.7
4896.7
2901.7
1531.3
1276.1
1259.1
1313
1388.3
1544.3
1584.8
1718
1908
2120
2543.1
3155.1
3889.6
4859.4
5847.8
6869
8009.1
9471.5
11485.1
12979.7
13681.2
12944
10523.5
7218.7
4070.9
1976.8
1513.1
1424.5
1498.3
1556.6
1569.4
1654.7
1891.8
1917
2068.1
2295
2606
2918.1
3412.6
4013.6
4561
5368.9
6295.8
7225.2
8483.5
9699.8
11611.6
13757.2
14848.5
14715.5
12921.2
9653.2
6068.2
2996.3
1311.3
957.9
884.7
832.5
885.3
861.9
1043.9
1104.5
1147.8
1191
1269.3
1422.3
1651.9
1757.7
2046.7
2311
2672.8
3059.2
3443.3
4010.6
4653.6
5376.4
6192.4
7284.4
8754.9
9931.5
10386.9
10167.7
9088.1
7400.9
5699.4
4203.4
3425.5
3035.2
2244.2
1597.9
1231.3
844.6
893
874.2
822
841.5
890.9
947
1019.7
1159.7
1268.6
1443.8
1682.8
1983.3
2235.3
2495.1
2835.2
3288.4
3834.7
4287.1
4491.3
4174.9
3598.8
2635.9
1658.8
858.8
511.7
453.6
447
489.3
512.5
546.5
552.5
612.4
608.4
875.2
681
748.6
810.4
931.4
1217.7
1275.4
1560.4
1882.3
2146.6
2537.1
2814.8
3298.9
3909.5
4798.7
5256.1
5594.5
5208
4527.2
3455.7
2294
1390.2
1014.8
1004.3
975.5
924.9
942.5
892.8
755.1
738.7
659.1
677.1
715.6
767.6
778
907.3
939.4
1000.3
1089.7
1387.6
1364.2
1547.3
1774.3
1999.3
2306.2
2620.2
2958.6
3433
3916.3
4677.4
5208.5
5359.3
5075.2
4493.1
3635.8
2467.2
1426.6
792
566.9
562.8
576.3
627.7
588.6
622.7
681.8
692
697.4
711.2
795
777.5
857
848.5
910
978.7
1107.1
1293.3
1377
1544.1
1781.4
2088.5
2417.6
2713.5
2937.6
3060.9
3065.7
2975.3
2904
2763.3
2902.6
3035.5
3014.1
2827.2
2628.5
2163.2
1616
1153.4
725.9
621.2
595.2
598.7
694.4
730
776
857.8
917.8
1080
1213.5
1352.6
1461.6
1556.3
1803.6
2077.2
2422.3
2500.9
2495.3
2323.8
2063.7
1687
1170.4
737.5
522.3
475.3
480.9
433.7
413.2
443.9
435.1
546.7
460.6
475.5
536.1
556.5
548.1
646.5
566.7
524.2
578.4
665.2
612.7
664.6
746.3
892.5
968.4
1237.8
1324.3
1505.9
1625.2
1802.9
2040.1
2379.8
2738.6
2991.5
3009.9
2968.8
2852.5
2606.3
2139.9
1897
1546.6
1420
1368.8
1332.3
1160.2
1023.5
872.9
666.8
558.1
485.8
525.9
476.3
630.3
799.1
923
986.9
1056.4
1167.7
1012.1
912.5
762.4
720.8
790.4
832.8
916.9
970.4
1049.3
1064.8
1205.3
1299.7
1347.9
1471.8
1575.2
1672.1
1818.4
2046.7
2189.2
2260.9
2130.2
2059.8
1864.9
1527.8
1231.6
922.8
639.6
547.1
566.4
506.1
506.4
516.4
470.4
517.3
527
577
535.2
629.7
710.9
737.8
796.6
876
965.2
965.3
930.5
892.5
879.3
727.6
599.1
486.2
476.5
404.6
392
427.3
550
491.4
491.7
579.3
598.4
619.6
671.2
746.1
760.2
788.6
912.9
915
989
1076.2
1044.7
994.2
987.5
996
943.4
874
761.1
832.1
829.3
930.1
940.5
1036.8
1156.9
1238.4
1236.2
1197.2
1133.1
1098.5
1065.9
871.5
746.9
655.6
603.4
623.3
544.2
491.8
511.1
485.4
481
438.6
537.8
430.9
430.5
429.4
434.3
459.8
501.1
493.6
698.6
591.8
603.4
621.1
678.5
725.8
788.6
816.1
797.5
877.7
921.3
938.1
1024.7
1040.4
1075.1
1288.4
1244.2
1354.1
1371.5
1523.8
1600.8
1681.4
1807.3
1925.8
1982.5
1924
1966.6
1941.5
1927.2
1804.7
1754.4
1618.6
1519.9
1417.1
1310.3
1148.4
1047.3
919.4
857.9
798.5
760.4
702.1
648.2
686.8
641.8
551.7
483.8
473.2
469.9
508.7
554.9
608.4
668.2
538.1
510.7
524.6
460.6
446.8
502.1
440.6
448.2
408.9
469.3
473.7
444.2
496.7
483.8
500.8
434.3
440.5
555.3
497
446.2
451
515.2
497.9
547.6
703.1
746.4
640.2
638.6
693.1
619.5
585.7
618.2
541.4
619
684.3
711
854.5
929.9
1089.6
1137.2
1238.4
1419
1519.6
1602.7
1676.4
1756.7
1835.8
1889.8
1919.1
1975.8
2003.8
2015.8
2036.2
2005
2060.8
2126
2078.4
2047.9
2064.4
2035.1
2145.7
2117.2
2183.2
2204.7
2234.5
2236.6
2232.1
2180.6
2158.6
2046.7
2055.9
2033.1
2023.5
1969.6
2099.9
2009.9
2063.5
2081.9
2082.3
2124
2146.5
2190.4
2123.9
2076.7
2193.2
2117.7
2095.2
2035.3
2081.3
2042.8
2061.5
2037.5
1986.4
1983.4
1966.1
1922
1923.1
1877.7
1835.6
1666.1
1591.9
1504.4
1479.9
1501.6
1425.8
1514.1
1477.9
1523.1
1604
1644.2
1679.3
1710.1
1697.9
1698.9
1621.7
1593.2
1527.1
1474.7
1402
1365.7
1271.7
1232.5
1241.1
1162.1
1176.1
1215.6
1255.7
1277.3
1254.4
1313.8
1277
1253.2
1237.3
1217.6
1213.8
1165.5
1223.3
1151
1185.7
1160.7
1127.5
1098.3
1099.1
1175.4
1230.3
1288.7
1318.7
1314
1308.3
1318.3
1338.1
1272.8
1180.6
1080.3
1135.8
808.1
755.7
774.5
655.2
642.5
630.9
618.3
627
654.1
693.1
614
741.3
731.1
694.2
700.2
704.7
777.9
804.8
840.6
839.6
842.3
956.1
923.2
1008.5
998.6
1044
1048.9
1089.3
1114.4
1176
1232.9
1216.1
1252.1
1263.3
1313.1
1428.7
1486.8
1640.9
1733
1889.5
2071.4
2278
2552.2
2979.6
3380.3
3889.1
4467.4
5043.7
5525.5
5742.2
5909.1
5998.6
6088.9
6221.6
6286.2
6423.1
6611.5
6705.3
6362.4
6068.7
5722.8
5465
5414
5331.9
5586.2
6070.3
6710.6
7376.2
7977.7
8503.9
8688.1
8741.3
8948.3
8920.4
9065.2
9099.8
9130.5
9402.3
9316
8591.2
7896.4
7263.7
6876.6
6483.9
6456.8
6701
7268.3
7856.2
8444.2
9179.1
9574.7
9748.8
9763.4
9773.5
9858.5
10148.4
10171.2
10293
10534
10356.2
9689.7
8778.6
7924.6
7251
6813.9
6596.6
6891
7383.3
8011.9
8628.3
9359.7
9906.7
10343.2
10367.9
10226.2
10249.7
10309.2
10624.3
10673.2
10811.2
10905.5
10468.9
9942.6
8589.3
7649.3
6973
6378
6214.7
6456.9
6828.7
7300.6
7920.8
8645.1
9288.7
9523
9622.5
9245.8
9092.8
9119
9324.4
9612
9654.3
9844.9
9426.6
9067.5
8140.1
7103.5
6220.7
5676.4
5486.3
5704
6018.2
6481
7059.6
7609.7
8391.2
8857.9
9167.7
9123.4
8754.1
8699.8
8561.7
8939.5
9178.6
9420.8
9460.1
9328.9
8975.3
8098.2
7003.3
6074.8
5455.9
5316
5464.3
5692.2
5951.7
6459.8
6894.3
7425.2
8094.5
8325.9
8390.5
7972.8
7650.4
7525.5
7491.9
7921
8034.3
7985.6
7934.4
7882.2
7188.1
6064
5051
4205.4
3567.6
3438.8
3466.6
3346.8
3290
3379.4
3553
3964.9
4125.8
4340
4337.4
4157.5
3936
3888.9
3965.1
4292.6
4389.3
4576
4348
4254.9
4114.1
3663.4
2942.3
2525.3
2195.3
2218.3
2260.7
2350.1
2377.1
2396.8
2588.7
2733.3
3001.6
3102.8
3178.3
3067.4
2854.1
2738.9
2659.5
2866.2
2870.7
2841.3
2763.6
2722.1
2625.3
2528.5
2223.8
1868.7
1717.3
1601.1
1609.3
1633.6
1713.1
1768.9
1926.7
2162.2
2405.3
2799.5
2992.2
3340.9
3539
3752.8
3794.5
3667.3
3568.1
3468.1
3574.7
3653.4
3802.6
3794.7
3583.7
3445
3461.9
3412.2
2923.7
2472.5
2258
2362.6
2385.7
2375.9
2393.9
2519.1
2776
3113.1
3504.3
3982.4
4490.2
5076.5
5572.3
5976.2
6208.2
6322.9
6010.6
5677.3
5768.3
5913.8
6038
6279.7
6376.9
6079
5702.9
5712.4
5667
5165.7
4180.6
3508.5
3387.3
3531.3
3596
3452.5
3524.2
3567.9
3996.4
4432.7
5045.7
5702.6
6468.3
7277.1
7950.4
8542.9
9019.2
9016.9
8603.3
8146.6
8083.9
8480.5
8751.5
8940
9161.3
8812.4
8289.2
8017.1
8287.8
7673.2
6340
4923
4786.9
5049.5
5081.5
4857.5
4756.3
4752.1
5105.6
5654.8
6229.7
7009.1
7786.5
8813.9
9879
10848.4
11475.3
12113.6
11928.7
11388.3
10688.7
10640.7
11275.8
11686.3
12045.6
12341.8
11880.4
11176.3
10665.3
11109.7
10413.6
8571
6550.3
6272
6395.6
6511.1
6422.4
6250
6230.7
6480.5
7195.2
7847.9
8835.6
9783.9
10958.2
12283.3
13679.8
14727.9
15630.8
16022.6
15773
15085.4
14241.4
14325.2
15142.9
15458.1
16062.1
16465.9
15813.7
14890.3
14477.5
14790.4
13956.7
11671.9
9097
8559.2
8946.2
10448.6
15037.4
19749.6
21386.2
18668.7
13257.4
11571.9
11821.5
12954.5
14246.4
15840.4
17400.4
18893.9
20110.1
21129.3
21272.7
20998
19897.3
19186.5
19417.1
20245.4
20740.6
21633.5
21690.9
21000.3
19884.5
19360.6
19356.7
18065.2
14999.5
11780.8
10266.8
10021.2
10018.8
9865.2
9400
9008.8
8816.5
9013.8
9649.3
10483.5
11545
12714.6
14038
15340.1
16847.8
18014.8
19187.5
19743
19803.3
19309.2
18394.4
17890.2
18153.7
18426.2
19036.3
19366.9
19391.9
18888.3
18097.4
17481.3
17074
15819.5
13248.3
10625.6
8963.4
8255.2
7936.5
7811.1
7294.7
7001.3
6636.4
6560.6
6740.1
7081.8
7608.6
8261.3
9016
9923.7
10853.2
11669.9
12449.2
13018.3
13464.6
13433.8
13192.3
12566.1
12343.8
12354.2
12569.6
12797.2
13035
12988.1
12711.2
12255
11780.1
11306.3
10435.3
8917.7
7403.3
6180.6
5338.2
4836.4
4531.4
4162.4
3868.2
3589.7
3333.7
3200.8
3175.7
3365.2
3526.2
3699.5
4116.7
4307.6
4653.3
4921.7
5181.1
5375.4
5560.8
5553.5
5366.7
5309.4
5201
5149.6
5095.9
5317.3
5311.5
5331.4
5125.4
4987.7
4832.3
4571
4234.1
3666.3
3218.2
2668.9
2196.7
1862.7
1613.6
1486
1328.2
1152.5
952.8
894.7
699.4
629.8
629.6
525.2
533.8
493.6
548.8
522.3
475.2
471.7
437.1
449.7
439.9
446.3
473.1
522.4
428.8
464.4
442.6
555.2
466.7
452.4
485.6
524.3
553
498.3
669.7
578.9
522.1
533.4
576.1
530.6
636.9
583.4
605.7
592.5
635.3
731
718.8
844.6
863.3
910.7
899.6
849.3
798.9
784.3
847.1
902.4
1007.9
942.8
947.3
987.2
1051.3
1128.4
1147.4
1167.2
1215.8
1356.7
1413.6
1656.8
1735.6
1828
1980.2
2260.6
2473.5
2644.3
2822.9
3075.6
3316.7
4288
6072.3
6118.2
4954.6
2519.2
1414.6
1375.4
1507.7
1454.6
1493.9
1630.4
1779.9
1985.5
2233.2
2402.1
2696.5
3089.9
3413.2
3892
4299.4
4948.2
5552.5
6265.8
6957.6
7855.8
8723.9
9653.4
10838.3
12046.5
13282.4
14489.9
15623.8
17273.6
20875.8
26791.5
31443.9
30602.7
22890.3
12712.8
6826.6
4456.2
3743.6
3454.3
3192
2901.1
2795.3
2748.2
2623.4
2686.1
2601.6
2706.9
2589.1
2692.1
2792.2
2935.1
3054.4
3324.4
3496.2
3777.6
4080.9
4430.4
4736.2
5154.2
5561.9
6043.6
6473.5
6911.2
7329.7
7544.3
8009.4
8054.5
8284.9
8498.4
8562.9
8597
8737.4
8847.1
8937.4
8824.7
8811.2
8868.9
8893.4
8743.7
8538.9
8278.4
8031
7783.3
7546.6
7162.6
6920.4
6572.3
6241.3
6011.7
5653.7
5473.5
5286.3
5297.8
5186.1
5262.3
5596.7
5718
6005
6338
6880.8
7323.2
7881.5
8566.9
9231.6
9990.3
10740.5
11728.7
12665.6
13473
14230.6
14948.2
15325.7
15625.3
15886.1
16070.4
16077.7
16012.5
16012.4
16057
16102.6
16103
15945.1
15835.7
15812.4
15790.8
15541.9
15048.3
14658.3
14478.2
14179.4
13661.8
13154
12749.9
12315.6
12069.2
11668.4
11485.8
11493.3
11697.1
11687.5
11746
11748.4
11913.9
11955.2
11750.6
11567.5
11604.6
11639.5
11618
11829.4
11975.2
12361.6
13061.8
13724.3
14619.6
15566.9
16595.5
17611.8
18377.1
19222.2
20073.2
20736.2
21619.2
22124.6
22731.5
23335.5
23970.1
24430.7
24887.1
25321
25797.2
26161.5
26783
27188.3
27808.5
28161.6
28310.5
28322
28060.5
27446.9
26284.3
24900
23193.3
21557
19931.3
18489.1
16775.6
15252.6
13713.2
12370.3
11155.5
10276.2
9520.4
9325.7
9324.7
9548
9807.9
10154.5
10654.3
11303
12229.6
12869.3
13840
15011
16106.7
17242.6
18479.4
19825.7
20921.5
22110.2
23439.4
24488.4
25614
26893.7
28317.8
29696.9
30853.8
32144.3
33070.7
33204.1
33231.8
33135.8
32492.2
31569.9
30385.7
29137.5
27839.7
26359.9
24957.5
23322.3
21843
19916.7
18010.4
16334.6
14844.3
13459.6
12389.7
11409.2
10636.2
9917
9279.5
8878.2
8409.8
7996.8
7743
7634.4
7605.6
7676.6
7905.7
8005.7
8254.1
8654.1
9086
9764.9
10203.8
10819.7
11561.1
12415.3
12971.6
13676.4
14353.3
14942
15543.2
15910.3
16387.3
16595.6
16922.3
17348.1
17437.3
17620.3
17803.2
17976.4
17890.4
18020.1
17784.2
17662.9
17269
17153.2
16769.3
16293.6
15837.4
15299
14995.5
14729.5
14701.7
14645.7
14670
14760.7
14542.3
14481.7
14205.2
14237.7
13369.2
12603.6
11836.4
11166.8
10529.5
9878
9247.6
8686.1
8166.9
7552.1
6814.5
6219.8
5733.2
5171.8
4624.8
3919.3
3408.8
3112.5
2824.3
2599.4
2390.4
2399.5
2302.8
2359.1
2346.8
2377.7
2440.2
2530.7
2623.7
2749.9
2793.6
2972
3127.7
3145.2
3343.6
3518.4
3662.9
3897.2
4212.1
4332.4
4393.3
4352.7
4462
4540.5
4555.1
4549.2
4464.6
4384.6
4141.4
3975.2
3806.7
3681.8
3453.6
3511.8
3089.1
2922.9
2682.7
2482.4
2282.4
2121.9
1885.8
1705.6
1604.2
1459.3
1420.1
1409.7
1402.3
1354.7
1324
1402.8
1494.1
1578.3
1587.6
1647.7
1803.5
1903.8
2029.4
2218
2381.6
2597.6
2718.4
2950.7
3186.7
3511.5
3888.6
4078.6
4315.6
4470.8
4712.1
4903.7
4817.4
4856.2
4877.3
4884.4
4817.3
4746.1
4692.1
4558.7
4337.8
4159.8
4030.1
3811.3
3625.9
3307.6
2990
2785.2
2615.4
2334.2
1991.8
1853.1
1623.2
1519
1397.9
1306
1276.7
1218.1
1223.8
1157.3
1205.6
1162.3
1107.6
1123.2
1144.1
1160
1137.6
1223.8
1274.8
1273.8
1404.9
1423.9
1517.3
1620.8
1691.5
1830.9
2008.3
2246.3
2348.2
2609.3
2728.9
2881.7
3137.4
3136.6
3023.4
3035.1
3009.1
3038.1
3084.5
3312.8
2928.1
2906.1
2767.4
2734.6
2599.8
2518
2369.7
2072.5
1811
1728.1
1656.4
1401.9
1269.7
1058.2
977.6
832
708
687.6
707.4
685.6
697.5
660
714.7
710.1
541.1
687.6
604.8
536.5
650
554.2
488.9
510.1
506.8
492.8
485.1
465.5
392.4
329.4
331.1
345.1
341.1
267.7
318.8
201.1
204.6
209.7
187.2
117.8
198.6
112.7
140.7
180.3
179.5
167.4
217.7
209.6
243.1
215.8
232.7
297.4
302.7
413
435
435.7
443.2
500.1
439.4
421.8
485
448.5
503
440.2
442.4
457.8
375.5
374.8
375.3
362.4
358.6
279.4
375.6
212.8
215.2
379
122.7
125.5
174.5
79.6
86.4
47.1
65.8
9
14.9
65.7
42.2
81.3
235.8
74.9
0
28.4
52.3
105.8
59.3
55.1
65.3
61.1
132.4
92.6
90
155.6
191.4
200.9
164.3
188.7
279.5
271
297.3
311.1
358.8
390
369.4
345.1
378.5
380.1
385.4
353.7
397.2
320.1
246.4
232.4
290.8
220.9
199.3
257.2
211
144.8
137.7
139.6
129.3
208.1
320.1
501.4
585.4
623
650.4
658.2
602
586.9
602.4
688.2
667.4
614.7
569
585
483.8
549.5
411
411.2
388.6
321.5
322.8
270.1
270
269.4
263.6
287
315.3
285.5
456.5
313.6
266.7
273.5
242.4
287.4
343.3
255.5
331.6
284.4
362.3
415.1
370.4
377
412.9
395
351.4
375.7
300.6
323.9
271.6
238.8
249
281
180.9
221.5
NaN