NaN
NaN
NaN
4096.2
2574
1705.4
1806.2
2026.4
2404.7
2932.5
3622.5
4459.2
5572.4
6982.7
8696.5
10804.7
13292
16009.1
18575.1
19753.2
18535.7
14219
8923.3
4572.4
2534.9
2342.4
2581.2
3022.7
3543.1
4275.3
5213
6492.8
8008.4
10069.4
12519.2
15211.1
18795.4
23314.2
27754
30956.9
31499.3
27777.3
19861.9
11156
4508.2
1853.6
1483.4
1426.4
1344.7
1309.1
1234.8
1230.4
1298.8
1247.8
1315.4
1407.1
1627.5
1791.4
2080.7
2362.1
2629.6
2812.8
2807.8
2530.8
2114.1
1622.2
1374.2
1325.8
1508.9
1739.3
2088
2618.8
3189.5
3925
4776.2
5619.5
6271.7
6446.6
6253.4
5264.9
3866.5
2534.1
1803.1
1686.2
1828.2
1954.1
2214.8
2444.7
2961.5
3549.2
4409.8
5699
7004.7
8510.6
10680.9
12772.3
14069.1
14275.3
13730.6
11666.3
8316
4988.1
2781.6
2224.4
2325.3
2559.2
2889.6
3381.1
3872.7
4520.6
5435.7
6524.7
7929
9556
11544.6
13933.1
16701.2
20682.1
24493
27008.7
27224.8
25967.5
22238.4
15874.8
9160.4
4121.3
2243.7
2142.3
2248.5
2386.1
2677.4
2948.1
3471.3
3941.5
4696.7
5584.2
6632
7957
9478.3
11451.8
13425.4
15858.6
19152.4
23420.4
26389.6
27302.5
26601
24549.6
19683.6
13313
7199.1
3543.5
2668.6
2821.7
3015.1
3337.6
3756.7
4351.6
4953
5278.8
5366.8
5235.5
4729.9
3880.8
2906.9
2087.5
1804.1
1792.8
1937.7
2113.9
2359.6
2718.9
3156.8
3844.8
4435.9
5121.5
5979.5
7071.5
8036.3
8424.8
8211.1
7997
7165.9
5528.2
3699.6
2255.5
1623.5
1560.5
1570.2
1674.4
1725.9
1811.3
1941.7
2162.5
2466
2869.5
3446.3
4171
5052.8
6038.9
6963.9
8359
9931.9
11146.2
11774.6
11752.2
11503.7
10246.1
7908
5172
2933.6
1852.2
1700.7
1747.4
1827.2
1836.3
1955.2
2053.5
2193.1
2421.1
2670
2929.7
3269.8
3706.1
4259.9
4857.6
5598.3
6467.2
7470.8
8663
10341.5
11863.2
12941.4
12963.1
12546.6
11714.1
9849.9
6948.7
4063.9
2005.8
1203.5
1086
1079.2
1121.1
1143.6
1186.4
1242.7
1328.1
1463.1
1592
1741.5
1891.2
2089
2323.5
2640.5
2893.7
3372.3
3745.8
4305.5
4931.4
5636.3
6611
7793.3
8686
9096.3
9197.3
9147.3
8923.5
7768.3
6074.4
4526.6
3451.6
2984.5
2482.4
1917.7
1483.3
1135.2
1060.6
1133.9
1085.4
1107.5
1123.2
1178.8
1270.2
1367.8
1563
1746
1947.7
2193.4
2433.7
2736.9
3163.2
3586.8
3947.6
4045.6
3946.5
3805.4
3496.3
2957.7
2064.2
1391.5
854.7
741.2
703.4
712.5
682
735.3
793.9
825.7
838
863.9
949.2
1011.5
1172.3
1212
1365.8
1572.7
1798.2
2150.3
2416.2
2782.7
3187.5
3703.3
4339.1
4666.9
4795.2
4777.5
4672.5
4398.4
3808.5
2804.2
2008.4
1401.3
1202.6
1197.2
1113.3
1117.5
1076.8
1026.3
1010.1
995.6
958.2
979.6
990.3
1043
1127.1
1198.7
1251
1425.3
1497.5
1646.7
1844.3
2095.4
2277.5
2577.7
2893.9
3274.1
3802.5
4303
4645.5
4818.1
4667.9
4514.3
4147.6
3731.8
2872.6
1980.1
1291
895.7
826.3
847.3
859.9
877.6
885.7
924.8
931.9
953.7
976.8
1010.1
1038.1
1102.6
1152.9
1242.5
1320
1433.7
1510.2
1675.2
1868.4
2137.4
2363.5
2633.6
2808.5
2961.8
3007.5
3078
3176.7
3208.6
3202
3090.1
2965.1
2772.9
2623.1
2537.3
2299.1
1898.5
1449.1
1136.1
923.6
910.1
876.6
943.1
971.8
1042.3
1141
1269.4
1352
1461.6
1550.4
1742
1930.1
2209.5
2363.4
2421.8
2406.1
2325.3
2233.9
2089.5
1903.1
1507.9
1113.8
882.9
710.2
666.2
680
720.2
724.8
697.7
722.4
717.5
723.5
787.1
749
774.6
803.3
815.6
832.9
867.2
901
920.7
1013.5
1098.5
1150.4
1287.1
1396
1563.9
1718.6
1968.5
2151.9
2456
2714.3
2838.2
2902.7
2840.6
2842
2794.2
2659.3
2465.1
2144.4
1806.2
1562.7
1475.7
1384.2
1306.4
1198.4
1099.1
955.4
885.4
795.8
764.2
884.5
973.3
1022.5
989.4
1051.4
1092.2
1121.1
1182
1125.6
1120
1004.9
1035.2
1086.9
1119
1243.5
1292.6
1388.6
1435.6
1561.7
1581.7
1762
1870.9
2008.6
2205
2275.6
2263.2
2223
2115.6
2027.8
1900.7
1742.1
1510.4
1241
954.7
867.8
847
767.4
775.8
768.7
770.8
800
826.2
828.3
872.1
931.6
955.7
1004.8
1085.9
1158.1
1171.1
1116.5
1072.6
1066.8
1013.3
945.6
874.1
791.3
709.7
702.8
699.7
726.8
738.3
747.3
834.8
872.8
890.2
895.1
943.1
961.4
994.4
1056.5
1140.8
1189.1
1196.4
1230.6
1210.9
1221.1
1215.4
1194.3
1197.4
1154.6
1134.7
1125.8
1123.6
1186.5
1286.1
1321.8
1375
1390.4
1357
1378.3
1331.2
1277.9
1221.9
1106.2
997.4
951.9
868.9
811.4
810.7
791.1
769.8
752.9
721.7
733.1
737.5
705.3
732
774.7
719
733
761.9
772.4
810.9
867.2
864.3
987.5
960.2
1024.9
1006.2
1064.1
1090.1
1171.1
1181.3
1201.5
1274.7
1344.4
1429.5
1490.3
1514.6
1595.9
1720.2
1787.7
1867.5
1931.1
2083.4
2066.4
2068.8
2065.7
2101.9
2095.9
2075
1981.8
1831.5
1770.8
1598.5
1562.5
1464.7
1427.2
1272.7
1182.1
1059.1
1018.7
961.2
968.4
894.5
861.4
789.2
776.6
799.6
797.8
797.4
758.8
750
729.4
751.9
795.9
818.6
806.9
749.6
717.8
767.3
749.7
741.4
765.5
732
740.4
739.1
715.5
724.9
716
722.3
728.7
735.1
735.9
741.3
825.3
842.6
825
841.3
859.5
855
842.5
904.1
868.8
873.9
871.9
877
839.1
922.7
999.6
1049.4
1148.8
1286.7
1340.5
1465.2
1542.9
1714.5
1793.1
1840
1944.4
2003.1
2076
2116.1
2198.9
2242.9
2260.7
2223.1
2245.3
2276.5
2293.3
2321.7
2317.3
2317.8
2319.2
2302.2
2385.4
2424.9
2428.3
2491.9
2430.6
2425
2384.2
2376.3
2349.9
2372
2336.5
2297.6
2199.7
2191.1
2220.7
2274.9
2323.3
2414.7
2385.5
2377.8
2350
2298.6
2292.1
2334.4
2373.6
2377.4
2319
2341.8
2243.4
2275.4
2279.4
2329.9
2278.1
2241
2186
2167.9
2087.2
2058.1
1957.9
1925.9
1885.7
1809.2
1748.2
1692
1711.8
1775.7
1830.9
1836.6
1897.5
1871.5
1907.7
1915.3
1915.5
1939.6
1900.2
1836.7
1811.4
1714.3
1668.5
1635
1526.3
1543.6
1509.1
1507.8
1499.4
1491
1494.9
1509.4
1523.6
1513.3
1505.5
1504.1
1527.2
1507.1
1480.9
1449.8
1427.4
1415.1
1402.3
1419.4
1358.9
1435.1
1449.3
1498
1455.4
1492.8
1506.1
1553
1554.2
1565.7
1497.7
1429.3
1316.8
1280.8
1202
1124.3
1054.9
1036.7
927
902.7
925.2
905.5
934.1
894.9
909.4
941.2
967.6
1032.8
953.8
1019.5
1060.9
1079.3
1091.4
1078.8
1149.4
1158.2
1175.2
1234
1243.8
1337.6
1331.2
1405.3
1429.6
1440
1443.9
1498.2
1532
1587
1599.4
1672.3
1772.3
1884.6
2032
2162.4
2312.8
2577
2822.6
3181.9
3534.1
4023.1
4547.7
5016.1
5395.5
5529
5802.5
6031.9
6331.7
6429.3
6490.7
6541.6
6608.1
6617
6458
6168.7
5999
5905
5754.5
5759.7
5915.5
6310
6815.4
7367.4
7847.5
8176.9
8446.1
8701.6
8911.7
9155.9
9167
9184.7
9263.3
9233
9066.7
8549.8
8015.5
7658.7
7442.1
7079.9
6959.3
7020.6
7376.2
7951.6
8587.2
9042.8
9341.4
9560
9746.8
9972.2
10167.7
10229.9
10235.3
10307.9
10344.7
10204.3
9643.3
8944.4
8339.8
7989.3
7512.4
7281.7
7256.3
7550.8
8098.4
8710
9312.1
9787.3
10039.3
10171.9
10277.3
10403.7
10627.8
10704.8
10670
10675.9
10857.3
10460.7
9666.5
8847.8
8149.6
7594.7
7159.1
6727.8
6703.1
7080.5
7527.6
8116.6
8629
9103.2
9329.6
9392.3
9423.9
9508.7
9540.4
9672
9556.6
9593
9793.8
9661.8
9057.3
8196.4
7435.2
6814.5
6444.8
6085.3
6018.1
6224.5
6695.3
7194.4
7793
8315.1
8730.7
8945.6
8961.2
8989.8
8941
8967.6
9133.8
9197.1
9327.1
9430.7
9387.4
8889.7
8111.1
7309.1
6727.9
6196.4
5821.3
5741.4
5865.5
6199.4
6580
6956.5
7508.4
7937.9
8181.6
8183.8
8120.3
8022.1
7963.7
7951.4
8023.8
7975.4
7999.2
8056.7
7734.7
7034.4
6138.5
5438.2
4894.9
4194.6
3775.4
3616
3557.3
3543.9
3598.1
3788
3989.8
4228.7
4384.5
4397.2
4469.6
4244.4
4218.6
4238.4
4382.9
4447.2
4479.4
4515.5
4517.1
4242.6
3812.2
3279.4
2926.1
2660.8
2477.2
2461.8
2504.4
2585
2675.4
2798.3
3006.4
3183.5
3251.2
3301.8
3212.5
3113.9
3003
2995.1
2992.5
3024.3
3032.8
2946.3
3002.4
2889.8
2692.8
2467.7
2209.7
1995.4
1904.9
1897.3
1902.1
2006.8
2095.5
2173
2401.8
2652.3
2922.1
3221.2
3463.5
3759.1
3911.9
3939.4
3806.8
3757.9
3767.6
3810.1
3904.4
3968.8
3954.2
3810.7
3693.5
3678.7
3511.8
3126.6
2838.9
2671.4
2579.5
2573.7
2605
2649.1
2808.1
3054.5
3317.6
3673.8
4144.8
4618.5
5144.3
5656.6
6085.4
6302.9
6416.4
6193
5992.6
6001.4
6080.2
6242.4
6458.1
6441.5
6187.2
5945.3
5963.7
5792.7
5268.5
4448.4
3952.8
3694.2
3759
3720
3742.4
3715.9
3953.4
4225.9
4695.3
5255.7
5822.4
6547.1
7363.5
8038.3
8698.2
9060.2
9149.1
8794.5
8360.7
8364
8593.7
8844.4
9145.8
9299.2
8925.5
8417.7
8318.7
8312
7684.9
6383.8
5466.9
5056.2
5217.8
5248.9
5149.9
4992.2
5059.2
5417.4
5820.9
6458.8
7163.8
8000.8
8996.1
10009.4
10844.3
11482.8
12058.2
11967.8
11336
10767.4
10763.5
11330.6
11696.4
12194
12411.1
11933.1
11115.6
10958.5
11171.2
10486.2
8584.8
6811.3
6321.7
6533.2
6705.4
6567.3
6408.4
6361.2
6642.7
7314.8
7981.5
8883.1
9948.8
11048.3
12361.9
13650.6
14776
15497.6
16125.5
15892.1
15057.8
14144.7
14233.2
15205.4
15504.2
16187.7
16488.8
15925.7
14724.3
14153.9
14968.5
14037.9
11568.2
8799.7
8246.3
8642.7
9498.7
13385.7
18444.6
19551
17143.2
11981.6
10857.9
11579.1
12754.8
13999.9
15723.4
17354.8
18999.7
20086.8
21282.7
21479.6
21003.3
19728.9
18504.8
18994.7
20158.1
20481.2
21430.7
21889.1
21198.6
19558.4
18717.8
19694.9
18411.6
14961.2
10765.7
9723.9
9949.6
10121.9
10040.9
9460.3
9044.2
8753.4
9072.8
9753.5
10526.7
11666.3
12674.1
14006.1
15493.5
17069.7
18234.9
19089
19927.4
20035
19209.1
18062.3
17229.5
17584
18437.9
18761.9
19549.1
19802.4
19061
17615.2
16806.2
17293.6
16350.8
13363.2
9616.5
8174.1
7976.5
8012.5
7857.7
7458.2
6980.6
6605.4
6540
6714.6
7197.8
7700
8398.7
9121.9
10082.6
10975.2
11954.8
12660.2
13251.3
13750.9
13685.1
13269.9
12443.4
12077.6
12133.2
12484.7
12735.7
13192.8
13362.6
12858.8
12008.9
11472.9
11481.7
10904.3
9157
6931
5563.9
5062
4837.2
4624.9
4379.6
3956.4
3573.6
3331.1
3245.2
3301.6
3470.2
3668
3891.2
4171.9
4558
4826.4
5148.8
5481.8
5675.2
5814.5
5834.2
5626
5397.7
5195.5
5207.1
5254.5
5367.9
5490.5
5547.2
5331
5166.9
4954.7
4798.8
4494.1
3915.7
3178
2590.7
2171.5
1909.8
1814.7
1653.3
1459.2
1305.3
1124.7
980.1
899.2
843
760.1
785.3
739.3
739.6
741.8
689.7
714.4
700.1
765.5
714.3
729.3
692.5
701.9
702.3
676.1
685.1
706.9
707.3
689.7
729.4
702.6
794
781.5
791
794.4
830.2
824.4
764.7
891.9
805.6
762.3
821.8
841.7
872.5
931.1
951.7
1042.5
1076.1
1149.3
1173.1
1111.3
1107.8
1039.8
1048
1130.2
1147.7
1174.9
1181.4
1242.5
1272.6
1344
1362.3
1392.9
1497
1554.2
1667.3
1761.8
1869.1
2018.9
2184.9
2350.1
2657.7
2786.3
3018.6
3229
3489
3896.1
5276
6790.8
6503.3
4889.7
2538.6
1695.7
1658.7
1681.6
1786.1
1826.6
1941.5
2166.3
2289.2
2502.5
2763.6
3068.3
3427.7
3863.5
4296.4
4815.2
5406.8
6092.6
6852.3
7610.5
8557.5
9454.8
10571.3
11761.1
12881.1
14117.9
15372.5
16696.2
18113.4
21521.9
30287.1
36044.3
33088.6
21283.2
8710.7
5010.8
4165.8
3816.4
3497.4
3284.5
3074.8
2973.2
2886.4
2801.2
2697.9
2691.5
2788.2
2805.9
2956.9
3020.2
3190.8
3305.9
3505
3752.6
4058.4
4311.6
4619.9
5032.1
5329.7
5844
6267.7
6743.4
7175.5
7562.9
7937.8
8177.5
8331.4
8502.8
8572.9
8706.5
8672.5
8809.1
8901.8
8953.9
8914.9
8835.7
8899.8
8846.9
8825.8
8540.4
8329.2
8066
7833.3
7499.8
7165.2
6806.7
6537.7
6161.9
5872.4
5627.1
5416.5
5267
5203.2
5246.1
5420.4
5551.7
5839.3
6118.6
6513.8
7060.5
7532
8129.9
8779.2
9514.3
10216.2
11013.7
11986.7
12883.9
13765
14612
15317
15783.3
15949.5
15926.3
16055.8
15965.3
15962.9
15803.2
15952.3
15968.5
15872.8
15836.1
15648.5
15660.4
15673.4
15390
14935.8
14555.8
14172.9
13802.2
13350.4
12846
12443.4
12123.2
11724.4
11381.8
11270.4
11079.1
11319.9
11463.3
11789.5
11951.3
12143.9
12094.9
11837.7
11540.3
11420.6
11371.6
11357.9
11454.1
11796
12299.3
12970.3
13914.4
14790.5
15802.1
16945.1
17963.7
18776.3
19579.4
20249
21041.8
21657.9
22312.1
22766.9
23256.5
23923.5
24373.5
24887.8
25273.6
25615.7
25941.4
26451.9
26992.7
27624.9
27913.7
28360.3
28474.9
28141.4
27325.3
26207.5
24513.2
22750.8
20800.2
18976.4
17257.8
15498
13769.5
12199.9
10935.7
9840.2
9291.8
9078.7
9067.3
9075.2
9395.1
9628.6
10171.7
10776.5
11463.3
12265
13145.5
14152.3
15256.7
16483.4
17553.6
18850.9
20183.1
21483.7
22547.4
23733.4
24895.2
25984
27116
28641.5
29954.4
31211.1
32455.7
33265.4
33502.8
33511.1
33235.4
32645.2
31436.3
30020.3
28671.4
27209
25666.6
23957.7
22067.8
20132.4
18194.2
16445.2
14798.4
13562.1
12448.1
11456.6
10610.1
9931.2
9283.5
8768.9
8256.2
7914.3
7660.1
7544.1
7501.9
7491
7532.5
7782.4
8069
8322
8759.1
9342.3
9830
10381.9
11001.5
11802
12526.4
13268.5
13923.9
14683
15328.2
15787.1
16143.9
16510.5
16865.3
17210.6
17396.9
17561.8
17581.5
17767
17784.5
17740.6
17612.2
17373.4
17245.9
17074.1
16816.5
16299.1
15846.8
15321.7
15010.2
14648.1
14335.2
14253.7
14423.8
14577
14780.1
14765.2
14724.7
14503
14235.2
13563.6
12836
12040.6
11553.5
10721.8
10088.4
9486.8
8859
8126.5
7367
6741.1
6127.4
5447.2
4742.4
4019.6
3528.8
3175.1
2898.9
2663.1
2560.8
2412.4
2426.3
2401
2420.9
2452.1
2528.6
2538.3
2682.5
2738.6
2873.9
2962.8
3066.3
3242.6
3361.4
3492.1
3661
3898.5
4094.5
4315.4
4471
4521.6
4590.6
4778
4736.7
4787.9
4630.4
4488.9
4362.1
4158.9
4070.1
3873.9
3709.7
3521.6
3301.4
3031.4
2822.3
2562.1
2447.5
2157.8
1947.1
1787.9
1679.8
1542.4
1480.5
1452.1
1432
1471.2
1505.1
1513.5
1568.1
1626.2
1673.9
1754.5
1852.7
2035.2
2109.6
2256.6
2434.4
2588
2780.2
2996.6
3230.9
3487.5
3870.3
4111.6
4382.5
4565
4765.3
4986.8
5025.9
5111.4
5070.2
5063.8
5074.9
4935.3
4873.4
4694.6
4520.8
4310.8
4111.9
3984.9
3705.5
3328.5
3029.8
2856.6
2601.2
2397.2
2117.9
1852.4
1714.4
1573.4
1456
1375.6
1392.7
1311.6
1253
1238.6
1209.5
1209.2
1201.8
1210.5
1208.2
1255
1267.4
1269.5
1327.4
1404
1459.4
1507.3
1627
1695.5
1751.5
1894.4
1986.3
2173.5
2355.2
2566.7
2794.7
3031
3173.6
3164.3
3232.3
3240.3
3173.1
3250.7
3203.6
3127
3123.9
3081.3
2957
2861.8
2890.7
2591.8
2389.1
2129.9
1933.7
1788.9
1646.7
1492.5
1254.3
1055.5
945.8
896.1
783.2
750.6
719.1
752.1
721
687.8
676.1
719.2
713.5
686.8
671.5
687.3
662.2
563.3
614.4
622.1
570.7
618.1
554.3
503.1
463.2
438.7
433.8
398.1
361.9
312
271.5
261.4
255.1
236.1
218
251.8
181.6
238.1
240.1
264.5
191.2
242.8
216.7
268.4
271.5
301.9
282.4
351.3
337.4
418.2
423.9
470.1
520.7
500
543.6
547.5
521.3
496
515.8
478.8
454.8
489.4
466.4
454.2
403.9
351.9
367.8
319.9
311.5
257.5
246.8
224.3
184.5
182.8
113.2
129.4
188.4
104.9
90
124.1
77.6
95
66.7
73.5
46.3
54.9
87.2
96.2
100.5
174.7
121.7
61.6
97.8
141.5
147.5
139.9
148.6
174.6
167.3
222
188.1
179.8
246.8
283.9
318.7
322.2
405.4
410.7
390.6
395.2
359.7
398.8
384.4
354.2
328.6
309.3
292.2
261.4
247.4
256.6
227.7
181.3
165.6
185
162.7
161.9
223
277.1
335.4
493.3
627.9
687.3
706.1
696.7
675.3
641.4
622.9
629.6
656.7
659.5
643.2
557.9
545
481.2
399.9
374.6
352.5
290.4
318.5
243.1
288
279.6
251.3
260.8
234.3
239.7
252.7
250.2
252.9
245.8
277.4
351.7
282.1
276.7
292.2
284.7
292.9
341.5
301
335.6
339.6
355.1
361.3
315.6
285.9
320.3
262.4
232.1
192.4
149.6
162.3
73.4
32.5
47.3