NaN
NaN
3428.1
1885.7
1086.1
1315.8
1489.5
1830.7
2263.2
2822.2
3485.3
4483.9
5674.9
7148.7
8995.1
10925.1
13469.1
15818.1
17844.5
17753.2
13517.9
8121.1
3504.4
1830.2
1808.2
1972.1
2384.1
2799.2
3414.7
4227.7
5329.1
6610.8
8237.7
10503.6
12769.2
15649.7
19119.5
23261.7
27156.3
30180.3
28003.7
19952.2
10636.1
3384.1
1296.1
1048
942.2
932.6
876
782.3
796.5
947.7
768
778
848.3
1116.6
1130.5
1346.1
1558.2
1788.6
2112.3
2290.3
1979.5
1640.2
1098.1
887.1
806
931.4
1026.6
1246
1635.1
2120.8
2765.6
3304.2
3980.4
4756
5434.3
5643.1
4743.6
3292.1
1918.7
1147
1154.3
1206.6
1307.8
1686.2
1725.5
2084.3
2456.9
3002.2
4061.8
5210.5
6398.2
7808.7
9505.5
11315.2
12927.7
13493.1
11544.2
7952.6
4413.1
2091.1
1637.3
1642.7
1803.5
2111.4
2449.7
2769.4
3357.2
4030
4877.6
5928.8
7293.4
8773.7
10749.5
12944.8
15491.1
18450.7
22720.3
25906.7
27043.5
23518.6
16091.7
8987.4
3360.8
1622.1
1586.7
1610.6
1701.5
1972.8
2136.1
2573.2
2892.1
3488.1
4229.3
5118.2
6291.8
7403.3
9033.1
10768.5
12726.6
15110.1
17866.1
21667.8
25692.9
27783.4
26825.5
20918.5
13630.2
6846.9
2700.3
1983.6
1984.8
2121
2355
2600.5
2953.6
3455.4
4103.8
4690.1
4823.2
4271.6
3328.6
2321.7
1470.1
1161.9
1196.5
1314.8
1395
1543.9
1824.5
2191.1
2778.3
3249.1
3799.4
4439.6
5070.9
5893.6
7059.1
7764.3
7938.2
6970.6
5031.5
3196.5
1660.4
1041
1028.8
1012.2
1043.9
1147.4
1224.8
1306.5
1510.2
1598.4
1885.9
2282.9
2897.2
3729
4599.3
5436.3
6394.8
7307.7
8716.1
10526.8
11806.1
11808.2
10453.9
7715.4
4780
2320.9
1289.6
1197.1
1250.3
1332.3
1321.1
1445.7
1519.9
1565.8
1738.1
2091.2
2128.3
2408
2782.7
3220.1
3721.1
4361.9
5130.1
5955.2
6920.8
8060.8
9305.1
11279.7
12914.1
13487.4
12549.7
10201.4
6993.9
3710.5
1460.1
734.8
684.7
703.6
665.8
701.2
690.2
824.1
780.2
1047.5
1092.3
1225
1333.8
1484.8
1631.2
1929
2137.8
2524.6
2858.7
3360.8
3832.6
4386.3
5093.6
5952.2
7061.5
8426.2
9269.9
9358
8772.9
7286.4
5709.1
4108.6
3059.1
2690.3
2109.8
1457.8
1060.3
659.7
647.7
823.3
664
706.3
702.3
645.5
669.9
821.5
916.3
1119.5
1277
1516
1662.6
1893.6
2189.2
2492
2942.2
3492.5
3793.5
3637.6
3332.5
2683.4
1643.2
920.9
376.8
321.1
297.3
301
270.3
325.3
370.7
396.3
439
483.4
518.8
517.9
857.5
612.9
715.5
916.8
1165.6
1565.9
1615.3
1927.6
2285.1
2543.7
3042.3
3599.8
4276.9
4715.1
4759.7
4248.3
3675
2428.7
1440.6
888.6
783.2
803.8
823.8
776.4
708.3
611.2
580.6
566.5
490
553.5
567.9
596.5
634.6
711.6
723.5
882.9
934.2
1060.7
1195
1545.5
1547.8
1764.9
2091.2
2349.7
2758.3
3149.9
3667.6
4329.9
4649.5
4663.9
4264.7
3620
2611.5
1557.4
777.8
420.4
399.3
424.4
428.1
397.7
454.6
479.6
415.4
472.2
542.2
575.4
572.7
592.8
680.2
700.1
799.5
796.4
865.7
1009.6
1137.3
1406.2
1513.7
1772.2
2098.4
2377.5
2519
2536.3
2507.9
2507.8
2358.6
2390.5
2590.7
2656.3
2615
2410.3
2070.9
1559.9
1084.4
637.7
473.5
521.4
437.6
470
455.6
503
614.7
693.3
711.7
881
913.5
1038.1
1210.4
1356.9
1526
1780.4
2021.6
2050.9
2033.9
1847.8
1582.8
1108.3
635.3
392.5
252.6
238
243.5
312.1
309
294.2
283.8
326.2
298.7
406.5
277.3
349.5
375.2
385.7
437.6
514.2
443.6
391.9
437
578.1
602.8
681.6
796
983.2
1066.5
1357.2
1403.9
1642.6
1779.4
2072.1
2422.8
2573.8
2597.2
2517.1
2356.4
2044.9
1672.2
1380.3
1185
1277.4
1160.3
1029.4
910.4
807.1
591.6
431.5
357.4
240.1
311.2
328.2
541.9
542.5
585.3
652.3
710.4
780.2
688.3
673.8
501
538
534
553.1
702.3
736.5
800.5
877.1
988.3
1005.4
1167.6
1248
1275
1488.3
1572.5
1767.4
1886.2
1879.1
1746.8
1644.4
1453.1
1166.5
832.7
508.4
397.1
378
346.8
309
358.1
336.5
321.5
368.4
319.2
361.2
408.9
436
431.8
497.7
622.6
711.1
686.5
691.5
672.5
596.8
530.8
417.6
410.7
231
215.7
268.6
298.4
278
296.4
330.2
490.6
414.8
412.2
493.1
483.5
514.9
532.9
644.8
693.3
742.6
828.5
749
781.8
825.4
785.2
696.3
623.6
621.6
605.1
586.8
606.1
730.7
725.5
823.1
888.3
903.6
964
952.4
869.5
802.2
681.1
564.6
537.6
398.4
390.1
337.4
357.7
407
315.7
285.5
295.9
302.3
305.2
267.1
370.2
273.1
241.1
297.6
253.2
316.2
407.8
411.5
608
461.6
493.5
460.8
522.6
556.7
624.2
693
660.6
725.1
772.6
793.9
907.2
917.9
952.6
1190
1122.1
1234.9
1236.6
1454.4
1528.7
1603.6
1578.1
1627.9
1670.3
1587.9
1556.7
1449.3
1368.7
1224.5
1177.6
1125.2
987.3
837.4
704
594.8
544.6
511.7
479.5
432.2
405.9
337.2
327.7
421.3
398.2
396.5
316.2
298.7
307.1
304.7
364.3
448.3
505.6
310.6
279.9
294.7
287.1
275.8
302.1
311.4
270.8
294.7
318.9
318.8
262.2
273.5
300.5
284.1
276
270.4
416.1
346.6
315.7
368.5
475.2
400.4
396.7
490.6
522.8
436
406.3
380.8
317.5
359.3
514.2
472.7
550.4
644.1
722.4
822.2
880.6
1066.2
1084.9
1187.1
1333.4
1374.1
1456.9
1436.8
1529.1
1593.7
1641.7
1596.4
1641.2
1632.1
1611.6
1640.7
1589.7
1681.5
1796.2
1691.4
1678.2
1721.9
1756.6
1834.5
1778.8
1802.8
1844.1
1817.1
1752.3
1714.9
1657.9
1653.7
1565.8
1536.6
1571
1656.7
1608.3
1834.2
1685.7
1725.4
1700.4
1732.4
1736
1707.4
1681.1
1706.2
1636.2
1767.3
1729.3
1626.6
1628.4
1693.5
1582.3
1634.3
1518.2
1541.4
1566.4
1563.6
1425.8
1379.7
1329.3
1253.4
1172.9
1148.8
1104.3
1136.7
1204.6
1190.3
1349.5
1254.1
1287.4
1343.9
1413.6
1404.1
1334
1280.2
1274.8
1160.8
1096.2
1083.3
1036.5
976.4
972.2
916.5
912.5
976.6
903.4
943.5
1027.9
1043.5
1023.1
979.2
1024.2
974.9
979
966.6
932.6
949.5
857.6
901.5
856.3
890.8
907.2
929.9
938.8
991.5
979.4
1118.1
1099.4
1091.3
1083.6
1038
970.3
987.2
819
726.1
603.9
716.9
437.6
435.2
476.1
405.4
442.5
459.5
412.8
457.5
464.3
525.8
462.8
561.4
546.8
540.2
547.2
579.9
619.5
624.3
658.9
673.1
668.8
816.6
745.6
856.4
852.7
889.9
890.6
918.5
939.1
1001.1
1051.5
1009.7
1102
1112
1303.7
1421.7
1470.1
1653.6
1772.8
1971.8
2231.5
2539.3
2987.2
3492.8
4030.4
4346.5
4681.6
4865.6
5063.7
5113.3
5154.1
5280.4
5351.7
5466.3
5618.4
5625.4
5322.9
5071.6
4750.8
4583.6
4476.8
4518.6
4930.6
5417.8
5958.7
6543.8
7042.4
7289
7379.3
7522.5
7577.1
7701.6
7907
7803.8
7996.5
8021.3
7581.5
7110
6698.1
6004.9
5723.9
5431
5576.1
5929.5
6457.9
6984.7
7652.6
8133.5
8270.9
8495.8
8408.4
8475.2
8545.8
8787.8
8881
8982.6
9036.2
8766
8088.4
7340.6
6619.1
6102.3
5821.6
5763
6179.5
6552.3
7157.8
7749.7
8515.6
8826.5
9031.3
8983.3
8885.6
8921.8
9027.5
9331.1
9315.7
9553.5
9451.5
8958.3
8187.7
7109.1
6488
5726.4
5433.5
5563.4
5832.3
6153.8
6696.3
7150.9
7813
8243.2
8447.5
8337.6
8087.2
8131.6
7947.1
8320.4
8496.2
8501.9
8610.1
8311.1
7792.9
6639.5
5892.2
5191.2
4959.1
4845.7
5122.8
5456.4
5971.2
6376.3
7041.1
7693.4
7965.5
8078.5
7910.1
7671.6
7605.2
7542.9
8105.7
8196.3
8271.4
8357
8276.3
7744.7
6681.2
5746.4
5113.5
4853.6
4718.3
4938.2
5145.2
5396.6
5789.2
6237.5
6898.5
7290.1
7437
7419.4
7036.2
6764.3
6615.2
6704.2
7105
7083.8
7050.9
6921
6577.9
6023.8
5194.7
4092.1
3416.8
3082.2
2959.7
2906.4
2791.3
2908.6
3045.8
3172.4
3379.4
3655.8
3992.8
3741.8
3593.3
3392.5
3392.8
3421.5
3712
3844.5
3891.8
3736.6
3887.2
3502.7
2860.1
2309.8
1952.1
1817.5
1855.6
1871.6
1913.5
1948.8
2105.1
2213.5
2342.3
2552.9
2676.8
2662.4
2443.5
2407.9
2289.4
2284
2286.2
2338.9
2408.8
2291.2
2214.6
2211.3
2046.1
1654.1
1394.9
1295.8
1257.1
1353.1
1358.4
1377.5
1483.6
1632.7
1861.2
2047
2318.9
2598.4
2913.1
3022
3164
3091.6
2928.9
2907.9
2947.8
3125
3093.2
3205.6
3065.5
2884.6
2862.3
2836.1
2655.5
2295.5
2012.4
1825.6
1909.2
1974.1
1963.5
2007.3
2185.2
2382.8
2758.1
3083.8
3507.2
3959.8
4452.5
4879.8
5251.8
5403.1
5431.4
5071.1
4857.4
4916.9
5124.6
5267.7
5425.4
5326.2
5066.6
4844.2
4883.2
4767.8
4164
3239.2
2909.9
2955.3
3053.9
3031.2
3002
3047.9
3198.5
3626.9
3956.9
4592.8
5122.2
5816
6539
7196.4
7559
7896.5
7772.2
7388.3
6971.7
7083.5
7491.3
7625.7
7988.2
7930.4
7467.4
7075.8
6987.4
7132.7
6288.8
4957.2
4141.1
4238.6
4402
4366.4
4261.5
4193.1
4221.3
4667.2
5178.9
5702.6
6419.1
7152.4
8091.5
8995.3
9723.2
10282
10650.6
10376.1
9837.9
9284.8
9554.1
10108.7
10307.1
10735.7
10751.9
10275.8
9530.8
9540.4
9650.2
8613
6895.7
5522.6
5498.8
5717.8
5794.2
5567.1
5569.3
5567
5987.2
6571.6
7276.4
8110.1
9016.5
10164.5
11393.8
12374.9
13251.3
14026.6
14352.4
13939.4
13119.3
12586.5
13019.8
13640.9
13939.7
14451.2
14380.7
13901
13110.2
12821.7
12943.2
11826.4
9585.5
7744.6
7545
8015.2
9792.4
13711.5
16594.5
17016.1
13912.6
10742.8
10170.6
10792.6
11839.5
13076.9
14600.1
16066.9
17346.5
18247.8
19056.7
19084.7
18545.9
17466.1
17080.9
17581.1
18218.7
18714.4
19406.5
19232.4
18596.2
17522
17215
16926.4
15312.6
12344.1
9890
9136
8948.4
8861.5
8630.3
8324.2
8048.3
7912.7
8300.2
8970.3
9708.7
10578.1
11682.5
13018.8
14335.9
15482
16412.1
17390.6
17756.3
17769.9
16942.9
16206.2
16010.7
16254.5
16789.2
17279.8
17461.6
17320.9
16620.5
15816.3
15449.3
15028.1
13369.7
11151.4
8954.3
7760.8
7262.5
7077
6800.4
6442.6
6262.2
5834.1
5962.4
6073.2
6447.1
6987.7
7647.9
8359.4
9169.2
10027.6
10747.4
11400
11836.7
12165.3
11947.9
11726.8
11170.3
11107.4
11054.8
11386.2
11589.9
11757.4
11676.9
11258
10885.9
10469.5
9983.3
8909
7486.4
6264.6
5184.2
4623.6
4302.5
3904.3
3587.2
3338.6
3038.4
2938.8
2851.7
2837.2
2966.3
3090.2
3459.2
3697.1
3924.4
4366.2
4487.2
4766.3
4863.2
4954.2
4923
4854.6
4699.1
4625.5
4615.6
4593.6
4798.1
4697
4752.2
4571.9
4493
4224.3
4042
3575.2
3110.3
2638.7
2129.7
1855.3
1577.6
1314.4
1163.7
1007.9
849.4
751.3
615.6
456.4
489.7
390.2
350.7
385.1
301.9
339.7
327.7
393.4
370
331.5
308.9
260.2
282.4
278.3
286
291.2
331.3
248.4
280.9
296.9
420.4
314.5
334.3
358.1
398.6
430.5
323
504.3
399.9
340
364
413.7
375.6
529.5
476.8
496.1
442.5
541.1
671.7
671.1
696.2
605.9
557.7
677.5
667.1
697
640
709.1
701.2
857
776.7
808.5
837.4
882.1
1025.5
1024
1079.2
1123.2
1309.7
1368.2
1685.9
1757.7
1833.8
2021.1
2295.3
2431.8
2612.5
2881.6
4056
5366.1
5156.5
3730.3
1670.5
1146.2
1177.9
1167.9
1217.7
1477.9
1415.4
1538
1742.6
1938.3
2159.4
2480.3
2733.7
3102.9
3603.9
3919.9
4533.1
5038.2
5716.7
6423.9
7239.8
7975.6
8992.9
9920.8
10889.7
11979.3
13097
14330.9
15967.2
19704.2
25250
28662.2
26187.3
18003.2
9599.9
5261.4
3652.5
3254.5
2878.5
2702
2522.9
2455.5
2273.9
2228.2
2284.7
2175.7
2376.8
2343.7
2565.5
2484.9
2656.2
2715.1
2954.6
3129.5
3425.8
3689.3
4045.2
4345.6
4710.4
5055.5
5465.8
5855.4
6273.5
6617.9
6818.2
7081.4
7263.5
7528.1
7531.9
7704.5
7803.7
7778.4
7900.4
7926.7
7927
7867.2
7899.6
7942
7765.6
7489.9
7270.6
7073
6892.3
6602.7
6269.9
6017.4
5745.9
5525.8
5267.1
5066.4
4874.6
4687.3
4652.9
4667
4876.4
4953.3
5184.9
5558.7
5852.8
6247.1
6701.1
7328
7866.7
8468.9
9226.5
9956.8
10730.8
11433.8
12309.1
12997
13451.6
13799.6
14058.9
14233.7
14533.4
14527.3
14550
14475.3
14509
14523.8
14444.8
14363.9
14362.5
14232.1
14193.1
13838.3
13459.6
13135.8
12837.6
12546.2
12266
11786.3
11305.7
10987.2
10812
10467.6
10294.5
10266.7
10447.4
10462.6
10610
10568.7
10654
10582.2
10523.4
10405.6
10399.3
10506.5
10689.6
10891.2
11060.6
11489.3
12022.9
12716.8
13673.8
14416.1
15362.4
16227
17009.2
17789
18341.5
19106.2
19788.4
20271.6
20915.5
21210.3
21816.2
22435.9
22990.6
23022.8
23423.5
23802.4
24496
24840.2
25331
25497.1
25756.4
25615.1
25185.7
24583.7
23529.6
22183.3
20662.8
19195.9
17718.5
16321.8
14815.2
13609.8
12177.9
10962.1
9987.6
9274.9
8719.9
8605.3
8574.3
8787.6
9186.3
9601
10050.9
10577.8
11304.1
12177.4
13232.2
14032.3
15106.6
16264
17434.9
18505.3
19598.6
20789.2
21782.2
22794.4
24030.7
25084.3
26357.9
27615.2
28819.5
29580.2
30290.3
30687.4
30737.2
30260.8
29751.4
29074.8
27691.1
26532.9
25318.5
24023.9
22656.1
21134.2
19439.3
17811.4
16330.6
14726.3
13318
12178.6
11189.4
10331.8
9628.3
8988.2
8511.8
8040.2
7664.9
7452.6
7230.3
7063.7
7088.2
7097.2
7274.8
7482.3
7852.5
8113.4
8521.5
9004
9567.7
10265.5
10803.5
11397.9
12121.6
12934.5
13311.8
13941.9
14362.5
14641
15161.6
15465.1
15725.2
15863.7
16057.9
16366
16343
16466
16511
16496.1
16269.1
16196.8
15926
15638.5
15156.4
14836.9
14353
13974.1
13736.6
13558.8
13494.1
13544.1
13684
13709.5
13613.3
13493.4
13250.9
12947.9
12291.4
11943.8
10878.9
10312.2
9747.2
9176.7
8684
8045.9
7500.5
6951.8
6350.6
5800.2
5277.4
4709.1
4118.3
3540.2
3121.5
2818.7
2480.1
2322.5
2154.9
2149.5
2063.1
2116.8
2086.5
2213.1
2198.1
2261.3
2338.5
2456.2
2564.1
2713.3
2731.6
2870.6
3078.1
3098
3357.8
3555.1
3721.5
3794.5
3953.4
3986.3
4021.5
4005.1
4044.1
3967.8
3856.5
3751.3
3644.8
3605.5
3389.3
3167.2
3038.5
2957.3
2739.7
2763.2
2245.5
2134.3
1967.3
1864.1
1637.8
1502
1363.4
1293.7
1278.9
1216.2
1257.5
1285.4
1313.5
1260.1
1283.9
1347.3
1503.3
1560.7
1642.9
1726.9
1877
2011.4
2179.1
2340.3
2534.2
2819.7
2947.8
3244.8
3486.8
3688
3965.8
4133.3
4282.5
4328.4
4352.6
4520.1
4375
4377.9
4335.3
4267.3
4191.5
4036.9
3939.8
3694.2
3535.9
3448.6
3201.5
2824.7
2639
2498.3
2251
2074.5
1871.1
1621.4
1377.8
1409.7
1205.2
1161.9
1095.1
1048.8
1054.7
1033
1035.7
1018.1
1092.6
1038
1015.7
1032.1
1063
1128.7
1106.5
1264.7
1303
1313.4
1457.5
1495.9
1595.4
1722.1
1837.9
2033.6
2260.3
2573.3
2649.1
2769.2
2734.2
2727.5
2966.7
2902.6
2780.7
2768.8
2742.9
2821.3
2799.7
3059
2515
2438.2
2377.5
2277.4
2067.9
1822.1
1730.9
1589.3
1415.3
1262.5
1149
923
832.6
736.3
719
617.3
549.1
570.6
620.8
603.3
599
574
581
613.8
422.2
542.3
489.6
475.7
576.2
440.5
390.9
385.5
384.6
371.6
314.6
343.8
254.9
225.6
241.9
259.1
235.8
143.9
259.7
116.3
190
169.1
185.5
69.4
218.9
84.6
142.8
164.6
179.7
179.2
232
213.4
284.6
225.9
269
335.9
356
452.7
509.1
453.5
470.9
441
401.6
367.5
437.1
379.5
431.7
375.6
364.3
382.4
277
253.7
272.1
291.2
299.9
244
326.7
139
145.6
358.8
124.5
106.4
138.9
42
83.2
88.7
49.2
0
50.3
65.4
89.7
111
321.9
109.5
41.2
70.5
87.9
150.2
90.2
104.4
110.9
114.8
169.8
137.7
134.6
204.8
203.9
241.3
210.9
269.1
354.1
339.3
356.6
310
373.4
396.1
375.1
341.9
407.3
381.5
341
283
323.4
341.1
225.3
235.7
276.9
175.7
159.5
259.8
227.6
192.7
243.5
286.3
364
498.2
679.8
789.6
762.8
678.8
635.7
629.9
591
633.2
644.8
759.8
714.4
557
494.7
530.1
425.3
550
410
423.9
381
338.6
389.4
326.2
314.2
326.5
288.1
350.5
336
326.6
543.9
395.6
323.2
345.3
324.5
386.9
458.8
348.6
375.4
366.8
477.6
511.7
452.5
429.1
437.8
397.5
315.7
395.4
324.2
352
247.2
236.2
232.5
255.1