6509.6
5596.6
3708.8
2179.8
1257.8
1279.8
1611.1
1935.7
2335.2
2959.9
3764.1
4738.8
6108.9
7472.2
9409
11539.1
14150
16831.2
19195.9
19319.8
15091.7
9377.4
4251.4
1926.4
1975.6
2175.6
2472
2969.2
3687.1
4487.9
5526.4
7139
8705.4
10851.8
13465.8
16533.3
20064.4
24735.2
28940.8
32429.2
30829.6
22162.4
12501.7
4269.5
1434
1218.7
1070.2
909.4
904.2
1022.6
827.1
783.5
777
965.5
901.1
1060
1251.6
1389.7
1646.2
1997.4
2083.9
2383
2194.8
1822.6
1267.9
962.5
818.8
940.8
1055.3
1307.4
1729.5
2182.2
2867.9
3488.5
4253.8
5045.6
5699.4
6036.4
5170.3
3720.4
2246.8
1264.4
1170.6
1491.4
1477
1807.5
1934.7
2015.3
2550.4
3180.3
4168.8
5412
6977.3
8129.1
9787.1
11874
13756.4
14693.1
12826.3
8973
5204.9
2245.2
1686.6
1805.1
2011
2177.2
2524.4
2932.7
3545.1
4301.5
5256.7
6278
7643.7
9373.6
11431.8
13690.1
16345.9
19552.1
24077.5
27664.4
28983.7
26052.2
18223
10449.3
4204.6
1854
1668.2
1805
1833.3
2098.3
2254.9
2713.3
3132.6
3755.7
4612.4
5373.7
6636.4
7889.8
9425.3
11380.1
13646.8
16054.1
18757.6
22618.9
27229.4
29523.2
29331.6
23509
15435.3
8147.2
3126.3
2136.3
2155.5
2227.4
2450.3
2790.8
3187.3
3700.9
4339.7
4832.2
5055.8
4636.1
3655.8
2585.2
1683.3
1353.3
1297.9
1374.2
1460.3
1678.4
2046.1
2255.4
2729.5
3365
4030.7
4642.3
5281.8
6061.3
7340.3
8217
8417.7
7589.3
5673.7
3594.8
1905.8
1109.8
1061.6
1085.5
1144.9
1183.1
1388.2
1410.7
1553.1
1712.5
1969.5
2422.5
3059.9
3779.8
4744.2
5669.8
6637.2
7739.8
9143
10970.6
12422.7
12685.1
11560.5
8655.1
5418.6
2717.1
1445.3
1291.1
1241.3
1366.4
1404.6
1430.3
1524.4
1783.8
1789.8
1976.7
2233.5
2539.7
2894.2
3343.8
3960
4545.4
5312.5
6257.9
7199.7
8413.8
9671.7
11652.8
13577.8
14420.3
13849.2
11382.1
7878.9
4382.6
1810.6
938.4
755.7
707.5
664.9
727.7
684.7
920.1
980.7
1040
1090.9
1220.9
1348.3
1562.5
1680.8
1993.7
2266.2
2575.2
3041.6
3442.9
3989.8
4629.4
5356.1
6157.1
7303.9
8800.1
9878.7
10032.4
9578.2
7981.8
6262
4602.5
3349.4
2872.2
2438.5
1705.8
1145.9
946.4
704.9
773.6
707.5
656.5
705
708.6
799.2
875.1
966.5
1168.8
1313
1509.5
1809.5
1992.1
2292.4
2583.3
3060.2
3540
3897.2
4033
3563.1
2876.3
1895.3
1050.5
478.3
312.8
297.2
300.5
357.3
358.3
375.7
459.6
457.3
499.8
822.7
525.5
567.3
683
771.3
1149.2
1132.3
1440.8
1760.7
1984.1
2319.3
2636.8
3066.2
3728.7
4512.5
4963.2
5209.7
4714.5
3827.4
2693.7
1685.2
994.3
866.9
888.6
888.7
831.7
787.4
761.3
624.7
606.1
543.5
576
589.9
619.3
659.3
759.4
805.7
877.2
1009.4
1343.6
1250.8
1430.6
1665.1
1897.1
2152.4
2520
2834.2
3274.8
3774.8
4499.8
4967.6
5057.5
4656.8
4014.7
2955.2
1767.6
930.9
529.7
403.2
391.3
414
471.7
437
480
488.5
587.9
551.4
577.3
654.7
648.8
671
721.8
752.2
810.9
925.8
1137.5
1199.5
1391.8
1569.8
1880.3
2184
2459
2631.1
2785.9
2751.3
2642
2580.2
2500.5
2691
2846.4
2839.6
2604.6
2343.1
1802.9
1220.6
859.3
494
466.1
423.6
456.6
544.3
558.4
617.8
706.2
743.4
894.5
1056.7
1154.5
1257.5
1379
1562
1855.2
2149.9
2246.2
2170.7
2020.1
1645.2
1255.4
743.1
431.5
301.1
373.2
332.6
311.2
298.8
341.5
316.8
441.5
300.3
336.5
394.8
425.9
418.1
511.9
408.5
407.6
437.9
525.8
472
517.5
590
764.3
845.7
1102.1
1171.3
1362.5
1472.6
1617.1
1889
2184.7
2584.4
2782.7
2889.5
2767
2559
2285.5
1819
1627.9
1386.4
1345.7
1330.8
1264.2
1036.8
901.5
706.2
500.1
361.2
300.4
377.7
345
487.1
644.7
709.9
790.1
881.2
960.6
778.1
688.2
573
529.3
641.9
674.3
729.3
791.8
893.9
900.7
1066.6
1111.3
1161.5
1345.4
1397.4
1491.4
1645.7
1868.8
1992.1
2012.2
1921.7
1759.5
1588.6
1208
935.6
625
435.7
378.7
379.8
357.5
324
379.4
329.2
391.6
378.8
399
392.1
467.3
528.3
573.8
585.7
705.9
757.5
739.4
721.4
642.9
677.9
492
380.9
282.9
261
256.2
261.1
284.6
443.7
374
360
472.2
463.7
480.5
470.7
586.3
576.6
638.4
738.7
725.9
782.9
910
854.3
820.8
798.4
777.2
747.4
640.5
610
662.8
644.1
743.5
780.2
829.3
969.7
1041.3
994.5
957.4
912.1
900.7
856.8
647.5
529.7
486.1
450.4
461.3
347
314.9
395.2
365.3
313
269.2
377
260.1
284.2
275.4
234.2
296.1
334.4
369.3
545.8
416.2
454.8
437.8
504.6
563.7
588.7
650.8
602.5
702.9
747.5
785.1
847.5
872.6
875.1
1105.5
1065.8
1150.4
1166.5
1306.3
1387.6
1467.9
1600.7
1696.6
1760.3
1743
1696
1704.1
1759.7
1597.8
1528.8
1443.8
1344.3
1199.8
1059.6
895.5
773.2
653
614
558.9
517.2
463.9
422.6
511.2
457.8
402.4
290.8
281.7
300.6
321.8
415.3
463.6
531.1
376.3
309.7
340.6
306
300
338.6
288.4
264.9
299.7
333.8
336.7
283.7
300.8
310.3
317.4
311
280.9
417.2
321.8
284.6
288.8
404.7
319.2
383.3
564.3
554.1
497.1
475.6
481.6
423.5
409.7
469.4
383.2
445.2
540.6
563.8
669.7
748.4
914.8
906.4
1036
1205.7
1293
1380.3
1433.6
1493.9
1595
1636.1
1620.4
1650.7
1722.1
1748.8
1703.1
1705
1731.3
1839.9
1748.4
1738.4
1736.7
1800.6
1829.4
1814.9
1877.4
1865.7
1916.6
1898.5
1919.5
1847.5
1812.3
1705.9
1678.3
1636.1
1735.2
1703.2
1801.8
1722.5
1764.9
1739.6
1756.6
1820.1
1853.6
1857.6
1815.4
1765.8
1870.8
1786.5
1743.3
1741.7
1784.2
1710.1
1737.4
1680.8
1672.6
1631.8
1638.1
1630.1
1612.7
1574.5
1483.3
1363.4
1314.9
1200
1216.8
1225.4
1177.1
1284.6
1232.4
1262.5
1293.3
1403.1
1400.7
1470.2
1413.3
1406.4
1338.9
1296.2
1257.3
1163.1
1172.7
1135.4
1054.6
988.5
995.8
931.5
936.8
976.9
1100.5
1073.4
1075
1152.2
1096.5
1032.9
1007.8
1001.7
1043.8
992.5
1039.9
965.7
995.5
959.8
949.7
918.5
957.1
985.4
1135.2
1179.9
1156.7
1153.9
1149.8
1167.2
1184.7
1126.1
1038.3
918.3
965.4
619
599.7
614.7
438.8
463.5
452.6
455.5
442.8
457
510.1
442.7
580.3
543.4
547.7
571.1
539.5
624.9
638.4
659.1
636.7
681
819.3
737.1
798.6
822.1
909.2
913.4
941.3
974.3
1019.3
1046.6
1060.8
1062.5
1072.9
1164.1
1273.6
1312
1485.1
1501.2
1668.1
1845.4
2021.8
2267.2
2610.4
3090.2
3476
4073.8
4488.1
4993.2
5131.4
5228.9
5308.7
5346.1
5483.7
5589.8
5742.3
5864.9
5921.7
5627.1
5305.8
4996
4741.5
4773.7
4721.6
5017.9
5480.6
6078.4
6729.2
7284.4
7666.9
7866.2
7886.2
7994.8
7889.1
8155.9
8185
8284.5
8493
8345.4
7629.5
6985.2
6321.3
5989.5
5759.6
5759.5
6126.8
6664.8
7222.9
7725.4
8478.9
8707.2
8882.5
8814.8
8742
8889.1
9162.3
9229.7
9326
9512
9330.3
8726.6
7805.6
7017.8
6347.5
6061.4
5968
6326.6
6837.7
7427.2
7952.8
8691.2
9177.7
9466.1
9503.1
9374.3
9314.2
9396.6
9827.9
9734.7
9891.5
9963.1
9479.6
9019.4
7719
6752.5
6141.1
5725
5661.4
5995.7
6337.9
6821.4
7366.8
8086.7
8613.3
8868.3
8858.7
8435.4
8312.3
8352.3
8635.4
8913.7
8879.7
8994.4
8603.7
8332.5
7269.1
6283.7
5528.1
5007
5012.1
5371
5603.5
6094.8
6600.3
7124.6
7855.9
8396.3
8626.6
8450.5
7988.8
7921
7903
8307.6
8571.4
8742
8743.6
8587.2
8205.9
7344.8
6323.8
5411.7
4882.8
4919.9
5169.9
5337.5
5600.5
6053.1
6507.3
7036.6
7696
7902.2
7845.5
7354.6
6991.1
6983.2
6977.8
7451.6
7534
7445
7330.7
7355.2
6668.4
5444
4542
3688.7
3226.2
3120.3
3168.8
3056
3008.2
3062.7
3280.1
3720.3
3790.1
4027.2
3950.9
3798.1
3584.6
3520.5
3617.2
3943.2
4020.7
4283.4
3942.2
3859.5
3727.6
3204.3
2558
2085.1
1879.5
1937.6
1978.1
2118.5
2117.1
2071.9
2260.6
2461.3
2680
2713
2857.6
2628.2
2499.9
2343.2
2299.6
2491.2
2416
2474.2
2412.4
2368.5
2265.9
2219.9
1850.2
1512.6
1436.8
1381.2
1322.9
1370.6
1455.1
1529
1662.9
1851
2094.3
2445.6
2630.5
2939.2
3120.8
3267.3
3283.6
3178
3087.8
2990.5
3122.1
3140.7
3280.3
3245.9
3080.1
2956.2
3007.7
2921.8
2463.7
2084.9
1947.9
2037.9
2071.5
2092.3
2075.9
2239.5
2471
2796.4
3179.6
3568.4
4002.5
4565.7
5040.9
5446.1
5652.8
5643.6
5364
5081.3
5147.8
5330.1
5392.7
5656.4
5669.9
5405
5048
5088
5094.6
4535.4
3565.7
3000.7
3026.1
3173.2
3221.1
3103.9
3184.5
3211.4
3644.7
4042.3
4631.1
5238.3
5978.6
6650.9
7298
7773
8224.2
8200.7
7779
7273.1
7374.2
7759
7973.9
8176.9
8322.5
7952.1
7539.6
7297.4
7469.1
6794.9
5510.4
4408
4357.3
4582.4
4607.7
4389.2
4365.3
4386.4
4729.9
5317.5
5874.2
6598.7
7313.3
8310
9245.2
10108.3
10671.1
11127.4
11059.9
10431.7
9817
9928.5
10440.8
10746.3
11162.8
11305.2
10907.3
10224.1
9819.5
10226.5
9389.5
7618.8
6006.6
5818.6
5893.8
6057.8
5943.1
5834.4
5795.3
6162.6
6815.8
7372.2
8390.8
9324.2
10380.7
11630.7
12820.1
13861.2
14642.2
14890.7
14748.1
13960.8
13260
13470.3
14167.7
14514.7
15088.4
15242.8
14674.1
13701.6
13543.3
13575.7
12685.8
10543.3
8381.6
8088.4
8488.5
10107.7
14303.7
17905.7
19065.7
16113
12214.9
10935.2
11312.7
12356.6
13625.3
15133.9
16503.1
17862.7
19007.6
19854.8
19988.1
19549
18584.2
18032.4
18325.5
19039.6
19585.8
20265.3
20236.5
19609.4
18540.6
18137.7
17874
16533.9
13726.9
10903.1
9641.9
9408
9391.5
9194.6
8797.9
8464.7
8375.2
8622.4
9175.4
10031.7
11001.1
12168.4
13386.8
14601.8
15959.9
17080.2
18180.9
18495.6
18516.4
18079.1
17235.8
16903.9
17186.8
17416.3
17898.8
18181.5
18147.5
17538.6
16972.6
16311.1
15837.9
14410.1
12143.9
9842.6
8434.7
7742.9
7507.9
7316
6810.1
6602.3
6193.8
6203.4
6424.6
6731.1
7191.5
7880.1
8626.3
9416.1
10309.6
11072
11835.5
12251
12666.5
12553.1
12288.2
11829.9
11669.8
11703.8
11829.9
12137.1
12274
12179.8
11849.8
11480.7
10995.3
10465.1
9586.9
8151.1
6808.6
5783.8
4966.3
4442.7
4158.4
3843.8
3653.7
3306.2
3043.2
2983.2
2962.9
3189
3302.2
3504.7
3912.6
4046.9
4360.3
4641.5
4884.5
5064.1
5175.8
5190.4
5032.3
4955.5
4828
4879.5
4820.4
5002.9
4901
4963
4744
4676.3
4454.3
4205.6
3823.4
3330.2
2910.6
2398.7
1962
1641.3
1433.2
1282
1109.1
954.1
795.2
715.7
539.6
449.4
472.5
311.3
372.3
354.8
411.5
364.5
349.7
339.8
296.9
289.7
298
313.7
331
357.7
246.3
305.8
307.6
396.1
305.8
306.8
336.3
387.4
417.8
344.7
527.1
411.3
378
381.2
444.9
363.3
502
419.4
438.8
405.2
465.9
579.1
522.2
667.6
682.5
712
729.4
681.2
667.2
598.2
698.2
709.2
852.5
734.5
776.5
789.3
882.2
966.9
953
984.3
1027.3
1142.4
1194.7
1443.7
1496.6
1593.1
1747
2001.8
2145.4
2316.9
2467.4
2702.6
2978.4
3893.4
5438.5
5514.7
4308.3
2125.8
1214.9
1211.2
1375.3
1292.9
1329.6
1458.6
1630.4
1766.4
2062
2221
2498.7
2914.8
3177.1
3676.7
4084.6
4681.4
5220.5
5879
6538.1
7362.7
8195.3
9146.5
10202.4
11355.7
12499.9
13535.2
14684.6
16450.9
20234.3
25500.2
29290.4
28054.2
20894.1
11801.2
6486.1
4099.8
3443
3117.1
2928.4
2642.8
2482.1
2488
2370.9
2424.4
2368.9
2532.6
2380.2
2498.2
2510.1
2764.8
2816.7
3071.4
3274.9
3554.1
3827.7
4154.6
4418.1
4832.7
5220.4
5709.6
6068.8
6448.4
6882
7108.8
7452.1
7529.5
7778.5
7946.1
7986
8077.3
8180.3
8306.6
8343.3
8244.5
8294.3
8282.8
8253.9
8152.5
7901.2
7688.6
7569.2
7229.1
6971.7
6658.8
6458.2
6148.6
5850.9
5582.5
5267.9
5149.6
4964.7
4979.6
4895.6
5015.6
5329.8
5417.4
5781.7
6003.1
6561.4
6957.4
7494
8183.3
8804.3
9454.9
10229.5
11130.8
11968.1
12676.9
13365.7
13999.7
14305.3
14694.5
14873.6
15154.7
15124.2
15111.1
15121.8
15173.8
15207.5
15165.3
15020.2
14970.7
14965.9
14912.5
14542.9
14212.7
13818.2
13640.7
13307.2
12863.2
12332.7
12047.2
11609.4
11424.6
11011.5
10909.4
10851.3
11055.3
11022.5
11058
11047.8
11193.1
11184.2
11132.8
11025.6
10994.9
11061.4
11102.2
11380.9
11474.4
11914.7
12513.2
13225.6
14018
14947.8
15892.1
16823.1
17561.2
18382.3
19111.8
19837.5
20632.3
21138.5
21688.4
22240.8
22869
23316.9
23751.3
24171.2
24563
24867
25550.4
25990.9
26548.3
26663
26871.9
26860
26616.9
25994.1
24759.4
23463.8
21910.1
20413.1
18875.2
17647.7
16061.9
14612.5
13234.9
11954.9
10836.9
9992.8
9275.5
9069.1
9132.4
9306.5
9589.1
9918
10377.8
11047.1
11938.7
12590.4
13544.6
14634.5
15737.8
16794.9
17927.6
19365.4
20333
21487.3
22726.4
23715.2
24822
26049.3
27421.4
28595.8
29865.4
31113.6
31886.2
32073.4
31944.5
31999
31362.9
30337.2
29193.9
28146.6
26662.8
25375.3
24046.5
22536.2
20937.9
19188.3
17437.6
15873
14397.9
13012.9
12025.8
11106
10319.9
9643.2
9011.4
8575
8168.5
7821.6
7563.7
7412.3
7451.5
7481.1
7707
7865.4
8055.3
8390.8
8847.6
9479.2
9915.8
10497.3
11166.4
12023.5
12590.8
13253.9
13853.6
14384
14920
15351.3
15750.5
15970
16353.7
16659.8
16705.9
16941
17134.3
17254.1
17279.6
17227.4
17116.2
16954.9
16620.4
16451.7
16074.4
15563.1
15131.3
14772.5
14323.3
14098.8
13924.1
13947.5
13875.9
13909.4
13623.8
13505.1
13164.9
13326.7
12308.9
11556.6
10883.4
10302.3
9705.5
9008.9
8466.6
8003.1
7483.3
6892.7
6239.2
5713.1
5330
4799.7
4219
3642.2
3157.7
2879.5
2585.9
2430.4
2222.1
2226.1
2108.6
2193.7
2178.3
2205.8
2235.9
2362.9
2402.5
2589.8
2587.6
2723.5
2884.5
2924.6
3094.7
3288.3
3433.3
3550.6
3869.2
4009.7
4029.9
4051.9
4086
4213.6
4185
4152
4081
4069.4
3771.8
3620
3523.5
3414.3
3243.9
3271.6
2891.7
2733.2
2467.6
2316.2
2121.5
1968.9
1778.7
1605.8
1516.3
1365.9
1365.7
1328.3
1341.7
1248.2
1277
1320.8
1412.6
1448.2
1496.9
1578.5
1683.7
1798.5
1967.2
2071.5
2258.2
2473.7
2552.7
2812.7
3019.7
3286.9
3652.8
3868.8
4092.3
4240.6
4404.2
4576.1
4529.7
4584.1
4597.6
4585.6
4595.5
4476.9
4471.7
4241.2
4077.3
3971.2
3802.1
3642.3
3401.8
3145.1
2805
2624.6
2474.9
2208.5
1894.6
1798
1525.8
1430.8
1282.5
1188.1
1179.7
1162.1
1144.6
1114.7
1144.5
1075.9
1054
1048.9
1066.3
1104
1062.8
1199.8
1238.5
1194.8
1345.6
1369.3
1454.4
1537.7
1648.3
1761
1981.7
2226.9
2297.3
2501
2657.9
2757.4
3042
2955.3
2913.3
2906.6
2916.4
2959
2931.5
3257.3
2829.3
2810.6
2703.6
2625.6
2523
2439.5
2312.6
1981.2
1730.8
1656.2
1625.1
1355.3
1185.4
1056.1
976.4
787.6
619.7
645
634.1
636.5
638.3
602.3
649.7
630.7
455.5
575.1
507
488.9
593.6
484.8
421.1
433.6
390.7
426.7
388.8
405.4
323.3
259.2
294.6
315
293.9
213
324.5
132.6
203.4
165.4
210.6
49.2
204.5
69.4
133.5
170.4
160.4
120.8
173.9
182.4
250
189.7
244.2
280.4
274.6
389.9
437.5
399.4
426.7
457.7
387.6
393.9
454
393.8
453.3
422.2
390.9
401.9
321
324.9
334.1
337.4
335.2
275.2
387.4
214.6
199.5
391.5
133.5
134
166.2
50
98.2
94
26.1
0
19.4
63.6
72.3
79.4
281.8
91
2.4
46
42.1
120.5
52.2
56.4
68.9
84.3
128.3
82.7
87.1
157.3
184.6
188
154.9
195.4
273.2
261.1
292.1
265.2
357.2
402.1
370.4
328.6
388.5
400.1
383
326.1
356.2
366.9
234.1
232.4
273.6
238.6
219.1
281.5
229
179.4
171
141
137.5
199.8
333.5
517.2
573.4
579.6
613
605.3
543.8
542.8
526.7
660.1
646.6
561
548.9
593.5
458.9
588.9
424.4
424.5
403.3
354
362.5
329.8
285.1
298.9
291.8
332.1
351.6
300.7
524.6
341
273.4
308.3
285.2
349.5
400.8
286.3
365.9
338
425.3
456.6
454
393.2
446.8
415.5
353.5
423.4
326.6
396.4
296.7
261.7
276.7
288.8
215.9
269.5