NaN
NaN
4587.5
2707.7
1357.6
1338.3
1487.4
1765.8
2195
2704.2
3395.3
4241.6
5455.3
6822.6
8662.5
10547
12952
15704.6
18131
19096.6
16055.9
10361.8
5242.5
2183.6
1729.5
1827.4
2237.2
2566.2
3056.7
3700.6
4741.3
5851
7329.9
9411.8
11410.1
14088.1
17214.5
21121.1
25292.6
28751.1
28683.2
22157.2
13185.3
5517.6
1569.7
1073.1
1009.1
972.7
896.6
825.5
886.5
1006.6
867.3
893.7
1000.9
1255.9
1335.9
1618.6
1875.5
2239.6
2643.9
2933.2
2745.5
2303
1587
1174.8
981.1
1109.4
1175.7
1419.2
1877.3
2485.6
3180.4
3850.8
4698.2
5700.2
6531.1
7008.4
6328.4
4601.7
2884.4
1579.3
1320.7
1317.1
1464.1
1781.1
1827.2
2237.3
2565.1
3117.2
4222.5
5460.9
6900.9
8380.3
10285.6
12422.1
14389.2
15384.6
14096.9
10345.2
6220.8
3015.6
1759.6
1663.1
1870
2145.7
2437.4
2797.4
3326.7
3985.4
4877.2
5890
7247.2
8722
10587.7
12905
15424.7
18375.2
22832.5
26368
28038.4
25811.8
19115.6
11659.3
5306
1961.1
1682
1618.5
1646.9
1890.6
1992.8
2404
2708.2
3237.7
3922.8
4669.2
5692.9
6731.4
8216.3
9834.3
11681.1
13877.3
16458.8
19877.1
23793.6
26274.9
26100.6
22026.7
15457.1
8891.3
3840.4
2242.8
2327.9
2502.5
2811.4
3155.1
3596
4222.2
5076
5840.6
6136.5
5749.8
4667.1
3320.2
2118.7
1443.8
1278.3
1386.7
1467.3
1603.7
1831.4
2234.3
2866.3
3458.1
4251.8
5097.9
5902.6
6863.2
8242.7
9269.6
9593.9
8891.8
6953.3
4612.4
2568.5
1296.5
1165.5
1157.9
1169.7
1243.8
1370.5
1411.8
1607.9
1706
1960
2421.7
3016.9
3819.8
4773.7
5754
6841.4
7771.6
9238.7
11233.1
12655.7
13156.5
12169.5
9697.4
6405.7
3401.8
1548.2
1226.1
1240.6
1296.3
1304.3
1404.3
1491
1545.2
1681.3
1999.6
2082.4
2336.5
2700.8
3127.3
3635.9
4233.9
5013.9
5769.4
6717
7815.3
9046.6
10995.5
12701.2
13559.8
13094.8
11339.1
8301.6
4882.5
2228.7
870.1
702
694
641.6
690
686.8
772.7
747.6
1006.1
1067.4
1134.1
1207.9
1367.6
1583.4
1800.9
1995.3
2384.4
2663.5
3068.7
3597
4127.9
4807.8
5593.9
6552.5
7894.5
8840.7
9190.2
9000
7993.7
6667.6
5142.5
3987.1
3455.3
2817.2
2038.6
1380.9
789
624.3
792.8
599.2
680.2
641.4
591
645.9
715.1
902
1081.3
1284.6
1552.1
1812.7
2058
2428.6
2780.1
3307.4
3980.7
4366.7
4382.3
4114.4
3563.4
2325.7
1397.1
587
349.5
316.8
298.2
298.5
312.7
333.2
384.2
424.9
469.3
516
530
828.7
625
735.6
931.1
1183.4
1524.1
1649.3
2005.1
2359.4
2677.9
3170
3722.4
4505.5
5010.8
5121.4
4694.9
4146.4
2984.7
1749
889.7
531.2
512.1
529.2
499.2
471.4
435.4
441
454.7
384.8
449.1
436.3
487.6
525.5
575
605.8
756.6
840.2
929.8
1070.4
1403.1
1414.9
1680.3
1947.7
2239.1
2568.3
2974.4
3488.9
4196.2
4544.8
4656.5
4323.2
3863.5
2966.2
1889.4
976.2
455.9
354.8
358.9
322
312.8
350.4
412.5
394.5
385.7
443.6
492.2
503.8
560.1
663
683.9
785.4
859.4
926
1040.3
1229.5
1501.8
1665.3
1956.5
2315.8
2686.3
2803.5
2858.6
2802.1
2697.9
2509.7
2334.1
2431.5
2406.1
2383.7
2239.7
2004.4
1611.5
1150.9
677.8
426.5
405.3
315.7
361.6
374
411.6
542.2
651.8
739.8
889
973.6
1125
1258.9
1446.4
1672.2
1937.4
2262.8
2375.2
2335.5
2138.4
1915.6
1424.4
837.6
434
186.1
167.3
158.9
217.9
191.4
195
169
207.6
227
326.4
186.9
226.2
299.4
299.9
278
364.2
317.9
296.6
370
450.7
478.6
602.4
717.7
883.9
965.9
1208.2
1270.5
1494.3
1670.1
1939.6
2301.8
2457
2448.5
2331.2
2196.4
1896.4
1386.4
974.2
657.6
621.8
528
479.6
428.6
424
293.8
233.7
178.9
168.9
199.4
228.2
401.7
470.5
508.1
565.5
631.9
711.8
671.4
632.1
437.8
426.4
406.6
440.4
566.4
622.4
703.6
772.6
874.8
895.7
1079.3
1132.7
1214.7
1380.3
1527.8
1669.9
1812.5
1808.2
1713.2
1632.3
1465.3
1246.8
912
536.2
416.5
362.2
323.8
284
315.2
297
284.6
356.3
307.7
382.9
395.6
441.2
439.1
541.8
672.2
749.4
789.7
779.6
766.5
665.8
580.5
477.5
420.3
211.8
143.6
135.3
170.8
172
203.2
194.9
320.1
271.3
290.1
378.7
400.2
427
481.8
556.1
641.5
673.2
796.7
770.9
727.5
753.6
743.3
676.7
598.3
609
608
598.4
603.9
679.1
683.3
787.9
895.8
930.6
975.7
941.5
851.7
792.3
665.7
582.8
480
313.8
275.5
247.5
263.2
305.6
225.7
213.9
255.1
279.5
250.9
226.7
322.1
242
229.7
274.7
240.4
321.1
367.7
390.2
553.4
464.3
493.5
499.5
553.9
586.5
643.2
673.5
630
754.7
788.7
849.6
942.2
945
1050.2
1246.1
1199.8
1276.8
1311.6
1502.4
1545.4
1644.8
1590.1
1569.4
1559.1
1486.7
1402
1276.6
1221.1
1024
1022.3
1017.9
981.4
908
851.3
788.5
734
700.1
653.4
611.6
547.3
457
392.8
480.2
442.7
419.8
328.1
338.6
319.6
299.9
365.8
448.4
486.3
316.4
245.4
262.5
223.8
217.7
255.6
211
215.5
216
241.8
253.6
208.6
249.7
270.1
271.6
240.7
221.1
389.2
312
279
337
431.6
407.4
393.8
509.6
488.2
403.5
396.3
365.8
325.8
340.2
474.8
435.1
506.4
639.9
753.7
847.4
937.2
1115.6
1193.4
1308.1
1495.5
1519.6
1571.8
1632.2
1740.4
1834.6
1864.6
1852.1
1882.5
1932.8
1914.9
1931.3
1889
1959.7
2042.2
1951.1
1942.6
2005.4
2065.5
2155.3
2060.6
2130.5
2181.1
2164
2129.1
2029.1
2021.2
2009
1877
1909.1
1853.3
1930.2
1925.8
2112.6
2006
2043.4
2059.3
2056.9
2070.5
2042.4
2018.6
2022.9
1991.6
2051.6
2008.2
1991.2
1937.2
2031.4
1955.4
1963.9
1918.5
1942.5
1894.5
1880
1771.5
1686.5
1641.2
1571.2
1443.7
1398.3
1350.7
1382.3
1416.7
1468.6
1629.8
1528.6
1564.9
1634.2
1685.4
1709.2
1639
1547.3
1559.5
1425.9
1395
1300.7
1205.4
1156.2
1118
1014.1
979
1005.5
979.1
1013.4
1051.6
1108.5
1041.3
1041.3
1064.3
994.8
991.6
953.3
994.6
964.3
874.7
916.1
814.3
824.2
761.1
822
814.1
830.7
854.4
887.5
911.4
878.4
816.1
754.6
756.1
734.3
691.4
662.1
585.3
663
436.8
438.3
493.6
352.1
411.4
391.9
381.6
403.5
382.7
465.8
394.4
468.8
440.7
457.8
469.6
504.8
546.9
569.8
553.8
554.8
544.6
624.6
553.1
632.8
689.4
718.1
732.7
763.5
808.5
881.1
935
959.4
1018.5
1079.3
1271.3
1477
1602.4
1825.3
1962.7
2296.2
2543.6
2970.5
3504.6
4118.2
4779.1
5303.6
5748.8
5995.2
6246.9
6344.5
6433.8
6582.4
6700.1
6808.5
6966.4
6963.9
6631.9
6265.1
5883.9
5671.4
5554.7
5525.6
5875.9
6465
7138.4
7840.2
8542.4
8834.6
9064
9209.9
9270.3
9374.7
9678.6
9539.1
9787.8
9808.1
9492.2
8905
8234
7450.1
7101
6665.5
6654
7045.7
7701.7
8288.5
9041.8
9675.5
9965
10238.4
10227
10232.9
10328.7
10623.9
10736.9
10821.2
10977.7
10682.1
9997.5
9001.6
8107.7
7481.3
7020.8
6820.5
7128.3
7629.5
8297.6
9015.5
9910.1
10357.8
10541.5
10540.2
10487.3
10510.1
10597.9
10937.3
10990
11166.5
11124
10622.6
9773.1
8547.1
7764.4
6865.2
6382.4
6358.4
6621.8
7059.5
7597.5
8170.4
8836
9380.4
9698.8
9631.7
9444.1
9463.6
9234.9
9601
9779.1
9777
9989.3
9727.2
9097.8
7916.3
6926.6
6151.7
5741.7
5449.2
5723.8
6041.3
6593.5
7034.4
7695.9
8375.7
8748.8
8974.5
8796.9
8535
8435.6
8313.5
8780.5
8998.3
9048.1
9170.5
9014.4
8516.6
7427.2
6364.5
5638.6
5155.2
4901.9
5095
5303.3
5586.6
5978.8
6441.2
7027.8
7511.4
7719.8
7753
7343.5
7117.4
6971.3
6980.5
7417.8
7444
7365.7
7294.7
6969.3
6389.9
5496.2
4314.2
3613.2
3148.8
3063.1
3023.9
2962.4
3123.3
3183.8
3390.2
3579
3916.8
4200.9
4020.4
3864.7
3732.2
3629.2
3605.7
3904.6
4110.7
4165.7
4033.6
4105.9
3803.7
3214.9
2564.4
2233.7
1982.3
2004.2
2039.8
2124.1
2142.6
2333.5
2475
2655.1
2908.4
3024.3
3048.9
2816.8
2778.4
2716.8
2678.9
2720.8
2736.4
2832.8
2667.2
2634.7
2561.7
2433.4
2026.6
1794.8
1607.5
1568.2
1662.2
1654.9
1647.1
1795.3
2028.3
2261.3
2520.8
2888.4
3187.1
3604.9
3758.3
3978.6
3902.4
3785.3
3658
3697.5
3850.3
3863
4029.3
3888.3
3654.7
3547.4
3540.4
3370
2933.1
2470.1
2225.4
2282.8
2348.3
2397.7
2402.2
2550.7
2770.3
3183.5
3549.3
4085.6
4623.4
5229.5
5743.4
6262.6
6501.2
6540.4
6174.1
5930.9
5933.9
6188.5
6391.7
6593.5
6594.6
6248.3
5920.6
5929.3
5949.2
5242.2
4150.4
3585.5
3528
3668.5
3670.9
3601.2
3672.4
3805.2
4265.5
4689
5355.3
5971.1
6859.5
7694.8
8505.4
8937.2
9464.1
9353.6
8873.9
8426.7
8358.3
8845
9041.1
9411.3
9511.4
8961.9
8453
8296.8
8528.9
7628.1
6159.1
4874
4879.9
5071
5052.9
4908.9
4822.9
4826.3
5288.5
5834.8
6465.3
7290
8185.7
9205.3
10164
11150.6
11711
12327.6
11994.5
11541.2
10793.2
10872.3
11575.3
11816.7
12309.2
12487.1
11931.1
11111.6
10785.1
11142.2
10183.4
8185.7
6305.2
6203.5
6419.3
6542.2
6340.6
6219.3
6207.3
6556.8
7249.5
7975.6
8991.8
9960
11166.3
12494.5
13853.7
14760.2
15666.8
16092.4
15764.4
14774.1
14051.8
14426
15244.6
15435.3
16127
16196.6
15673.5
14625.2
14100.3
14435.2
13495.2
11025.5
8532
8244.1
8614.1
10128.3
14313.3
18001.5
18863.7
15905.5
11787.4
11017.5
11570
12700.8
13985.7
15689.5
17232.4
18656
19672.4
20627.4
20872.1
20337.9
19165.6
18428.8
18941
19766.9
20206.2
21123.5
21085.4
20442.4
19148
18690
18646.9
17265
14051.5
10984.6
9974.4
9869.9
9836.8
9645.9
9273.1
8975.8
8668.7
9032.1
9701.6
10516.7
11509.7
12677.3
14034.2
15436.5
16799.3
17853.6
18929.3
19385.2
19495.1
18687.6
17730.7
17434.9
17578.2
18150.2
18687.6
19000.3
18972.6
18299.6
17298.4
16728.2
16440.4
14983
12459.6
9902.5
8425.3
7877.6
7734.6
7466.6
7070.8
6795.9
6383.5
6438.7
6552.5
7014.8
7502.2
8174.3
8912.9
9823.5
10736.4
11501.2
12295.7
12783
13092.2
12981.2
12688
12124.7
11940.3
11904.2
12212.9
12471.7
12639.8
12591.3
12142.7
11706.9
11294.2
10815.7
9747.1
8340.4
6853.7
5663.9
4945.3
4628.7
4264.4
3914.2
3618.2
3305.1
3127
2998.7
3045.7
3093.6
3269.6
3609.6
3826.8
4076
4534
4710.3
4955.7
5125.2
5247
5200.6
5133.8
4962.6
4772.5
4815.4
4828.1
4975.5
4869.7
5013.1
4776.2
4723.5
4463.6
4266.8
3843.5
3347.9
2778.4
2260.2
1953.2
1705.5
1433.3
1234.4
1073.3
923.1
806.6
663.6
526.3
561.4
432.7
377.4
419.7
336.2
366.3
321.8
399.9
379
340.4
329.1
298.2
313.5
294.3
290.3
327.9
372
295.4
302.4
299.2
414.5
316.2
339.8
381.5
406.3
408.7
336.5
501.3
412.1
336.1
380.7
430.6
371.2
507
473.9
498.6
467.1
529
712.3
721.9
750.3
666.8
650.9
679.8
694.6
731.4
710.9
786.7
764
917.4
833.4
837.6
894.4
950.1
1065.7
1072.9
1130.5
1236.2
1334.1
1446.3
1746.1
1805.8
1953.1
2104.7
2396.2
2543.9
2705.4
2976.5
4061.1
5587.3
5489.6
4155.7
1901.5
1260.4
1243.8
1225.9
1301.5
1514.9
1482.2
1624.1
1830.4
2029.4
2221.1
2542.1
2806.4
3169.8
3669.2
4024.6
4577.9
5085.9
5811.8
6431.5
7163.3
7978.6
8857
9800
10708.3
11788
12904.1
14006.9
15371.5
18640
24112.5
28056.2
26458
18615.1
9911.2
5484.7
3874.9
3472
3138.1
2929.1
2782.6
2668
2470.8
2442.2
2490.5
2419.1
2576.3
2529
2737.7
2710
2831.7
2962.5
3202.2
3348.9
3676.8
3978.2
4305.6
4705.9
5035.2
5417.2
5898
6275.6
6723.2
7085.7
7360.5
7612
7760.7
8117.1
8078.3
8236.9
8298.4
8397.3
8462.9
8542.2
8511.4
8481
8466.7
8495.4
8404.3
8078.1
7885
7696.4
7483.1
7149.6
6821.4
6529.5
6223.5
6010.6
5711.4
5434.2
5274.1
5110.6
5069.1
5079.4
5259.8
5390.8
5603.7
6012.3
6312.9
6755.6
7294.5
7998.8
8498
9233.9
9999.2
10805.6
11650.6
12523.6
13483.7
14255.4
14807.3
15176.5
15396.9
15520.6
15751.1
15821.9
15794.2
15667.3
15654.7
15786.3
15698.5
15544.5
15446.6
15472.9
15347.2
15020.8
14650
14205.6
13973.7
13616
13285.7
12791.4
12290.9
11930
11686.7
11391.1
11192.6
11132.4
11389.2
11462.2
11622.2
11673.9
11678.8
11691.6
11529.1
11350.6
11339.3
11426.2
11532.9
11708.8
11880.9
12384.2
12823.7
13570.1
14603.5
15448.1
16423.7
17425.8
18277.4
19018.7
19625.1
20388.8
21118.8
21723.1
22349.2
22663.8
23229.8
23929.8
24355.5
24549.3
24858.5
25214.9
25810.3
26150.9
26619.9
26855.2
27010.5
26965.6
26630.6
25865.3
24798.7
23346.4
21801.7
20242.8
18593.1
17072
15584.2
14232.6
12699.9
11578.6
10467.1
9615.7
9160.5
8989.4
8929.8
9142.2
9481.4
9898.7
10429.6
10931.7
11695.2
12603.8
13567.1
14390.2
15536.6
16645.5
17772.7
18899.1
20013.8
21207.7
22148.1
23133.8
24379.1
25417.4
26570.7
27801.5
28933.7
29736.1
30441.2
30963.7
30942
30453.7
29985.5
29311.4
28084
26767.8
25595.8
24332.6
22945.9
21469.5
19766.3
18240.2
16656.2
15137.8
13676.2
12501.3
11608.3
10699.6
9966.3
9280.4
8822.5
8335.8
7910.1
7596.3
7463.8
7287.8
7325.1
7387.5
7573
7770
8154.7
8461.9
8843.5
9304.9
10003.7
10689.3
11287.6
11893.3
12634.5
13458.8
13972.8
14527.3
15016.7
15419.1
15762.9
16142.6
16519.6
16607.1
16804
17066.9
17091.8
17146.3
17151.8
17147.9
16989.7
16901.2
16633
16350.6
15853.7
15461.8
15083.8
14597
14437.9
14259.4
14138.5
14305.9
14470.6
14513.5
14598.9
14530
14312.6
14082.5
13393.3
13011.7
11941.9
11340.1
10783
10167.8
9558.3
8940.1
8285.7
7646.8
7031.8
6444.5
5868.5
5181.6
4524.5
3902.6
3418
3078.2
2704.2
2585.4
2386.7
2369.8
2264.9
2321.5
2290
2397.4
2418.1
2493.7
2542.6
2672.1
2786.5
2938.5
2993.9
3157.6
3333.1
3396.8
3643.2
3905.7
4055.6
4142.3
4320.8
4362.6
4396.3
4416.8
4400.3
4360.8
4214.6
4123.5
3942.6
3907.3
3666.4
3446
3311
3185.7
2940.8
2884.1
2424.4
2253.1
2049.6
1961.6
1736
1584.3
1397.7
1330.6
1281.2
1239.4
1264.7
1289.3
1325.2
1268
1316.8
1389.7
1496.7
1585
1648.5
1748.7
1894.6
2052.3
2190.1
2364.7
2571.7
2877
2977.5
3299.9
3513.5
3743.6
4071.5
4202.5
4377.3
4430.1
4418.8
4605.3
4498.1
4502.7
4448.7
4389.4
4323.2
4176.8
4034.2
3757.4
3663.8
3556.7
3332.6
2926.5
2733.8
2559.6
2331.1
2136.1
1884.6
1692
1468.5
1407
1230.7
1206.6
1112.2
1079.1
1066.8
1044.7
1079.9
1001.9
1089.4
1011.2
1015
1017.7
1026.6
1095.5
1091.9
1202
1256.8
1211.5
1413.6
1404.3
1522.4
1599.4
1731.5
1876.5
2143.2
2408.2
2467
2629.7
2625
2603.9
2829.7
2773.1
2629.1
2621.9
2638.2
2647.1
2646.8
2838.8
2402.5
2346.4
2259.8
2180.1
1953.9
1759.6
1655.2
1509.1
1351.4
1258.7
1116.9
910.3
835.2
725.3
739.2
649.7
594.6
598.4
688.1
643.8
674.5
655.2
676
683.2
512.4
642
594.5
537.6
652.5
504.4
475
495.1
464.8
462.7
373.3
377.2
300.5
265.3
270.5
260.2
261.2
141.6
240.5
150.3
158.4
135.5
197.2
73.2
203.7
83.4
146.1
172.3
167.2
182.2
221.8
222.7
282.4
247.6
299.8
387.8
393.1
465.7
522.1
469.9
485.1
498.9
461.4
430.8
465.7
402.8
448.2
444.2
424.9
379.4
324.6
311.5
295.5
335.1
316.4
226
304.5
119.6
138.3
309.9
104.1
107.6
123.4
34.6
55.3
51.7
31.6
6.8
0
48.7
45.3
98.4
257.8
61.8
0.7
14.1
57.7
159.5
66.8
68.8
87.5
105.6
145.3
128.3
100.5
151.7
212.3
218.5
221.8
261.5
335.5
339.5
364.5
345
381.3
370.5
348.7
348.7
378.3
370.2
349.9
243.9
326
330.4
217.3
220.2
214.5
170.4
135.6
201.8
177.3
149.6
190.2
246.5
341.6
491.1
685.2
782.2
747.7
658.4
631
628.1
642.4
671
701.8
752.9
696.6
576.8
478.7
510.3
381.2
503.7
373.9
345.2
355.2
297.6
321.2
263.3
284.3
278
253.2
291.6
292
280.2
479
308.8
281.9
299.7
251.4
332.4
361.8
268.7
336
328
408.8
438.8
391.1
361.5
379.2
341.9
269.3
323.2
261.3
281.3
189.8
135
163.4
198.8