6694.2
5065.3
3348.6
1818.2
1363.7
1588.8
1862.3
2242.7
2776.7
3501.9
4447.3
5654.3
7016.1
8750.4
10827
13290.7
16355.5
19298.1
20640
18567.5
12875
7204.6
2988.7
2110.2
2197.5
2387.6
2815
3421.8
4175.7
5132.6
6622.7
8082.6
10088.8
12540.8
15551
18896.5
23423.7
28264.4
32601.7
33567.1
27878.1
18025.2
8848.5
2578.6
1518.6
1315.8
1151.9
1098.3
1204.2
1027.5
964.5
950.2
1106.1
1067.7
1216.2
1377.3
1539
1803.9
2131.1
2353.8
2658.8
2650
2350.1
1795.5
1327.8
1004.7
1078.2
1226.3
1420.9
1793.9
2247.8
2930.2
3626.2
4380
5254.2
6112
6561
6277.2
4854.9
3328.3
1951
1387.6
1598.5
1639.5
1902.9
2054.3
2095.4
2595.8
3122.1
4017.7
5273.2
6772.9
8096.5
9716.9
12022.7
14116.8
15474.2
14890.8
11553.6
7564
3931.3
2047.3
1963.4
2138.5
2248.2
2572.5
2997.9
3542.6
4194.3
5123.5
6120.8
7406.7
9119.6
11074.6
13257.6
15993.9
19030.4
23535.7
27743.7
29932.3
29096.2
22987.4
14859.7
7725.5
2856.8
1921.2
1967.7
1944.5
2190.6
2367.2
2696.2
3092.8
3664
4430.6
5178.7
6291.8
7520.7
8979.1
10816.8
13083.9
15456.8
18062.1
21684.9
26484.3
29580
30518.1
27088.8
19942.5
12234.8
5795.7
2650.4
2447.5
2511.5
2656.8
2978
3367
3893.9
4496.2
5135.1
5510.6
5363.8
4610.2
3530.3
2467.3
1726.2
1521.3
1569.5
1658
1812.3
2123.7
2347.1
2839.7
3418.3
4109.9
4800.6
5474.8
6166.7
7452.7
8541.9
8934.6
8660.5
7214.9
5056.8
3138.3
1688.1
1278.7
1246.2
1293.8
1353.4
1530
1559.8
1676.8
1817.3
2032.6
2442.6
2956
3651.5
4582.3
5527.8
6588.3
7590.9
8874.1
10739.2
12348
13275.4
12849.8
10707.6
7510.7
4401.7
2179.5
1533.9
1458.8
1524.8
1605.2
1584.1
1682.2
1892.6
1903.3
2045.7
2299.5
2555
2861.6
3302.2
3866.7
4431.5
5124.7
6082.5
6942
8125
9292.5
11065.1
13139.7
14513.2
14635.3
13085.9
10032.3
6473.1
3334.2
1421.4
959.4
927.3
861.1
889.9
845.5
1063.7
1083.3
1141.9
1183.1
1320.6
1433.7
1661.3
1752.8
2036.7
2259.1
2590.7
2974.2
3394.6
3909.5
4518.6
5214.1
6018.5
6996.9
8411.3
9656.3
10200.5
10137
9149.8
7561.2
5848.2
4227.4
3392.9
3014
2288.8
1683.4
1277.8
862.6
915.9
861.5
835.3
846.4
876.6
957.5
1029.6
1107.5
1251.4
1407.6
1604.8
1895.5
2116.3
2402.3
2679
3086.4
3597.7
4037
4315.6
4049.5
3585
2675.8
1763.1
936.5
551.5
480.7
473.3
503.4
522.4
530.1
579.3
608.8
647.5
902.3
692.5
734.9
799.5
948.9
1189
1211.4
1510.6
1808.4
2066.4
2397.4
2699.2
3093.3
3709.1
4548
5092.2
5464.1
5178.3
4588.4
3607.1
2440.6
1505.4
1069.4
1003.3
1046.2
1032.2
990.6
931.3
833.7
783.1
720.4
740.4
751.4
784.6
822.1
895.1
945.6
989.5
1121.8
1384.3
1384.6
1519.8
1707.3
1989
2202.3
2559.9
2873.8
3254
3722.1
4440.5
5035.5
5264.3
5008.5
4527.7
3687.1
2574.8
1595.5
910.1
597.6
579
615.3
631.7
623.3
617.6
668.6
709
720.3
728.4
833.2
825.3
872.8
885.3
922.3
983
1100.8
1287.4
1342
1544.9
1730.8
1972.4
2282
2599.9
2821.4
2962.1
3019.7
2957.5
2854.5
2730.1
2837.3
2958.4
3030.8
2880.2
2696
2258.3
1706.8
1290.4
777.1
656.9
615.2
605.9
694.6
754.2
768.3
853.3
901.4
1081.1
1193.8
1330.9
1406.4
1524.6
1740.2
1978.5
2302.3
2452.5
2466.2
2308.1
2068
1715.2
1238.4
796.5
567.4
525
495.5
469.8
456.6
484.9
465.4
596.4
478.9
521.9
550.9
591.4
572.1
666.5
596.1
597.1
595.5
676
649.7
670
766.3
889.3
976.6
1210.6
1296.6
1478.8
1585.8
1743.2
1976.6
2285.2
2678.6
2917.5
3027.9
3017.9
2880.8
2690.8
2270.9
1988
1654.8
1510.5
1476.8
1425.3
1277.9
1143.4
986.4
735.7
612.5
502.8
559.6
484.6
589.6
801.6
864.6
958.1
1029.1
1110.5
1002.5
916.1
772.4
705.6
812.8
837.2
907.8
969.9
1032.4
1052.2
1232.3
1283
1331.5
1472.6
1566.5
1654.1
1817.6
1998.8
2172.4
2247.3
2163.5
2036.5
1888.8
1594
1304.7
979.3
689.9
578.4
556
540.7
556.8
548.4
513.8
543.4
558.5
586.1
571.5
630.6
707.2
752.5
762.7
859.7
971.9
977.7
952.1
878.1
935
711.9
636.7
521.3
500.3
426.2
426.2
453.8
557.9
512.6
514.7
611.3
608.3
668.7
673.9
767.2
768.5
840.7
914.4
910.2
986.8
1073.2
1062.3
1012.6
977.8
1009.7
966.4
866.5
810.1
810.9
848.7
943
951.5
1019.6
1132.3
1247.6
1210.2
1199.7
1137.6
1133.8
1080.6
916.9
792.9
697
640.1
682
557.6
528.4
566.6
536.9
522
486.9
551.2
471.9
466.6
476.1
434.9
470.3
536.2
523.2
700
596
637.3
618.3
691.3
765
782.8
805.9
843.2
882.9
943.4
971.7
1022
1015.5
1049.7
1262.5
1241.1
1342.7
1347.2
1522.3
1543.9
1637.5
1780.3
1917.4
1949.7
1951.7
1932.9
1950.1
1959.3
1841.2
1784.6
1706.5
1583.5
1437.3
1340.3
1172.3
1061.6
915.5
867
803.8
769.3
702.4
696.2
699.1
644.8
594.5
520
466.4
491.9
471.6
581
597.9
692.9
574.6
510.9
558.1
485.6
475.4
506.9
484.4
478.5
455.8
495
511.2
489.6
495.2
517.8
490.7
491.1
470
572
518.8
458.4
472.2
531.5
533
559.2
744.6
730.6
651.5
681.4
680.4
633.3
627.3
668.6
579.5
612.6
706.4
738.8
834.9
898.3
1107.2
1120.7
1218.1
1368.2
1489
1578.3
1617.8
1684
1769.9
1833.8
1891.7
1909
1968.8
1959.8
1994.3
1944
2023.6
2089.1
2004.8
2024.3
1963.3
2006.5
2063
2108.4
2175.8
2106
2165.5
2179.4
2156.4
2110
2101
2011
1966.7
1928.3
1926.2
1928.1
2034.5
1943.8
2025.6
2004.2
2010.4
2063.7
2096
2161.7
2073.5
2043.3
2091.5
2031.4
1996.1
1979
2061
1960.3
2004.8
1941.2
1939.9
1918.3
1908.8
1867
1883.2
1865.2
1764.7
1669.5
1584.6
1481.7
1469.2
1460.1
1398.4
1461.5
1438
1474.1
1535.2
1604.3
1647.2
1674.6
1641
1655.6
1590.2
1552.3
1514.2
1412.1
1419.5
1362.2
1332.9
1244.3
1215
1146.4
1180.3
1205.7
1243.1
1277.5
1284.5
1341.3
1247.5
1254.5
1253.7
1241
1234.3
1163.4
1240.4
1168.3
1204.6
1186.9
1144.2
1109.4
1130.4
1189.2
1258.6
1297.7
1334.2
1347.5
1335.3
1356.6
1373.6
1318.4
1245
1169.8
1203.2
907.3
826.6
831.9
648.8
660.6
634
645.7
634.5
651.4
706.9
611.6
728.2
727.1
724.4
712.5
732
830.8
846.1
863.5
859.6
836.6
966.2
916.5
1015
978.5
1061.5
1082.8
1119.3
1150.1
1191.7
1256.8
1251.6
1283.3
1261.2
1368.4
1438
1499.3
1620.1
1689.6
1864.2
2001.5
2197.8
2457.5
2776.9
3203.1
3612.4
4212.5
4729
5222
5469
5619.4
5702.1
5872.3
5933.5
5988.2
6121
6227.6
6388.1
6145.5
5865.1
5550.2
5279.1
5186.6
5108.6
5293.5
5730.2
6382.9
6985.5
7610.2
8043.9
8282.4
8352.5
8550
8459.1
8727.7
8714.1
8757.5
8975.1
8998.9
8382.7
7701.9
7029.3
6641.5
6306
6188.7
6373.6
6914.2
7451.8
8006.1
8776.8
9144.6
9334.8
9355.3
9450.7
9469.3
9689.7
9789.4
9813.9
10105.6
10014
9518.6
8622.8
7771.2
7103.4
6609
6388.7
6572.2
7051.3
7633
8199.1
8929.1
9505.4
9918.4
10047.7
9947.3
9833.1
9847.1
10212.2
10292.1
10332.2
10577.3
10274.6
9746.1
8565.2
7524.4
6828
6253.8
6016.1
6251.8
6533.5
7013.1
7560.5
8306
8899
9212.5
9340.6
8990.5
8864.9
8879.6
8964.9
9283.8
9296.1
9392.7
9228.3
8928.7
8072.1
7037.6
6174.1
5550.6
5315.1
5554.6
5827.1
6270.6
6780.3
7332.9
8033.3
8649.4
9002.4
8945.1
8574.4
8462.8
8317
8652.1
8967.7
9134.2
9191.1
9119.6
8784.6
8134.5
7009.4
6104.5
5399.9
5217.7
5350.5
5558.7
5822.1
6208
6668.9
7196.1
7906.7
8152.6
8216.6
7891.6
7496.9
7359.5
7354.3
7684.6
7870.8
7809.1
7754
7730.4
7183.6
6225.9
5126.8
4292.7
3603.4
3408.6
3446
3329.7
3234.4
3286.2
3461.9
3860.5
3969.9
4231.1
4245.7
4122.1
3894.7
3830.9
3823.5
4107.8
4271
4514.6
4210.1
4193.3
4006.8
3720.1
2990.1
2503.8
2180.9
2143.5
2217.8
2317.4
2360.4
2348.1
2526.5
2641
2880.2
2982.2
3136.8
2984.4
2807.2
2665.9
2620.3
2747.9
2720.7
2749.3
2696
2675.4
2575
2504
2281.2
1914.6
1727.6
1576.9
1550.7
1609.3
1669.3
1743.4
1846.9
2042.9
2283.2
2615.6
2809.4
3200.1
3389.7
3614.1
3634.2
3546.4
3401.9
3349.9
3455.9
3459.2
3596.6
3665.8
3484.8
3326.3
3300.5
3282.7
2936.8
2455.9
2222
2270.4
2358.6
2344.7
2303.5
2428.1
2596.7
2976.7
3331.3
3761.1
4198
4780.9
5271.3
5758.9
5960.5
6042.1
5893.2
5606.1
5483.5
5638.5
5737.5
5987.4
6173.3
5917.6
5580.5
5472.5
5511.5
5141.3
4228.8
3449.8
3285.8
3440.2
3495.7
3338.8
3433.6
3434.9
3799.2
4205.2
4792.1
5397.4
6080.4
6837.5
7554.6
8143.9
8604.4
8787.5
8357.9
7918.2
7732.9
8137.6
8367.1
8567.7
8844.7
8536.2
8139.3
7738.6
7988.6
7537.6
6404.4
5026.8
4582
4829
4888.8
4751.8
4652
4605.9
4831.9
5471.3
5953.2
6677.6
7425.6
8383.9
9403.9
10338.8
10955.9
11616.3
11601.6
11156.1
10505.4
10315.9
10807.2
11198.4
11538.6
11963.6
11626.4
10966.2
10300.4
10751.7
10265.9
8697.9
6682.1
6052.1
6134.3
6362.1
6311.3
6122
6073.2
6267.6
6830
7455.2
8365.7
9378.3
10387.5
11716.6
13020.7
14097.8
15012.6
15497.2
15416.4
14861.1
13973.3
13770.5
14601.2
14890
15480.2
15983.6
15431
14651.9
13980.9
14300.5
13754.2
11822
9231.5
8338.5
8506.9
9586.7
13154.8
17627.9
19616
18081.1
13351.6
11306.7
11443.5
12370.3
13502.1
15107.7
16541.5
18120
19286
20346.9
20675.9
20418.1
19593.9
18703.9
18737.2
19513.5
19981.1
20867
21119.5
20572.8
19531.5
18758.5
18734.5
17906.5
15230.2
11965.1
10156.4
9791.8
9782.6
9590.1
9183.5
8851.8
8611.7
8704.5
9270.8
10040.2
11080.3
12123.2
13401
14692
16088
17257.1
18472.9
19030.8
19265.3
18892.8
18016.9
17443
17508.5
17696.2
18299.3
18825.7
18829.1
18420.2
17775.2
17039
16708
15617.5
13470.8
10860.6
8993.2
8164.3
7805.6
7716.1
7228.3
6967
6504
6398.1
6544.9
6826.9
7347.9
7944.5
8695.1
9475
10445.3
11210.3
12016.9
12540.3
13136.8
13032.9
12883.6
12382
12159.1
12084.7
12149.8
12457.7
12669.2
12754.8
12438.7
12066.2
11555.1
11047.1
10402.6
8992.2
7565.2
6211.3
5399
4836.8
4557.3
4149.8
3858.9
3583
3321.5
3182
3087
3276.9
3400.2
3620.2
3982.1
4186.2
4561.6
4780.6
5098.3
5282.8
5450
5469.1
5326.9
5237.9
5144.4
5084.2
5016
5212.2
5193.3
5260.3
5062.3
4950.7
4742.2
4548
4214.4
3690.8
3247
2735.4
2226.6
1887.5
1684.1
1491.2
1333.6
1199.4
969.1
939.5
729.9
653.9
627.1
543.4
534.9
512.5
572.9
548.8
500.9
504.9
469.5
485.4
459
454.6
480.6
530.1
437.5
472.2
472.5
540.1
461.3
487.5
487.7
540.6
567.8
517.9
685.8
603.4
548.7
547.9
578
535
634.1
612.3
612.7
587.3
609.4
721.9
741.5
828
872
915.8
935.7
870.2
816.2
798.1
846.7
873.6
1011.8
947.6
937.8
995.9
1031.8
1144.5
1123.6
1177.3
1208.7
1315
1376.1
1621.4
1678.6
1790.4
1944.5
2175.7
2387.7
2516.4
2778.4
2953.2
3195.7
3891.8
5671.1
6099.1
5183.4
2988.5
1477.2
1372.5
1531.1
1432.1
1497.2
1619.4
1765.2
1939.7
2168.2
2348.1
2610.9
3001.1
3252.1
3757.5
4195.1
4765.3
5332.1
6035.6
6712.3
7532.6
8400.6
9326
10382.9
11627.7
12821.2
13988.3
15113.3
16662.1
19767.7
25161.3
30290.2
30644.5
24460.8
14410.3
7715
4690.2
3817.4
3428.2
3201.6
2907.7
2767
2717.3
2591.2
2681.7
2555.5
2662.3
2563
2642.4
2711.4
2881.7
2945.6
3216.8
3390.5
3656.6
3962.5
4253.3
4572.9
4962
5411.3
5844
6263.4
6668.5
7073.8
7349.9
7672.9
7789.1
8073
8257.9
8359.7
8371.9
8407.9
8607.5
8734.6
8671
8616.6
8605.2
8609.5
8569.2
8348.5
8168.1
7896.4
7652.1
7405
7067
6798.2
6513.1
6189
5932.1
5627.1
5400.8
5229.2
5211.9
5105
5202.2
5427.1
5558.7
5786.1
6138.8
6637.9
7027.8
7531.3
8219.6
8919.8
9610.2
10306.1
11276.6
12105.1
12923.9
13700.4
14334.7
14789.2
15152.4
15354.7
15604
15599
15620.2
15562.8
15564.9
15716.7
15645.1
15514.4
15433.7
15373.7
15449.1
15168.8
14775.5
14346.1
14156
13860.9
13284
12891
12543.8
12084.7
11868.4
11413.8
11277.8
11156
11298.7
11295.2
11477.7
11443.5
11495.9
11586.1
11489.2
11426.4
11288.1
11334.3
11353.2
11524.2
11668
12001
12663.7
13257.4
14101.3
15024.1
16002
17029.4
17792.7
18627.4
19494.1
20163.8
20990.1
21535.6
22105.5
22670.4
23248.7
23703.9
24332
24624.5
25126.8
25464.5
26002.1
26553.4
27038.7
27405.4
27576.9
27625.8
27493.2
26906.3
25850.2
24618
23023.3
21354.3
19696.7
18453.3
16699.7
15254.7
13770.3
12369.4
11174
10223
9485.9
9261.9
9255.6
9321.4
9632.8
9899.3
10362.3
10963.7
11782.6
12447.4
13487.6
14477.2
15599.6
16682.5
17875.9
19223.4
20338.4
21490.4
22740.4
23818.9
24928.1
26090.9
27539.5
28819.7
30038.2
31482.1
32377.3
32720.3
32689.7
32612.9
31982.7
31275.3
30178.9
28941.6
27535.8
26225.3
24814.9
23311.8
21717.1
19915.1
18145.2
16403.3
14917.7
13488.1
12425.4
11441.6
10692.9
9871.2
9273.2
8787.1
8401.2
7916.6
7693.6
7512.4
7542.2
7503.1
7743.3
7876.4
8102.9
8359.4
8848.4
9456.2
9940
10412.2
11193.2
11988.7
12649.5
13276.7
13950.8
14519.2
15030.8
15459
15905.6
16175.8
16538.9
16916.2
16994.4
17188.7
17360.1
17613.4
17594.8
17541.1
17439.4
17270.7
16998.6
16844.8
16462.8
15968.1
15628.3
15140.1
14811.7
14463.9
14395.3
14466.4
14518.8
14689.6
14549.3
14458.2
14320.8
14347.4
13586.9
12844.4
12020.5
11410.8
10796.8
10106.1
9506.3
8985.4
8410.3
7775.5
7135.9
6426.7
5926
5416.2
4842.8
4172.9
3545.7
3180.7
2859.7
2676.2
2434.8
2404.5
2279.5
2362.4
2300.9
2336.9
2393.2
2449.4
2552.9
2687.4
2737
2879.8
3073.9
3064.4
3266.7
3457.7
3570.7
3726.1
4043.7
4190.9
4264.6
4239.1
4360.9
4416.2
4437.1
4447.2
4303.6
4285.2
4074
3888.9
3765.6
3659.8
3450.4
3475.5
3077.1
2906.8
2640.7
2508.2
2286.9
2163.2
1931
1747.2
1618.5
1496.6
1454.4
1414.6
1440.6
1373.3
1356.2
1378.3
1498.4
1534.3
1586.8
1645
1763.1
1862.9
2022.7
2167.8
2344
2539.1
2624.1
2873.9
3073.2
3382.7
3698.9
3989
4163
4360.7
4535.4
4755.1
4699.8
4710.5
4754.7
4803.3
4734.9
4739
4669
4466.7
4296.3
4171.9
3987.7
3800.2
3592.1
3301.9
2980.5
2805.6
2618.6
2381.2
2045.7
1921
1642.4
1522.1
1406.3
1295.1
1251
1226.7
1213
1180.1
1199.3
1162
1114.5
1123.9
1141.6
1173.3
1124.6
1224.4
1282.1
1281.3
1385.1
1411.5
1538.7
1594.2
1711.2
1807.6
1962.3
2183.7
2321.3
2569.6
2692.3
2836.9
3059.4
3077
3040.4
2995.2
3041.6
3044.8
3019.1
3311.4
2979.8
2869.7
2842.7
2747.8
2617
2488.7
2435.5
2116.7
1835.9
1764.5
1696.1
1458.1
1282.4
1122.2
1022.2
887.9
721.7
695.8
719.2
684
680.3
667.8
695.4
706.8
539.5
666
610.1
553.2
642.1
548.5
519
498.2
499.4
485
465.7
462.3
399.1
349.7
342.1
335
347.5
250.3
326.1
215.6
253.2
230.7
228.1
129.8
242.5
121.3
168.3
199.6
193
172.5
216.9
197.4
267.7
242.1
274.7
337
333.2
430.5
444.2
435.8
481.5
503.3
464.1
419.6
498.7
449
502.2
442.6
418.9
438.3
405.1
391.6
370.7
372.8
370.2
302.4
392.3
249.7
251.1
417.2
168.2
165.2
196
100.5
122.3
88.3
80.8
38.3
41.8
86.9
86.5
91.7
259.1
117.9
0
45.1
65.8
141.1
73.7
58.1
61.5
71.9
153.1
98.3
106.4
180.1
192.1
188.7
192.9
219.6
286.1
269.3
298
300.1
369.4
404.2
407.1
349.8
405.9
410.1
430.6
351.1
377.8
350.6
251.2
249
293.5
259.8
220.8
273.5
240.4
161.3
174
170
179.6
224.2
379.5
517.2
629.4
682.4
713.3
736.4
673.4
633.8
660.7
743.4
745.9
640.4
638.7
638.2
542
605.8
471.2
451.9
456.5
347.8
401.3
301.2
306.7
295.8
303.2
327.9
332.7
295
477.2
343.7
277.1
289.6
287.9
323.9
368.7
288.7
329.6
322.3
407
431.7
397.1
365.8
432.2
394.1
344.3
375.9
346.4
374.4
278.7
254.6
257.5
266.6
211.5
230.4
NaN