7277.6
6012.3
3990.8
2395.9
1487.2
1525.9
1801.4
2117.4
2630.9
3324.3
4124.5
5192.1
6690.2
8245.1
10196.6
12646.4
15546.5
18811.5
20947.7
20245.7
15425.7
9353.1
4344.7
2093.1
2159.1
2338.2
2666.8
3216.2
3966.8
4834.7
5987.7
7712
9402.4
11743.1
14588
17868.5
21859.2
26991.7
31652.3
34183.2
30936.8
21705.1
12134.3
4248.9
1613.1
1388.9
1229.1
1108
1107.6
1138.6
1032.5
975.4
1027.8
1176.9
1201
1373.5
1536.9
1749.6
2088
2479
2647.5
2847.5
2543.8
2074.5
1495.4
1167.4
1069.3
1199.9
1404.9
1727
2187.4
2767.6
3492.6
4241.9
5216.3
6140.1
6737.9
6753.6
5588.3
3990.1
2495.2
1542.8
1467.6
1780.4
1778.1
2077.5
2223
2439.3
3047.7
3840
4987
6373.4
8033.4
9443.2
11622.9
13921
15625.2
15841.2
13214.7
9219
5343.7
2480.9
1941.9
2048.2
2306.6
2509.5
2929.6
3369.4
4065.1
4902.9
5892.1
7054.9
8624
10650.2
12764.9
15342.5
18376.8
22403.9
27184.5
30081.4
30077.8
25833.1
18001
10236.7
4202.4
2114.8
1905.8
2040.5
2069.1
2365.1
2571.1
2991.8
3489
4164.7
5029
5895.4
7191.1
8542.2
10350.1
12361.1
14769.9
17402.1
20572.8
25294.1
29164.5
30497.6
28939
22806.5
14997.4
7969.8
3340
2472
2547.7
2700.8
2986.2
3370.7
3859.7
4536.7
5263.5
5712.5
5717.2
5173.1
4052.4
2938.7
1986.2
1576.1
1582.5
1642.9
1777.6
1977.9
2385.1
2728.7
3262.6
3993.7
4703
5429.3
6168.7
7390.3
8570.2
9268.6
9102.5
8099.1
6083.6
3895.5
2151.8
1365
1315.2
1328
1412.5
1467.4
1618.2
1641.1
1811.1
2023.2
2350.2
2858.5
3577.4
4391.2
5465.3
6457.6
7471.4
8711
10508.9
12320.4
13394.3
13354.7
11867.2
8862.3
5613.4
2840.7
1678.4
1511.3
1513.3
1552.9
1647.2
1632.3
1749.2
1986.9
2054.7
2236.3
2494.7
2822.1
3245.1
3706.8
4338.6
4979.5
5827.8
6801.1
7855.5
9106.1
10673.8
12810
14390.6
14822
13924.5
11322.4
7860.8
4398.9
1910
1092
933.9
906.4
851.3
927.3
900.5
1104
1155.4
1233.3
1276.7
1406.4
1560.7
1772
1936
2253
2533.2
2841.3
3323.6
3777.7
4386.3
5042.1
5846.5
6770.1
8023.7
9385.7
10303.2
10303.3
9664.8
8303.6
6571
4976.1
3679.8
3191.3
2679.1
1961
1346.7
1132.8
858.7
912.2
866.1
851.4
875.9
910.2
1042.3
1099.7
1221.7
1414.5
1602.8
1860.9
2137
2360.5
2684.2
3090
3634.3
4102.4
4363.7
4436.5
3898.1
3148.6
2096.4
1232.6
650
499.4
479.4
483.4
507
535.5
557.2
591.5
663.8
669.3
907.6
783.8
778.6
883.1
1064.5
1344.7
1417
1727.1
2070.2
2330.6
2725.8
3074.2
3635.1
4363.9
5085.5
5374.1
5484.1
4907.8
4042.7
2872
1824.2
1170.8
1012
1003.5
981.8
958.6
929.8
896.6
753.2
735.1
691.6
735.5
783.4
824.1
844.4
950.4
993.6
1067.5
1225.3
1491.4
1501.5
1694.2
1894.9
2194.4
2463.1
2805
3160.9
3695.3
4262.2
4990.9
5246.1
5192.6
4733.3
4075.8
3025.4
1924.8
1094
690.5
586.2
575.6
617.4
661.5
648.5
635.8
703.2
716.4
720.4
755.6
830.6
867.9
906.1
926.5
1001.7
1047.1
1189.7
1407
1521.9
1718.6
1950.9
2307.4
2621.5
2862.7
2979.8
3103.4
3035.8
2952.7
2898.6
2853.6
2994.1
3025.1
2937.9
2694.8
2447.6
1916.2
1379.5
960.9
647.5
643
626.9
644.4
730.4
760.6
814.4
931.3
1037.9
1145.4
1302.2
1438.6
1549.1
1707.3
1990.1
2267.6
2522.4
2518.4
2464.6
2226.2
1897.2
1463.6
963.2
615.4
466.5
507.6
508.7
460.4
456.1
517.2
478.2
579.7
470.2
526
565.2
575
589.6
649.4
607.4
582.6
613.9
686.1
683.3
747.9
820.3
967.1
1079.8
1378.7
1440.6
1605.8
1730.2
1941
2244.7
2599.7
2932.7
3011.7
3018.6
2945.7
2743.9
2421.5
1974.1
1720.5
1462.8
1424
1361.2
1286.3
1112.7
946.5
828.6
633.9
541.4
481.9
548
584.5
704.8
878
900.6
1016.7
1056.6
1131.5
955.5
841.2
745.5
729.9
836.6
889.2
946
997
1107.6
1125.6
1291.8
1388.3
1394.4
1583
1650.2
1800.6
1959.8
2185.5
2244.6
2231.2
2072.1
1954.8
1775.3
1367.5
1074.5
817.7
608.5
575.2
572.4
532.5
562.3
531.1
523.7
567
562.1
597.5
598
662.1
748.7
798.2
835.3
955.9
1007.5
968.3
916
875.3
852.6
667.1
595.3
486
458.4
419.3
436
459.8
579.9
543.2
577.1
653.3
624.5
660.3
701.3
805.3
823.5
837.3
948.8
1007.7
1042.6
1052.7
1050.2
1002.6
988.7
985.7
950.2
864.1
837.5
857.1
897.9
976.9
1020
1092.5
1236.2
1277.9
1209.1
1164.7
1127.7
1099.7
1017.4
830.3
699.8
655.8
613.4
629.5
531.3
499.4
555.3
519.7
503.7
461.2
557.1
474.9
448.6
481.1
459.6
498.2
530.5
526.4
717.7
618.9
652.6
678.5
699.6
805.1
791
848.6
837
925.3
966.7
1035.9
1073.2
1069.8
1117.3
1332.5
1329.7
1388.5
1398
1621.5
1675.1
1778.5
1913.4
1981.1
2014.1
1959.3
1951
1927.2
1941.6
1766.5
1665.4
1572.6
1501.4
1373.4
1247.8
1087.4
999.1
893.2
833.4
788.3
736.8
679.7
669.3
700.6
625.8
597.7
503.1
488.6
495
508
590.8
624.8
671.1
583.9
522.2
521.5
480.7
467.5
516
508.3
467.5
468.5
497.5
540.4
448.3
477.5
507.4
519.9
504.6
475.9
549
508.8
462.7
510.1
567
567
621.5
756.7
760.9
646.4
703
678.3
613.5
598.4
654.1
586
639.3
725.3
802.9
909.5
1029.2
1211
1221.6
1327.5
1502.1
1610.4
1679.5
1712
1797.9
1888.8
1945
1942.4
2000.8
2076.9
2025.2
2055.7
2025.9
2085.4
2192
2104.3
2065.4
2055.3
2092.6
2186.2
2220.4
2198.4
2246.4
2254.5
2260.1
2220.8
2162.2
2144.2
2059.9
2047
1983.5
2062.6
1956.9
2120.6
2101.5
2114.7
2098
2128.3
2173.5
2173.6
2177.2
2106.7
2092.2
2164.1
2115.9
2098.2
2045.8
2100.7
2030.2
2058
2035.4
2026.7
1983.2
2016.8
1930.6
1875.2
1857.6
1768.1
1663.9
1586.7
1497.3
1485.7
1503.2
1455.9
1557.5
1532
1568.7
1618.9
1692.4
1741.3
1729.5
1722.1
1675.4
1624.6
1608.5
1510.5
1417.6
1393.7
1393.3
1321.8
1259.4
1252.6
1215.5
1194.7
1248.6
1295.5
1299.3
1296.5
1310.3
1288.9
1262.9
1263.1
1268.7
1250
1171.8
1247.4
1187.7
1168.2
1170.7
1159.5
1111.9
1152.7
1169.4
1326.2
1326.6
1371.6
1342.3
1322.7
1319.1
1311.8
1235.1
1152.9
1051.7
1085.7
808.1
764.6
792.4
634.6
662.6
651.9
653
659.3
661.2
737.9
654
747.6
740.2
729.9
750.4
763
827.2
860
867.1
865.9
884.6
990.1
945.5
1024.2
1018
1100.4
1120.1
1150.8
1152.7
1189.8
1252.8
1270
1305.4
1298.7
1421.6
1566.6
1589.1
1771.9
1832.8
2024.5
2236.6
2500.8
2815.7
3247.3
3769.1
4201.9
4854
5307.4
5703.4
5846.9
5978
6049
6223.5
6308.6
6369.7
6584.6
6633.7
6551.3
6161.7
5870.8
5657.3
5440.7
5426.8
5503.5
5905.3
6469.6
7200
7769.7
8273.2
8639.2
8754.2
8860.4
9011.9
8990.7
9171.5
9175.9
9296.6
9321.2
9029.2
8147.1
7558.6
6989.6
6722.9
6451.9
6612.3
7045.3
7681.7
8291.1
8894.4
9438.9
9688.3
9805.3
9827.4
9913.5
10044.4
10203.2
10207.8
10480.1
10492
10058.2
9242.4
8304.8
7628.3
7041.3
6709.3
6765
7211.2
7800.7
8449.7
9119.3
9763.6
10132.9
10345.9
10351.2
10304.6
10305.5
10567.2
10691.9
10761.8
10927
10674.9
10142.9
9278.4
8096.9
7235.8
6699.4
6283.6
6360.4
6741.4
7213.1
7730.8
8312.6
9063
9509.3
9603.1
9491.7
9219
9149.7
9294.7
9561.6
9633.2
9736.7
9815.5
9255.2
8647.7
7445.9
6635.8
5970.5
5586.8
5572.5
5972.5
6282.8
6845.3
7422.3
8079.6
8787
9124.2
9208.6
8989.2
8680.1
8694.5
8789.1
9171
9281.7
9500
9464.1
9178.5
8561.1
7375.9
6586.5
5735.8
5353.2
5392.3
5697.3
5888.3
6214.9
6703.5
7283
7882.8
8266.1
8454.1
8188
7857.6
7581.4
7524.8
7764.3
8031.2
7979.6
7982.7
7778
7598.1
6665.3
5413.4
4644.4
3804.5
3517.4
3403
3441.9
3361.7
3339.2
3510
3736.5
4184
4219.9
4390.8
4298
4080.7
3937
3958.3
4090.7
4449.3
4420.5
4552.6
4377.7
4221.3
3899
3199.3
2714.5
2339.1
2174.9
2274.8
2302.7
2432.8
2449.7
2481.3
2698
2916.4
3133.3
3132.1
3122.9
2959.2
2835.5
2720.4
2731.9
2871.8
2895.7
2799.9
2741.5
2768.1
2575.3
2407.4
2041.7
1781.6
1690.7
1649
1657.8
1709.5
1828.1
1902.6
2113.3
2334
2596.4
2987.2
3185.5
3484.6
3714.8
3819.6
3740.2
3538.1
3598
3567.3
3680.1
3764.6
3793.1
3687.8
3503.2
3506.2
3451.3
3196.9
2686.8
2356.7
2280.5
2437.6
2433.9
2392.8
2476
2695.5
2984.5
3395.8
3812.9
4265.2
4772.1
5398.8
5848.9
6218.7
6337.3
6236
5810.3
5711.6
5902.2
5953.6
6198.7
6405.5
6304.5
5907.3
5738.5
5790.4
5477.7
4700.5
3744.6
3409.7
3520.3
3636.8
3583
3492.4
3630.6
3830.3
4320.2
4777.4
5479.9
6175.6
7010.5
7740.6
8370.4
8849.6
9165
8913.3
8378.9
8030.6
8350.5
8654.1
8949.3
9192.3
9023.3
8536.7
8111.4
8239.8
8086.9
6938.8
5453.7
4801.5
4925.1
5181.9
4969.4
4807.2
4766.9
4934.6
5470.1
6058.4
6795.2
7565.7
8410.1
9529.3
10461.8
11309.9
11900.3
12101.5
11759.6
10996.4
10586.7
11058.3
11537.4
11877.7
12437.6
12095.9
11546.4
10719.8
11019.3
10857.9
9531.4
7297.6
6211.7
6390.1
6478.6
6505.4
6317.8
6297.9
6349.7
6904.6
7608.8
8405.8
9404.3
10483.6
11828.9
13121.9
14346.4
15243.6
16100.8
16003.7
15523.3
14582.2
14188.3
14807.2
15440.9
15838.2
16457.1
16219.8
15343.4
14359.2
14768.8
14594.1
12812.8
10010.2
8471.6
8659.5
9421.2
12407.1
17689.9
20436.6
19856.4
14812.4
11730
11603.3
12428.1
13607
15154.2
16772.6
18351.2
19667
20812.3
21466.6
21236.7
20437.4
19246.3
19236.9
19823.2
20626.8
21236.1
21888.6
21457.3
20435.5
19303.4
19390.4
18854.5
16545.2
13004.2
10603.9
10081
10124.2
9980.9
9694.3
9197.2
8871.9
8913.4
9427.4
10111.6
11057.7
12256.9
13489
14905.5
16207.5
17629
18717.9
19694.5
19941.4
19583.9
18768.1
18000.3
17825.3
18331.1
18724.9
19276.7
19600.8
19112.9
18277.5
17703.4
17140.7
16525.6
14518.4
11704.8
9392.9
8463.7
8080.3
7845.3
7616.9
7133.3
6808.3
6523.7
6639.9
6971.8
7393.5
7989.3
8730.1
9580.3
10474.6
11345.5
12164.9
12842.1
13259.9
13571
13277.1
12949.6
12418.2
12322.4
12428
12720.5
13040.7
13174.1
12902.7
12433.9
12002.1
11447.6
10885.1
9638.7
8028.2
6508.9
5602.6
5034.3
4647.1
4392.4
3994.3
3693.2
3432.9
3272
3193.3
3266.4
3482.3
3628
3915.2
4340.2
4518.5
4839.9
5137.7
5392.4
5521.5
5634.5
5520.5
5346.7
5242.6
5174
5256.3
5172.5
5321.7
5343
5285
5085.2
4957.8
4675.8
4442.8
3932.6
3384.7
2895.4
2415.4
1959.4
1751
1548.4
1379.5
1244.3
1098.4
877.7
829.6
695.8
627.1
610
534.8
523
523.2
549.2
555.9
496.7
519.1
467.5
484.6
483.5
462.9
491.8
503.3
461.9
506.8
474.8
543.5
496.7
506.8
523.3
581.3
591.5
527.9
701.8
606.3
568.7
592.8
622.6
573.2
660.7
619.4
648.7
580.7
670.9
768.9
796.9
929.1
915.6
890.5
905.8
863.7
867.9
837.1
893.6
916.3
1071.6
962.9
993.9
1019.9
1102.4
1165.8
1192.4
1232.1
1296
1428.3
1523.2
1778.3
1854.7
1932.9
2136.2
2401.5
2623.8
2774.8
3029.9
3191.2
3767.2
5532.1
6372.2
5642
3574.3
1663.2
1384
1426.4
1589.4
1549
1594.3
1793.8
1935.6
2124.2
2403.3
2624.2
2911
3369.5
3713.4
4248.3
4696.7
5318.5
5988.7
6762.9
7552.7
8392.3
9380.5
10407.7
11636.7
12828.4
14034.9
15269.7
16483.4
18976.3
24395.1
30556.2
32144.2
27009.7
16569.1
8477.5
5006.7
4002.2
3540.1
3298.6
3059.3
2847.5
2731.9
2698.5
2615.3
2684.9
2623.1
2755.2
2675.7
2789.9
2900.1
3057.1
3203.9
3417.1
3721.2
3979.1
4317.2
4656.4
5006.7
5414.8
5874.7
6364.4
6776.4
7189.5
7564.2
7810.9
8154.1
8239.3
8438.7
8591
8643.1
8676.7
8826.6
8948.5
8930.5
8888.9
8845
8900.3
8858.2
8629.1
8396.3
8215.3
7967
7604.2
7338.3
6962.1
6730.1
6422.2
6058.1
5786.6
5542.1
5379.8
5243.1
5303.1
5254.9
5398.5
5718.5
5862.8
6232.2
6634.7
7190.4
7666.6
8289.3
9000.2
9793.2
10486.6
11318.3
12280.4
13224.6
14036.2
14728.3
15248.8
15478.4
15791.2
16002.6
16173.5
16124.6
15949.9
16140.5
16126.2
16147
16081.5
15863.1
15839.5
15891.7
15731.9
15244.9
14845.6
14495.6
14335.7
13943.1
13334.2
12800.2
12497.3
12131.1
11877.2
11535.7
11468.8
11581.9
11725
11753.1
11764.7
11908.2
11963.1
11866.8
11725.6
11637.7
11598.7
11687.1
11752
11943.4
12223.5
12768.2
13498.1
14350.4
15197.9
16252.8
17248.5
18246.5
18970.8
19838.6
20616.6
21269
22114.3
22493.7
23044.1
23655.2
24405.5
24862.7
25194.8
25504
26034.4
26477.4
27124.1
27584.1
28205.4
28217.2
28455.6
28233.4
27748.2
26904.9
25434.9
24002.2
22216.6
20600.5
18937.6
17498.6
15732.6
14321.6
12829.5
11585.5
10451.1
9779.2
9312.4
9322.1
9476.4
9654.8
10066.9
10410.2
11032.8
11750.5
12748.5
13504.6
14561.6
15739.7
16901.4
18083.7
19302.9
20581.9
21735.8
22920.7
24175.6
25352
26463.2
27767.2
29215.8
30447.5
31609.7
32836.1
33369.5
33458.1
33168.9
32964.3
32136.8
30935.5
29643.6
28403.9
27018.1
25555.6
24014.5
22368
20578.4
18779.7
16909.2
15355.9
13926
12757.9
11831.1
10974.4
10209.2
9555.2
8977.3
8574.5
8165.3
7886.5
7697.2
7650.5
7654.6
7788
8094.5
8238.1
8496.7
8901.6
9459.3
10116.5
10703.1
11306.8
12051.2
12864.6
13497.3
14125.9
14814.2
15324.4
15908.6
16193.8
16633.2
16857.1
17189.6
17499.5
17551.2
17771.3
17967.7
18043
17936.6
18046.8
17733.7
17521.3
17187.6
16918
16482.2
15983
15492.6
15181.8
14856.7
14727.6
14727.2
14809.3
14780.3
14840.8
14719.7
14510
14225
14104
13121.1
12363.1
11628.2
11044.4
10401.6
9668.4
9112.5
8527.6
7910.8
7256.1
6623.9
6003.5
5528.8
4852.1
4277.1
3713.1
3205.6
2967.3
2696.3
2514.8
2409.7
2389.8
2339.4
2388.4
2378.5
2442.6
2526
2623.9
2689.8
2878.5
2880.9
3044.1
3202.6
3261
3451.2
3665.9
3849.5
4019
4300.2
4356.3
4403.5
4471.1
4525.5
4615.4
4587.1
4518.2
4387.6
4299.9
4077.7
3870.3
3752.9
3638.6
3411.7
3418.2
2949.4
2773.8
2493.2
2401.8
2186.2
2013.7
1781.4
1620.7
1529.4
1444.6
1403.9
1419.4
1430.3
1371.8
1382.3
1422.3
1552.2
1632.4
1661.1
1777.2
1878.1
2048
2168.9
2314.6
2540.1
2756.5
2858.3
3132.6
3399.9
3707.6
4084.6
4294.7
4486.5
4653.7
4801.8
4943.8
4893.2
4921.9
4926.5
4894.6
4803.5
4716.9
4658.6
4416.4
4212
4104.4
3950.4
3704.1
3426.8
3095.2
2853.7
2667.6
2472.9
2199.5
1861
1791.2
1511.2
1443
1313.4
1282
1235.6
1223.5
1208.7
1165.3
1187.3
1157.6
1107.6
1155.3
1150.5
1201.2
1195.1
1285.5
1344.5
1331.5
1475.8
1476.9
1598.5
1681.4
1796.4
1917.9
2123.1
2396.3
2524.3
2742.4
2881.8
2958.8
3178.9
3152.4
3093.8
3049.9
3044.2
3089.9
3090.1
3339.9
2949
2867.3
2768
2700.7
2535.1
2400.5
2195
1903.5
1736.8
1640.8
1548.9
1313.4
1127.4
976
912.8
794.9
670.5
673.9
722.3
713.4
652.3
670.4
691.2
710.9
557.2
641.4
590.9
554.8
661.8
570.3
494
504.5
476.9
498.3
441.7
432
358.3
301.8
305.8
334
304.3
233.2
294.3
184.6
224.5
192.9
209.7
117.9
243.1
102.9
154.9
175.1
180.1
163.2
236.1
199
272.1
212
275.1
338.8
343.7
419.8
489.6
455.7
483.2
495.6
460
400.9
475.8
423.1
495.7
432.7
418.3
416.9
377.5
337.4
364.1
365.4
343.2
307.8
383.6
185.2
200.6
342.4
130.3
101.3
160.7
71.5
78.8
56.2
57.7
0
11.9
62.4
60.1
63.5
224.7
78
15.7
35.6
56.3
95.2
60.3
81.5
80.1
76.9
127.8
98
105.2
156.5
188.2
210
180.7
221.1
270.6
277.4
309.4
336.1
377.4
404.2
356.5
355.2
394.2
366.2
397.6
321.3
357.8
290.5
224.2
239.6
232
226.4
165.7
239.9
198.5
135
169.1
169.6
182.2
274.8
441.3
619.3
653.1
687.1
659.7
644
584.1
592.4
607.9
756
708.8
599.9
547.6
518.1
444.8
543.4
440.8
391
386.1
312.2
313.9
278
280.6
269
257.4
288.3
300.3
277.6
435.9
295.2
274.8
299.8
262.9
306.9
340.3
285.8
311
321.3
337
411.7
371.8
359.5
412
353.2
297.5
323.8
270.1
328
219
209.7
206.5
227.6
152.1
192