NaN
NaN
3548.6
1976.5
1088.6
1309.7
1524.4
1808
2332.7
2802.9
3608.6
4537.5
5811.5
7251.4
9119
11122
13667.5
16097.8
18079.3
18064.4
13844.7
8321.5
3617.7
1911
1797.8
2008
2407.2
2812.6
3414.4
4182.3
5348.7
6612.4
8293.3
10534.7
12793.9
15713.9
19252.2
23369
27237.8
30355.5
28251.8
20177.8
10818.8
3453.9
1312.4
1036.4
950.2
905.8
849.3
770.3
755.1
938.8
750.4
788.1
873.7
1140.1
1136.6
1364.7
1607.2
1850.8
2210.6
2389.6
2093.9
1714.7
1147.2
899.6
844.5
983.3
1037.4
1277.3
1668.8
2200.6
2837
3434.4
4184.8
4907.3
5618.4
5903.8
4963.8
3420.1
2010.2
1215.1
1171.8
1185.9
1372.2
1712.4
1744.3
2143.2
2497.5
3072.2
4168.1
5335.1
6641.8
7998.1
9814
11617.1
13284.3
13943.8
12031.3
8256.5
4644.2
2138.6
1644.1
1637
1809.2
2124.6
2480.2
2800.1
3422.5
4081.7
4954
6034.2
7415.2
8973.1
10861.1
13201.9
15691.2
18706
23019.5
26441.1
27470.5
24061.1
16439.1
9235.6
3468.3
1655.9
1614.5
1625.2
1687.9
1947.6
2131.4
2567.4
2898.2
3522.6
4244.8
5106.8
6220.2
7446.6
9105
10757
12718.1
15141.2
17928.4
21738.9
25692.3
27817.8
27002.5
21090.3
13784.2
6968
2705.1
1995.8
2095.3
2171.2
2453.5
2706.7
3082.7
3649.3
4302.7
4977.1
5002.9
4547.5
3440.6
2401.1
1542.3
1161.9
1203
1306.1
1393.7
1546.9
1821.3
2187.2
2767.7
3310.5
3912
4610.8
5262
6119.9
7344
8112.9
8242.7
7306.9
5282.3
3322.3
1707.2
1031.5
1063.1
1001.4
1056
1120.5
1277.3
1312
1539.5
1640.2
1906.5
2316.9
2942.7
3798
4700.4
5586.6
6594.5
7458.6
8982.5
10817.4
12160.5
12236.1
10771.6
7995.9
4969.7
2365.5
1238.4
1180.3
1228.6
1273.5
1267.9
1362.4
1511.4
1544.7
1719.2
2072.2
2079.6
2415.2
2765
3253.5
3756
4407.4
5251.2
6035.5
6942.5
8142.3
9438.9
11509.8
13099.2
13714.1
12831.2
10402
7108.3
3794.3
1476.8
725.9
690.3
725.5
657.4
668.1
661.1
789.4
759.5
1005.9
1094.2
1180.6
1267.8
1461.2
1639.9
1942.8
2152.2
2569.7
2905.9
3312.7
3857.1
4403.6
5157.7
6015.9
7133.3
8466.8
9370.2
9446.9
8912.7
7457.5
5796.7
4237.7
3221.5
2829.6
2134.2
1509.1
1069.8
648.3
646.5
824.1
624.2
705
653.9
626.2
631.7
776.5
923.4
1063.4
1264.4
1537.3
1692.6
1975.6
2187.5
2525.3
3014.3
3606.4
3959.4
3831.5
3439.5
2835
1744.7
898.8
372.2
301.2
264.5
275.3
248.8
286.9
335.5
378.2
392.6
452.2
494.3
485.5
848.5
596.8
703
908.2
1173.4
1571.7
1623
1985.1
2314.7
2588.4
3079.1
3675.2
4383.4
4831.2
4901.9
4337.1
3707.7
2458.7
1459
789
685
688.4
697.2
670.8
637.6
545
518.9
508
458.5
506.4
529.9
562.3
597.5
656.6
695.1
830
967.2
1013.8
1191
1542.7
1530.4
1768.8
2075.8
2370.1
2717.7
3143.1
3642.1
4361.3
4739.6
4704.9
4269.6
3646.4
2624.4
1514.3
731.6
393
374.1
397.6
357.3
360.6
378.1
438.8
392.7
441.7
492
543.8
542
538.2
652.5
669.3
760.4
794.7
897.8
991.5
1128
1439.8
1527.9
1831.3
2130.5
2456.3
2573.2
2586.2
2581.6
2532.8
2365
2359.7
2574.9
2640.2
2603.8
2391.3
2049.2
1546.8
1052.7
601.3
424
446.2
395.8
407.5
441.3
454.6
540.4
643.1
709.8
866.6
888.8
1058.5
1218.7
1354
1525.8
1796.1
2075.6
2129.1
2081.5
1893.3
1562.9
1093.4
623.5
351.2
203.6
186.4
183.8
263.9
243.8
239.1
261.9
248.3
246.8
355.2
226.2
294.3
354.6
357.1
355.9
445.6
385.5
373
409.1
521.4
571.7
682.4
769.5
955
1029.5
1283
1385.1
1584
1740.9
2043.4
2390.2
2574.2
2613.6
2497.2
2311.7
2022.6
1587.9
1258.7
1047.7
1130.2
992.2
892.6
793.4
675
464.2
337.2
308.6
179.6
235.6
288
466.8
535.6
562.3
667.4
687.1
708.3
669.8
618.3
439.4
464.1
496.4
513.2
652
705.2
792.1
833.3
954.9
955.7
1124.1
1167.1
1260.9
1452.9
1545.9
1708.1
1832.2
1866.3
1725.8
1600.1
1392.3
1125.5
825.6
444.8
345.8
367.1
286.8
280.9
311.4
276.6
281.2
337.1
281.7
337.3
378.5
404.1
399.9
506.3
616.2
697.9
652
663.8
635.1
583.6
512
374.2
357.2
167
182.1
205.6
243.8
212.1
245.2
280.2
435.8
372.4
344.9
422.7
428.9
435.1
517.8
598.1
625.2
681.7
832.5
731.9
735.5
803.6
737.9
672.3
567
575.3
561.5
570.5
606.7
658.7
684.4
810.5
829
909.6
945.8
938.1
831.8
765.1
663.2
562.2
483.3
348
334.7
298.4
301.3
348.1
233.9
219.1
260.1
248
243.9
193.5
320.8
199.3
201.4
240.5
239.8
263.6
327.3
356
540
417.1
460.7
411.7
511.2
530.2
597
648.7
614.4
703.3
752.5
776.6
891.3
867.3
942.5
1167.9
1103.8
1208.2
1212.6
1432.9
1477.3
1552.5
1545.7
1557.3
1584.6
1550.8
1462.2
1372
1324
1167
1120.5
1067
960.9
848.1
666.7
549.3
548.2
533.7
486.2
456
397
308.4
289.4
358.2
381.9
374.1
284
267.2
241.2
286.5
347.9
415.5
461
286.5
214.6
249.3
190.2
253.9
265.8
267.3
237.4
242.3
248.8
281.5
201.3
252.9
244
223.8
202.9
211
385.8
332.4
268.6
331.2
439
388.5
366.8
493
467.6
380.6
352.2
336.2
281.6
334.8
473.4
425.8
515.1
621.6
681.8
773.8
887.7
1077.5
1087.3
1195
1331.7
1362.7
1425.9
1478.2
1541.1
1585.9
1640.6
1626.3
1667.9
1650.3
1662.9
1663.1
1631.9
1689.5
1820
1690.7
1704.3
1738.6
1768.2
1864.4
1758.8
1846.4
1868.9
1856.7
1792.6
1746
1732.7
1692.9
1607.5
1583.9
1598.5
1678.2
1667.3
1808.3
1712.3
1751.3
1755.6
1771.5
1790.3
1754.1
1761.4
1724
1672.5
1765.3
1748.2
1719.4
1647.5
1719.6
1633.9
1645.2
1576.4
1573.9
1643.9
1567.2
1492.7
1376.3
1357.6
1249.7
1163.8
1166.1
1116.3
1170
1245
1195.2
1343.1
1252.6
1295.5
1348.8
1469.1
1406.1
1362.4
1267
1258.1
1194.1
1142.2
1057.3
1038.5
1023.9
999.1
906.3
878.8
925.2
884.9
906.5
970.2
1005.8
982.8
948.3
1009.4
959.4
916.8
932.1
895.5
911.4
816.7
864.8
799.5
835.3
803.9
856.8
864.1
939.3
939.4
1033
1056.3
1034.4
987.9
935
934.6
868.8
779.9
663.5
567
711.6
404.8
380.5
464.9
387.6
420
406.1
398.4
409.6
403.7
480.9
412.3
509
483.5
470.5
525.4
541
589.9
580.6
578.8
617.2
609.1
780.2
683.4
747
799.2
824.1
824.8
869.1
865.1
925.1
987.7
983
1017
1100.6
1263.9
1423.9
1474.1
1653.6
1759.3
2007.5
2276.9
2584.6
3072.2
3609.9
4128.9
4506.4
4930.7
5064.8
5299.9
5311.4
5374.7
5499.8
5617.1
5696
5853.2
5862.8
5532
5204
4890.4
4757
4651.9
4670.5
5117
5611
6172
6801.7
7356.4
7618.1
7716.1
7805.6
7913.2
7966.4
8214.8
8108.4
8369
8334.4
7942.1
7474
6963.7
6251.9
5973.1
5647.3
5818.4
6176.8
6730.5
7259.6
7914.8
8418.4
8612.3
8832.2
8775.5
8802.5
8892.2
9138
9225.1
9341.1
9443.5
9068.3
8503
7623.1
6880.6
6339.1
5988.8
5907.5
6322.4
6792.2
7400.5
8060.3
8839.9
9174.6
9340.2
9248.3
9159
9218.5
9345.7
9635
9685.3
9915.4
9807.2
9299.9
8468.6
7366.5
6732.6
5960
5583.6
5712.8
5970.4
6332.1
6862.9
7385
8066.8
8482
8705
8626.5
8357.1
8320
8152.3
8591.1
8778.1
8781.8
8906.1
8570.3
7998.5
6827.2
6035
5328.3
5046.8
4950.1
5219.7
5567.8
6108.8
6551.9
7163.6
7855.2
8142.3
8376.6
8042.4
7820.1
7761.3
7696.1
8238.4
8424.8
8524.3
8534.3
8394.8
7948.4
6812.8
5820.5
5169.7
4865.2
4713.1
4962.1
5185
5492.1
5797.7
6284.1
6897.1
7324.9
7520.9
7507.3
7127.8
6819
6721.8
6783.2
7215.9
7180
7099.7
7017.4
6706.6
6130.4
5207.6
4144.7
3429.9
3089.5
2964.9
2894.1
2800.5
2988.4
3036.7
3186.7
3436.3
3685.5
4019
3801.6
3653.6
3465.1
3405.6
3453.7
3789.8
3907.2
3966.5
3783.6
3930.1
3528.4
2920
2336.6
1995.9
1763.9
1886.7
1896.8
1943.3
1974.1
2107
2277.9
2353.4
2619.2
2745.8
2678.6
2491.9
2434.4
2346.8
2344.9
2380.3
2396.5
2492.6
2324.6
2287.1
2275.4
2091.4
1701.8
1468
1327.6
1289.5
1381.3
1367.3
1377.1
1508.8
1714.9
1907
2106.1
2400.6
2738.3
3033.9
3114.3
3290.2
3225.4
3109.2
2995
3105.1
3201.1
3226.9
3311.2
3178.3
3078.5
3003.8
2994.2
2779.4
2393.7
2042.4
1892.1
1953
2052.2
2038.8
2066.8
2166.3
2446.8
2819.6
3167.6
3616.4
4078.3
4625.4
5044.4
5455.8
5616.2
5665.1
5273.7
5057.1
5069.4
5303.4
5491.2
5690.9
5533.2
5263.6
5034.9
5090.2
4983.3
4364.6
3402.5
2989.3
3054.8
3188.5
3104.4
3088.7
3169.5
3342.6
3729.7
4072.6
4754.2
5303.8
6003.6
6815.8
7471
7839
8179.9
8134.9
7661.5
7267.1
7358
7794.2
7851
8292.7
8238.3
7788.9
7339.4
7260.2
7371.3
6529.7
5156.3
4237.6
4361.7
4530.6
4456.9
4347.5
4289.7
4355.3
4876
5297.8
5843.8
6673.9
7448.2
8364.6
9248.6
10014
10604.8
11013.8
10739.4
10196.2
9637.1
9853.4
10464.8
10682
11138.3
11144.6
10675.4
9841.5
9830.2
9948.9
8936.6
7149.6
5740
5650.6
5895.3
5972.1
5739
5689.1
5747.3
6193.5
6721.1
7419.5
8354.6
9229.7
10459.3
11657.6
12823.2
13670.7
14447.5
14817.9
14445.9
13551.4
13051.4
13436.7
14040
14290.1
14962
14799.2
14299.7
13355.1
13129.7
13195.8
12204.7
9867.7
7917.2
7749.5
8216.1
10109.5
14247.2
17564.7
18010.6
14616.2
11184.9
10552.2
11130.6
12142.1
13357.7
14991.4
16400.4
17800.9
18684.7
19490.2
19705.6
18985
17856.5
17522.7
17951.5
18678.7
19115.7
19832
19762.8
19096.5
17897
17639.1
17296.7
15724.3
12696.5
10151.5
9397.6
9207.9
9127.8
8899.3
8548.8
8295.7
8100.8
8505.8
9116
9917.2
10868.4
11990.5
13317.1
14637.4
15906.8
16861.9
17807.7
18220.4
18251.9
17415
16647.5
16457.1
16665.4
17133.3
17714.2
17881.4
17837.2
17142.4
16247.6
15748.9
15397.6
13769.5
11473.7
9180
7935.2
7458.3
7213
6993.3
6639
6397.1
5981.3
6112.6
6204
6651.1
7173.1
7784.5
8515.8
9349.3
10217.4
10926.1
11595.5
12139.2
12372.7
12230
11985.9
11508.9
11353.2
11315.5
11592.7
11914.6
11981.8
11893.8
11470.5
11145.1
10668.4
10234.1
9099.2
7732
6434
5316.3
4673.6
4340.6
3989.7
3641.5
3407.5
3063.8
2957.6
2869.9
2910.9
2994.7
3171.7
3539.7
3669.6
3967
4422.6
4536.8
4805.7
4958.7
5033
4959.9
4930.2
4792.8
4681.5
4667.1
4728.1
4821.8
4705
4850
4603.2
4542.7
4235.8
4049.8
3625.3
3127.7
2647.8
2143.4
1846
1592.3
1306.2
1150
966.7
836.9
726
622.9
442.1
498
372.6
304.6
341.8
260.8
326.1
271.4
346.1
339.3
290.1
271.2
263.5
258.2
258.8
261.2
285.7
303.7
220.7
258.2
281.9
369.3
284.3
281.7
335.2
371.2
384.9
320.1
489.6
373.5
310.8
353.5
419
354.2
503.9
430.4
459.9
420
511.4
635.8
666.2
693
573.5
542.1
617.2
631.7
652.8
625.2
664.7
714.2
858.3
771.1
787.4
845.6
894
1015.1
1019.5
1083.9
1153.4
1269.8
1361.9
1670
1739.5
1851.1
2012.8
2319.8
2468.1
2622.5
2894.8
4038.1
5409.7
5157.9
3820.2
1675.1
1165.9
1189.6
1137.6
1224.4
1476.4
1435.4
1545
1741.6
1954.1
2168.5
2513.8
2734.3
3129.3
3595
3985.1
4591.2
5116.1
5783.9
6462.7
7251.6
8096.2
8985.1
9987.1
10971.9
12057.6
13256.4
14360.5
15961.9
19750.9
25388.9
28752.8
26477.4
18342.1
9812.3
5396.9
3681.1
3292.9
2946.6
2733.6
2557.1
2511.4
2291.8
2281.4
2328.7
2244.8
2420.8
2358
2555.4
2492.3
2641.4
2746.2
3000.3
3176.8
3490
3737.5
4081.6
4482
4786.3
5202.7
5580.2
5965.6
6401.5
6770.7
6980.3
7275.4
7373.2
7695.1
7696.5
7824.6
7896.3
7965.2
8028.1
8057.5
8067.3
8049.7
8123.9
8072.3
7942.9
7613.7
7474.9
7250.4
7094.1
6777.4
6416.1
6170
5805.6
5634
5349.2
5136.1
4951.2
4827.9
4741.5
4772.6
4977
5108.3
5303.8
5735.5
5956.1
6416.3
6837.3
7494.5
7991.9
8646.6
9402.7
10183.4
10935.8
11757
12718.5
13394.6
13785.9
14230.2
14398.1
14620.8
14879.9
14847.3
14896.2
14779.1
14860.9
14940.2
14870.9
14657.4
14590.3
14560.5
14486.1
14112.6
13754.9
13408
13209.5
12828.8
12520.6
12070.7
11618
11250.2
11093.6
10743.6
10611.2
10504.5
10719.5
10820.9
10950.5
10856.5
10968.5
10913.6
10785.6
10720.5
10646
10785
10969.9
11110.2
11287.4
11794.8
12278.9
12987.1
13959.9
14752.5
15720.2
16581.9
17388.5
18129.2
18739
19539.4
20247.1
20752.9
21369.7
21639.6
22315.8
22943.5
23446.7
23548.5
23863.9
24398.3
24993.1
25318.2
25836.6
26058.4
26269.2
26131.1
25741
25106.3
24114.9
22688.5
21098.2
19589.4
18051.6
16609.2
15138
13978.2
12443
11283.9
10217
9476.6
8943.1
8814.5
8781.7
8996.2
9349.6
9729.6
10221.1
10761.2
11462.9
12434.6
13446.3
14258.2
15359.8
16523.4
17644.4
18748.7
19898.9
21102.3
22060.3
23111.6
24361.3
25417.9
26675.3
27915
29079.6
29970.8
30606
31096.8
31086.2
30675.3
30135.2
29407.2
28055
26837.6
25574.9
24389.4
22955.5
21435
19739
18125.2
16636.7
15018.8
13508.5
12393.3
11429.2
10438.6
9816.2
9119
8702.1
8152.9
7782.1
7521
7371.1
7192.7
7197.2
7202.9
7406.6
7592.5
8037.4
8244.2
8667.7
9089.8
9729.8
10437.9
11025.6
11654.5
12319.7
13143.6
13644.2
14109.3
14633
14999.2
15357.6
15673.6
16050.9
16136.1
16354.3
16662.9
16687.2
16756.8
16762.8
16753.3
16583.5
16442.7
16230.9
16063.5
15407.9
15085.6
14668.1
14258.1
14015.6
13744.9
13626.7
13681.9
13732.6
13736.1
13617.2
13514.2
13276
12900.7
12203.6
11942
10839.4
10279.2
9678.8
9128.4
8677.9
8007.1
7464.5
6860
6363.7
5781.1
5224.9
4686.5
4108.7
3531
3127
2807.1
2515.4
2365.9
2165.6
2158.6
2058.3
2164.9
2092.6
2226.9
2207.5
2298.9
2362.4
2484.8
2601.6
2778.6
2780.1
2976.5
3102.2
3157.5
3412.3
3645.8
3752.2
3868.5
4007.5
4082.6
4094
4101.5
4121.7
4054.4
3911.3
3862.5
3713.5
3698
3430.8
3219.6
3087
3004.3
2787.2
2774.6
2319.1
2170.9
2001.5
1926.7
1673.6
1514.9
1349.8
1289.5
1297.2
1217.1
1243.2
1262.1
1312.1
1268.7
1300.2
1372.4
1524.8
1601
1666.9
1722.2
1902.1
2000.1
2214.3
2370.2
2590.4
2860.3
3008.6
3258.7
3512
3709.2
4007.6
4169.2
4339.2
4365
4412.9
4541.4
4465.8
4469.2
4357.2
4332.9
4254.8
4143.3
3995.8
3725.9
3607
3512.4
3272
2898.5
2683.9
2533.6
2330
2092.9
1885.6
1643.7
1415.1
1385.9
1208.8
1148.1
1069.5
1062.4
1091.3
1054
1045.1
1051.6
1081.2
1060
1013.2
1023.3
1054.8
1112.2
1134.4
1244.5
1300
1276.5
1456.5
1474.2
1623.5
1701
1825.2
2005.3
2267.7
2543.5
2657.9
2792.2
2701.8
2732.6
2988.5
2906.6
2772.3
2723.4
2739.3
2829.9
2791.6
3016
2519.9
2445.2
2406.9
2294.9
2032.3
1875.2
1743.7
1597.5
1402.4
1258.6
1195.5
911.6
841.6
696.8
721.8
617.9
558.2
533.6
595.6
583.3
600.5
582
584.9
614.3
418.8
538.9
507
449.2
573.3
445.5
387.3
396.2
406.9
406.7
338.1
302.4
253.1
209.2
242.1
251.3
242.4
137.8
255.2
92.9
188.1
144.7
178.9
80.3
201.4
68.9
161.5
155.2
183.6
147.6
214.1
227.7
264.6
235
293.7
319.8
340.6
431.9
494.9
447.8
485.8
426.4
409.8
360
429.5
358.9
441.8
402.9
362.1
364.1
246.2
246.2
281.2
292.6
307.7
242.4
342.3
147.9
127.1
338.9
92
96.9
142.8
25.4
87.5
54.7
37.6
0
1.1
63.9
58.7
84
305.4
71.4
21.2
46.3
41.8
126.3
63.2
97.3
97
135.1
179.4
126.9
118
165.9
202.1
217
205.9
260.4
336.9
339.4
357.4
353.2
372.6
381.6
346.9
345.4
357.9
329.4
331.2
268.6
352.2
332.8
243.6
231.4
247.6
178.8
161.7
261.1
202.9
163.4
212
248.6
300.5
449
625.9
763.7
680
629.5
580.4
576.6
562.1
607.8
608.5
724.9
664.7
526.7
489.5
513.7
360.8
511.8
353.4
411.2
386
319
358.4
291.5
285.4
303.1
302.5
344.5
353.8
324.3
559.5
351.3
297.6
330.5
278.6
379.7
433.7
314.3
375.2
372.8
447.4
496.7
451.9
418.9
413.3
408.8
334.7
385.8
298.5
320.4
273.2
201.5
233.1
243.8