NaN
5932.1
4223.9
2492.3
1450
1288.3
1492.4
1843.1
2252.9
2741.7
3438.6
4412.6
5576.6
7090.6
8667.2
10763
13173
16042
18529.9
19373.5
16159.2
10453.5
5418
2231.8
1827.8
2103.4
2397.7
2779.2
3375.9
4205.9
5151.4
6486.7
8285.1
10117.1
12602.5
15479.6
18916.4
23258.2
28001.2
31347.4
31111.5
23811.1
14238.2
6062.8
1695.1
1233.4
1141.9
1017
924.7
893.2
1024.9
864.6
846.6
867
1105.6
1080.7
1246.8
1417.9
1660.7
1965.9
2283
2346.6
2353.5
1896.5
1484.6
1049.7
937.4
949.2
1096.1
1326.3
1698.1
2223.7
2762.7
3403.5
4137.2
4969.5
5713.8
6109.7
5452.4
3955.5
2610.6
1495.9
1208.7
1308.1
1606
1655.1
1959.6
2144.2
2372.5
3162.8
4016.2
5186.1
6572.1
8048
9520.6
11692.2
13504.5
14404.2
13195.5
9616.3
5980.1
2927.3
1720.9
1737.3
1957.6
2242.1
2439.7
2872.8
3399.1
4100
4933
6088.4
7257.4
8913.4
10857.1
13145.2
15629.5
18780.3
23110.7
26932.2
28286.7
26067.2
19450.1
11849.2
5418.6
2143.2
1753.7
1719.4
1885
1987.8
2334.8
2548.1
3027.8
3578.5
4280.8
5231.6
6114.9
7501.4
8939.5
10716.8
12761.9
15259.5
17925.8
21565.3
26055.7
28612.1
28227.8
24093.9
16515.3
9567.8
3972
2278.5
2174.6
2303.5
2485.4
2753.3
3135.1
3599.8
4333
4864.6
5058.7
4787.9
3905.1
2835.2
1944.8
1419
1353.2
1423.1
1500.9
1655.8
1890.4
2322.4
2675.5
3216.2
3876.4
4566.1
5136.7
5973.7
7061.2
8035.6
8301.5
7692.5
6052.9
4063.5
2282.7
1326.1
1082.9
1120.1
1170.6
1240.9
1309.3
1481.6
1554.3
1670.7
1900.5
2276.6
2890.4
3627.8
4457.3
5451.1
6304.9
7272.1
8607.8
10442.7
11848.7
12213
11514.4
9060.4
6026.2
3253.6
1619.1
1298.6
1336.2
1311.4
1394.4
1504.6
1517.1
1654.3
1893.1
1943.3
2181.7
2436.3
2769.9
3185
3694.9
4317.4
4987
5841
6789.7
7855.5
9184.2
10868.4
12771.5
13706.6
13445.6
11670.1
8366.2
5066
2289.7
1045.7
873.7
775.6
746
741.6
840
787.9
1033.2
1054.9
1111.8
1194.9
1321.9
1484.7
1729.4
1898.1
2178.8
2454.8
2848
3305.8
3783.2
4381.6
5046.4
5814.7
6882.3
8218.7
9268.9
9728.7
9246.8
8151.5
6463.4
4806.5
3578.5
2935.1
2429
1933.3
1255.1
880.2
910.9
738.8
779.9
724.2
722.4
730.8
787.4
910.9
1021.7
1132.5
1303.6
1477.6
1710.9
1964.2
2211.1
2473.9
2940
3468.7
3800.1
3855.2
3727
2983.8
2158.4
1229.3
646.1
410.7
378.4
354.7
365
409.9
423.3
443.9
498.5
551.1
556.8
831.2
615.1
713.8
814.8
997
1305.8
1357.4
1681.5
2026.1
2213.6
2607.9
2951.1
3547.1
4324.1
4843.2
4896.3
4782.7
3966.6
2942.9
1910.8
1139
892.1
859.1
891
844.6
790.6
755.7
714
595.8
621.7
618.7
640.4
669
729.2
746.3
854.2
920.5
974.4
1097.4
1399
1399.2
1573.7
1854.6
2108.2
2404.1
2779.4
3120.7
3648.3
4249.9
4786
4852.4
4586.4
3986.5
3104.8
2035.5
1086.3
602.9
526.8
472.1
464.9
508
518.3
515.2
526.7
560.8
629.8
591
627.6
696.1
720.4
751.3
805.3
864.5
932.9
1054.3
1306.4
1357.5
1605
1816.3
2176.9
2434.4
2586.8
2682.2
2725.6
2653.7
2551.3
2573.9
2644.6
2738.3
2761.4
2617.9
2295.4
1929.5
1323
921.9
676.2
509
507.9
520
536.3
631.7
653.8
739.4
830.9
901.3
1035.4
1180.7
1334.3
1361.3
1546.3
1837.2
2070.5
2239.1
2127.9
2062.5
1783.1
1333.7
956.9
554
389.8
346
401.1
376.8
344.4
349.7
391.4
351.9
481.4
352
408.6
445.1
479.6
461.7
539.2
478.8
469.1
483
580.4
579
662
750.3
904.3
1009.7
1259.9
1292.2
1487.2
1621.8
1797.6
2150.9
2474.1
2696.2
2693.9
2656.3
2577.2
2275.3
1897.7
1576.8
1418.8
1313.8
1261.2
1153.1
1073.2
885.3
719.9
592.1
411.6
374.9
330.9
455.1
511.6
644.1
758.3
763.8
895.6
931
925
717.2
622
576.8
616.7
730.3
760
825.3
881
986.9
988.8
1163.3
1184.3
1254.8
1444
1548.7
1624.1
1808.8
1978.8
1969
1887.1
1740.9
1616.2
1374.6
956.6
732.6
549.3
408.9
422.4
471.6
403.5
373.3
423.1
368.1
441.6
455.2
475.3
476.2
541.3
641.2
673.7
731.9
791.5
798.5
761
701.9
660.9
641.6
449.9
368.1
324.6
337.3
310.2
319.5
368.9
521.4
437.1
435.7
512.6
499.4
549.9
590.3
665.9
710.4
737.1
844.8
852.9
870.6
911.4
873.4
823.2
805.6
781.8
756
688.3
649.7
760
750.2
815
872.8
952.4
1032.3
1082.8
1001.3
950.5
922.3
841.2
777.3
590.5
492.3
490.4
458.3
496.2
391.6
373.8
405.6
400.5
342.7
310.2
430.9
329.5
339.4
332.8
333.7
361.6
419.5
446
608.5
497.1
554.4
502.4
593.9
624.5
660
740.1
690.8
774.3
819.6
856.3
915.5
925
926.6
1181.6
1156.6
1202.5
1254.6
1421.6
1474.5
1565.9
1620.9
1707.4
1731.4
1712.7
1671.2
1661.5
1645.8
1494.2
1408.7
1322.5
1243.1
1111.5
969.4
797.8
761.3
667.7
632
597.1
558.2
485.4
454.2
520.9
487.5
443.5
338.1
398.8
326.6
377.7
450.5
509.8
572
435.9
391.9
387.2
337.3
369.1
372.6
352.7
322.6
346.2
352.7
375.6
363.1
371.9
388.9
380.5
364.8
361.3
479.5
393.4
371.5
416.8
460.3
446.2
469.1
621.8
613.2
524.8
549.6
524.8
426.1
431.6
527.2
483
537.3
629.4
683.7
764.6
868.3
1051.8
1047.4
1139.8
1302
1403.3
1456.3
1460.9
1581.9
1631.1
1697.4
1663.3
1717
1755.6
1756.3
1719
1709.6
1784.9
1847.9
1779.4
1720.7
1780.7
1807.9
1897.3
1845.2
1870.3
1901.6
1933.3
1924.9
1864.3
1828.2
1793.8
1726.1
1689.4
1648.5
1732.4
1698
1833.6
1753.6
1852.6
1787.5
1851
1851.6
1868.2
1840.9
1785.2
1767.5
1871
1814.1
1785.7
1700.2
1774.3
1717.1
1740.7
1683.6
1670.6
1671.1
1691.9
1638.2
1582.5
1511.6
1470.6
1326.7
1291.8
1228.4
1221.3
1277.3
1228.6
1378.3
1293.9
1325.5
1369.8
1462
1483.6
1451.8
1394.5
1409.5
1344.9
1294.8
1237.7
1167
1149.6
1132.7
1059.4
1017.4
1039.2
1009.4
977.4
1049.1
1139.4
1131.2
1083.2
1150.5
1068.5
1047.3
1035.9
1079.8
1061.7
986.5
1046.1
972.3
1011.8
949.9
981.4
943.6
1024.6
1046.6
1143.3
1196.4
1161.4
1152.5
1137
1140.8
1134.9
1033.9
973.1
854.1
917.6
617.1
578.4
605
509.9
505
515.9
532
519.9
529.8
588.9
499.4
612.7
593.8
577.4
611.8
619
683.4
679.6
716.5
743.5
777.6
870.7
807.4
880.1
874.8
920.2
962.8
1000.5
964.5
1042.3
1092.5
1063.3
1110.5
1146.3
1236.3
1385.4
1432.1
1559.4
1619.2
1828.4
2028.9
2254.9
2540.4
3022.8
3468.1
3915.5
4436.1
4768.8
5067.5
5137.3
5222.9
5323.9
5452.8
5482
5561.4
5781.6
5767.4
5603.1
5208.4
5002.3
4752
4607.7
4718.3
4901.1
5403.8
5928.7
6625.2
7067.1
7395.9
7630.9
7662.8
7749.6
7906.5
7933.6
8035.7
8078.5
8169.9
7956.8
7663.6
6822.1
6321.6
5889.7
5675.7
5634.7
6008.8
6467.5
7043.3
7602
8143.5
8537.1
8608.6
8592.7
8674.5
8699.9
8985.2
9041
9086.1
9234.2
9034.7
8563.5
7686.5
6948.4
6379.8
6017.1
5912.4
6094.9
6608.3
7213.4
7775.4
8443.6
8952.6
9110.8
9232
9114
9153.6
9233.5
9481.9
9530.3
9653.2
9696.8
9301.1
8655.4
7668.1
6742.3
6076.7
5739.2
5576.6
5851.9
6211.6
6659.4
7155.5
7796.7
8379.6
8551.8
8618.2
8420.4
8150.8
8151.5
8460.9
8648.1
8697.1
8787.7
8575.4
7974.8
7232.9
6208.6
5613.1
5053.7
4906.5
5100
5538.2
5860.2
6437.4
7008.3
7577.4
8107.5
8290.9
8150.8
7868.8
7775.3
7791.1
8070.9
8401.6
8323.6
8651.3
8342.1
8024.6
7158.6
6103.9
5545.2
4849.1
4778.7
4916.1
5222.1
5407.6
5773.1
6319.4
6822.5
7358.4
7637.8
7601.9
7269.2
6841.5
6782.5
6820.1
7202.9
7274.2
7194.9
7129.6
6863.7
6670.4
5364
4465.9
3775.2
3178.1
3081.2
2957.9
3071.6
2988.9
3049.1
3199.3
3446.8
3925.8
3835.4
3944.7
3706
3574.1
3446.8
3558.5
3765.2
4050.3
3936.7
4115.1
3808
3690.8
3140.4
2546.5
2158.1
1907.9
1951.9
1942.1
2032.2
2091.9
2173.3
2199.5
2398.3
2620.9
2763
2746.3
2665.7
2517.9
2443.7
2345.3
2369.2
2532.9
2466.1
2399.1
2396.5
2345.5
2162.5
1905.3
1600.2
1425.8
1407.9
1435.2
1403
1450.3
1573
1666.6
1881.1
2061.4
2372.2
2707.9
2858.8
3123.8
3266.7
3233.8
3129.2
3054.1
3086.6
3076
3261.4
3218.8
3246.9
3105.7
2978.4
2989.2
2880.2
2538.8
2089.4
1916
2026.4
2097.4
2094.2
2121.8
2199.4
2484.6
2740.2
3126.6
3531.8
3953.8
4417.8
4952.4
5258.1
5596.8
5534.9
5358.5
5034.8
5019.7
5245.9
5326.2
5519.2
5535.4
5344.2
5014.6
5020.4
4986.2
4490.8
3619.6
3067.4
3022
3136.8
3118.2
3125.4
3059.8
3312.7
3555.8
4018.1
4491.6
5142
5781
6600.8
7123
7590.1
8087.3
7978.6
7688.8
7187.6
7180.8
7605.2
7758.2
8124.2
8079.4
7812.4
7271.8
7193.6
7289.4
6722.1
5499.6
4355.7
4327.3
4424.2
4564.3
4325
4217.6
4328.5
4663.1
5142.2
5685.9
6413.1
7138.2
7956.6
8984
9700.8
10417.4
10806.8
10721
10242.6
9540.6
9650.9
10189
10416.3
10885.2
10986.8
10560.8
9980.3
9587.8
9856.6
9226.7
7574.8
5785.6
5626.4
5811.8
5851.5
5766.5
5641.6
5716.6
5897
6598.4
7158.8
8068.8
8979.9
10120.6
11210.9
12484.3
13357
14156.5
14606.5
14195.4
13615.4
12863.6
13100.4
13635
14153.3
14583.2
14825.5
14396.3
13393
12916.9
13387.9
12492
10361.8
8118.8
7702.3
8144.4
9639.9
13671.2
17769.6
18845.8
16230.8
11736
10476.7
10923.9
11792.6
13077
14505.5
16031
17217.9
18339.6
19286.6
19558.2
18954.6
18067.6
17393.5
17786.3
18305.1
19050.6
19619.7
19737.1
19081.8
17984.3
17431.6
17432
16183.3
13336.9
10538.2
9312.7
9128.8
9079.4
8939.1
8588.9
8145.4
8075.7
8349.2
8874.8
9654.5
10630.5
11668.3
12956.5
14235
15376.4
16621.8
17465.2
18146.7
18035.8
17445.2
16770.9
16220
16484
16970.1
17346.2
17702
17760.9
17069
16365.2
15833.9
15483.8
14169.6
11937.1
9554.1
8110.2
7513.9
7271.3
7028.7
6839.8
6258.1
6132.6
5990.6
6161
6533
7042.2
7648.4
8344.4
9169.2
9933.6
10776.8
11453.2
12002.4
12257.6
12365.6
11986
11636.1
11286.2
11296.4
11542.6
11711.9
11942.7
11954.4
11596.3
11250
10672.3
10296.6
9360.4
8086.4
6643.8
5528.4
4868
4397
4078.6
3809.6
3477.4
3248.8
3048.8
2895.3
2911.8
3011.6
3280.7
3444.9
3671.5
4089.4
4263.2
4558.9
4845.3
4984.3
5088
5135.1
5030.4
4854
4750.2
4706.8
4797.8
4765.6
4932.2
4845
4736
4585.3
4446
4175.6
3827.2
3334.3
2822.3
2389.5
2020.9
1658.6
1433.1
1262.1
1132.9
999
854.7
673
692.3
525.2
475.8
514.8
358.2
414.2
382.6
457.9
433.2
388.2
353.1
347.5
343.3
327.3
390.6
375.9
388
328.4
348.1
374.1
471.8
363.3
366.9
410.7
447
484.7
421.2
576.2
476.2
417.3
430.8
488.6
440.8
538.3
479.7
514.6
503.3
549.6
658.9
690.4
774.4
734.7
696.2
710.4
729.8
727.5
689.5
734.8
760.5
915.2
845.3
859.1
880.8
922.2
1020.9
1012.5
1080.5
1142
1259.4
1337.7
1602.5
1686.3
1778.4
1950.4
2184
2386.2
2509.3
2743.7
2977.1
3930.2
5489.6
5496.7
4376.1
2129.4
1307.2
1199.3
1235
1433.5
1357.9
1489.9
1628.3
1799.6
2004.1
2259.9
2471.7
2777.7
3218.3
3566.6
4082.1
4555.7
5137.9
5781.3
6563.1
7298.4
8114.7
9020.8
9975.3
11102.8
12267
13439.1
14511.4
15921.9
19551
25181.3
29384
28018.6
20656.1
11317.6
6001.6
4053.7
3356.4
3060
2863.3
2683.4
2455
2400.3
2408.2
2339.3
2406.3
2340.7
2524.8
2409
2520.8
2644.7
2863.9
2949.7
3203.1
3447.8
3743.2
4010.8
4361.6
4697
5087.6
5514.8
5927.6
6308.2
6656.2
6989
7136.2
7474.1
7530.6
7723.7
7794.7
7842.3
7945.3
8047.1
8098.3
8086.3
8016.2
8041.7
8083.3
7869.9
7715.8
7477.8
7345.4
7033.8
6754.4
6525
6151.2
5957
5661.4
5374.7
5117.6
4941.1
4805.2
4768.7
4807
4868
5008.4
5308
5497.1
5838.6
6223
6849.5
7274.5
7818.5
8539.9
9204.6
9888.8
10700.4
11594.6
12390.8
13062
13608.1
13980
14241.7
14522.1
14679.7
14773.3
14660.6
14585.9
14671.4
14828.5
14714.6
14643.6
14396.2
14448.3
14427.5
14177.6
13722.9
13395.7
13118.5
12919.4
12509.2
11987
11578.5
11307.8
10944.1
10704.8
10461.3
10467.4
10578.5
10685.4
10704.3
10792.1
10747.5
10887.6
10715.9
10622.7
10548.7
10700.6
10758
10876
11220.5
11525.5
11979.5
12827.5
13519.9
14440.8
15405.3
16345.9
17123.3
17819.7
18549.5
19277.1
19994.1
20640.6
20950.5
21465.9
22126.4
22795.2
22992.7
23368.1
23677.1
24278.7
24660.9
25186.5
25566.7
26009.2
26056.8
26135.5
25717
25370.2
24166.5
22712.6
21304.2
19731.6
18167
16782.9
15469.2
13907.8
12630.4
11359.1
10277.4
9421.5
8919.7
8613
8693.6
8904
9210.6
9630.7
9933.3
10535.6
11276.6
12297.2
12935
14023.2
15198.4
16216.1
17354
18491.9
19737.2
20738.2
21753.3
23076.7
24044.8
25131.3
26450.6
27796
28853.7
29890.5
30795.4
31208.5
31091.7
30677.8
30479.1
29454.9
28208.4
27116
25840.2
24466.9
23182
21602.1
19964.9
18394.2
16789.6
15128.5
13617.6
12507.4
11438.3
10602.2
9823
9184.1
8626.6
8152.2
7822.6
7526.8
7267.2
7149.6
7065.8
7137.5
7330.7
7610.9
7784
8080.5
8525.2
8995.2
9619.5
10189.6
10658.4
11490.6
12182.6
12764.2
13396.8
13940.8
14397
14769
15189.3
15603
15767.2
16065.8
16294.4
16358.5
16464.7
16617.7
16656.9
16616
16522.1
16293.2
16132.6
15735.2
15511.4
14985.7
14529.6
14170.8
13807.2
13581.6
13453.4
13433.6
13422.3
13368.6
13293
13049.1
12846.4
12419.9
12287.5
11230.9
10572.8
9978.9
9451.4
8844.5
8227.2
7720.9
7247.6
6631.9
6049.2
5546.2
5044.5
4609.8
4059
3501.2
3109.9
2729.2
2543
2331
2202.6
2092.5
2164
2062.9
2182.9
2149.8
2213.1
2247.7
2360.3
2488.9
2624.1
2645.3
2784.7
2974.4
2991.4
3194.8
3421.8
3569.9
3676.3
3918.4
3992.4
4018.3
4049.6
4087.5
4109.8
4062.9
4001
3851.2
3798.8
3579.4
3436.1
3312
3177.4
2998.2
3018.8
2549.9
2363.3
2178.9
2150
1939.3
1732.9
1550.8
1424.5
1342.6
1245.6
1290.9
1300.5
1324.1
1266.5
1261
1323.9
1431.8
1514.7
1549
1642.2
1781.7
1901.4
2039.9
2183.9
2352.1
2590.3
2736.4
2984.6
3231.8
3518
3813.9
4002
4203.2
4308.9
4396.9
4539.2
4449.7
4502.6
4465.5
4432.7
4333.3
4291.8
4252.6
3943.2
3800.1
3698.2
3549.3
3236.4
2971.1
2736.3
2538.7
2349.4
2167.5
1934.4
1601.6
1574.8
1336.1
1304.4
1185.8
1132.1
1111.9
1093.8
1091.3
1064.3
1082.5
1089.5
1065.3
1050.4
1074.1
1102.9
1072.3
1210.6
1261.7
1232.7
1381.4
1391.1
1513.6
1584.7
1739.5
1841.2
2060.8
2350.8
2463.9
2683
2716.6
2767.2
2980.7
2980
2836.2
2788.3
2776.6
2861.8
2905.9
3121.3
2686
2626.2
2535.4
2461
2318.9
2131.7
1968.2
1762.8
1586.7
1495.5
1387.9
1090.8
1031.2
849.1
813.5
705.8
591.4
602
629.8
633.6
634.6
606.3
637.2
634.5
468.1
596.4
536.7
472.9
585.4
489.5
413.6
441.3
431.9
426.7
412.3
373
294.3
261.4
288.1
264.1
269.8
204.4
261.4
132.3
219.2
188.3
182.6
101.6
204.2
96.2
150.4
193.8
181.1
147.7
232
222.3
247.4
205.5
237.8
322.5
309.5
405.4
458.8
408.1
455.5
440.1
405
376.3
449.5
388.2
445.9
383.6
358.4
394.4
290.3
270.7
291.6
309.6
322.9
263.5
350.1
181.7
167.8
365.8
107.5
101.2
135.7
68.5
75.7
62.2
42
24
0
67.7
94.6
98.5
247.1
119.7
20.8
37.3
76.6
148.7
66.5
88.4
108.1
101.1
148.2
115.2
103.1
175
192.1
220.1
208.7
227.5
299.8
299.7
328.8
301.9
373.2
407.3
360.7
345.4
388.3
371.5
347
271.2
331.2
324.6
213.8
240.3
246.4
205
162.9
237.2
221.7
160.2
175.7
191
190.3
310.3
450.9
614.3
616.2
631.2
561.8
592.8
545.4
563.3
556.9
660.4
645.4
534.1
479.2
521
408.4
517.8
383.7
371.7
375.9
334.1
315.1
277.4
258.1
281.4
283.9
291.5
286.1
283
492.6
335.3
285.3
306.6
256.3
352.2
374.4
289
338.5
339.2
409.9
423.7
400.9
378
407
400.1
327.2
348.3
305.3
328.4
279.3
231.3
249.9
261.4
163.7