NaN
NaN
3809.9
2121.7
1278.2
1468.6
1679.2
2014.6
2517
3112.8
3865.4
4894.5
6173.3
7753.2
9758.7
11938.8
14583.8
17405.3
19465
18788.3
14064.6
8346.3
3759.6
1966.9
1897.4
2080.2
2507.1
2956.1
3561.7
4378.8
5517.4
6778.6
8554.8
10826.7
13187.7
16133.2
19895.6
24305.1
28494.6
30859.2
27811.6
19102.3
10233.9
3417.5
1369.7
1121.1
1019.1
1029.6
952
893.3
935.3
1038.9
926.9
999.5
1096
1393.5
1457.9
1724.2
2023.3
2395.4
2739.2
2917.8
2511.9
1995.7
1388.1
1087.1
1058
1198.4
1299.2
1587.9
2110.5
2743.4
3462.5
4216.7
5124.6
6010.6
6745.1
6744.2
5535
3837.4
2245.4
1367.1
1344.6
1441.1
1575.3
1933.1
2010.5
2431
2885.1
3568.3
4872.3
6194.5
7541.1
9145.4
11388.6
13545.4
15076.6
15171.7
12578.2
8634.2
4812.4
2318.9
1829.8
1840.9
2040.4
2343.7
2710.2
3095.5
3736.2
4515.1
5466.8
6613
8151.3
9844.4
11845
14421.9
17120.7
20857.3
25288.2
28141.7
28218.6
23813.6
16124.5
9080.9
3489
1777.5
1749.1
1763.5
1819.5
2120.7
2306.3
2689.9
3083.5
3749.8
4451.2
5330.8
6538.4
7736
9396.3
11227.1
13267.5
15627.6
18784.1
22937.4
26363.2
27803.5
25871.8
20013.4
13096.2
6716.7
2869.8
2329.4
2442.8
2610.4
2938.4
3311.1
3810.7
4530.5
5292.4
5930.4
5850.5
5204.9
3987.1
2743.3
1781.6
1380.9
1396.2
1537
1624.2
1777.4
2066.1
2538.3
3195.2
3845.6
4596.3
5398.8
6163
7370.5
8666.9
9275.3
9142.5
7999.7
5823.4
3666.5
1913.5
1220
1216.9
1217
1286.5
1330
1486.9
1558.4
1740.1
1892.9
2212.4
2719.9
3390.2
4280
5325
6219
7325.1
8448.1
10229.8
11982.8
12944.9
12846.2
11210.4
8275.2
5097.2
2469.1
1399.3
1262.9
1303.7
1367.9
1373.1
1487.6
1590.6
1704.2
1845.7
2141.4
2304.9
2619.8
2997.5
3498.7
4005.8
4722.3
5545.4
6382.8
7400.8
8603.5
10109
12225.1
13518.3
13719.7
12737
10378.4
7060.8
3775.9
1549.5
825.1
747.1
777.8
746.9
772.3
779.5
913.4
883.2
1106
1199.7
1289
1391.7
1553.9
1764.6
2004.7
2248.8
2622.1
2984.7
3477.1
4036.7
4588.9
5317.7
6235.5
7467.4
8700.9
9406.6
9373
8928.5
7578.9
6110.9
4580.7
3629.7
3158.2
2482.1
1686.2
1204.6
748.2
680.7
884.9
720.6
792.9
717.4
730.2
774.4
896.8
1074.9
1268.8
1455.1
1735.6
2007.2
2262.3
2599.1
2989.2
3588.6
4148.9
4351
4224.7
3809.8
3066.1
1911.3
1054.5
468.6
404.4
356.5
378.6
356.3
377.2
433.5
458.6
516.1
573.5
622
627.2
912.7
764
899.9
1073.8
1332.8
1736.3
1890.3
2247.3
2594.8
2882.7
3490.3
4178.7
4837.8
5100
5069.3
4538.5
3835.9
2519.5
1460.1
833.4
700
660.5
680.8
634.6
600.5
551.3
558
558.4
500.3
554.7
548.5
619.2
657.8
704.7
749.7
901.9
1028.4
1130.1
1262.1
1621.4
1620.4
1926.5
2207.3
2503.6
2891.4
3417.2
3956
4575.5
4744
4705.9
4263.4
3620.1
2631.5
1596.7
801.5
442.8
440.1
442.9
412.9
430.2
461.4
493.8
466.7
475.6
553.7
601
604.7
668.9
754.2
823.9
894.2
942.7
1051.7
1196.7
1386.6
1692.3
1838.6
2135.9
2477.2
2778
2855.1
2883.5
2834.3
2741.3
2548.3
2494.8
2607.5
2575.9
2485.1
2321.2
2023.2
1530.2
1058.7
642.9
481
496.5
445.3
460.2
480.9
512.7
676.5
784
853.2
1005.7
1093.9
1241.4
1405.6
1624.5
1849
2103
2329.1
2373.5
2260.7
2037.1
1744.7
1233.9
732.6
400.4
250.6
266.6
258.4
310.2
297.5
274.1
281.1
303.8
298.1
394.6
295.3
351.2
399
395.4
378.8
479.3
432.5
440.2
471.2
614.6
644.3
757.5
890.5
1034.6
1134.8
1385
1492.3
1718.7
1927.9
2228.3
2498
2588.5
2562.1
2432.3
2248.8
1900.3
1431.2
1076.9
843.7
874
792.1
707.3
599.3
580.1
446.7
366.3
323.1
274.3
330.9
410.1
601.9
623.2
649.9
727.8
800.4
830.7
734.5
712.4
542.7
550.1
558.6
617.2
729.4
794
862.7
908.4
1049.6
1070.2
1202.8
1259.6
1363.8
1553.2
1683.8
1857.7
1943.2
1900.7
1740
1678
1441.7
1208
875.2
526.6
453.4
436.9
375.3
357.6
391.1
366.6
382.6
422.3
389.2
480.2
474
536.8
541
651.9
787.4
876.9
848.9
831.2
766
730.6
623.8
514.7
461
276.9
235.7
254.4
313
280.3
292.2
339.4
472.8
419.2
418.1
504.4
505
532.3
604
687.7
726.4
840
883.7
854.3
815.6
849.9
806
763.1
675.2
665.6
674.3
687
716
794.2
853.1
969.4
1001.7
1035.2
1047.4
1006.8
914
854.7
737.5
610
533
390.9
391.6
354.8
367.3
390.7
321.7
325.2
339.2
342.8
345.2
288.3
402.7
311.4
337.5
348.3
340.6
404.7
457.8
477.9
638.5
539.4
585.5
554.8
618.4
678.6
718.2
778.7
736.9
834.3
899.5
936.7
1059
1033.1
1129.3
1328.4
1300.6
1356.2
1431.4
1641.6
1665.9
1694.9
1697
1692.2
1676.4
1628.1
1501.4
1373.9
1297.2
1158.5
1146.9
1107.3
1029.8
930.8
871.7
770
736.8
713.2
680.1
628.1
555.6
448.2
441.7
513.1
493.6
471.9
379.9
410.1
400
387.1
428.7
499.9
541.2
356.1
331.7
333.9
298.2
346.8
348
345.9
334.9
308.3
341
350.9
308.2
342.1
359.8
351
316.8
311.9
469.9
402.2
378.4
460.5
526.9
474.6
476.2
566.1
558.9
472.3
445.9
432.5
400.9
424.7
585.5
555.8
653.5
762.9
851.3
975.8
1081.5
1284.1
1309.9
1415.6
1558.3
1574.2
1672.5
1719.4
1824.3
1843.6
1907.9
1899.7
1949
1917.6
1906.2
1936
1914
1998.1
2048
1968.6
2017.5
2007.9
2107.6
2144
2131.1
2145.3
2145.2
2087.9
2058.1
2040.9
2011.1
2005.3
1891.5
1884.8
1855
1939.5
1957.7
2092
2004.8
2045.9
2044
2036.6
2004.2
2019.1
2035.2
2003.5
1965.2
2060.9
2005.8
1964
1954.6
2012.5
1959.2
1940.2
1907.2
1901.5
1887.9
1837.2
1731.5
1675
1617.1
1534.8
1418
1379.6
1351.9
1367.7
1480.8
1474.9
1613.5
1532.1
1586.3
1676.2
1682.3
1664.7
1602.6
1538
1519.1
1438.7
1352.9
1246.8
1243.8
1174.9
1114.9
1072.9
1042.4
1098.3
1032.7
1088.7
1123
1123.2
1118.2
1096.5
1130.6
1062.1
1058.2
1041.8
1064.6
1005.1
930.8
984.3
896.7
911.1
908.5
945.6
929.1
979.7
995.9
1036.4
1021.6
1001.9
951.1
902.1
841.7
857.9
805.8
715.7
628.5
747
519.5
494.1
549
441.9
472
470.9
481.8
503.1
477
551.2
459.1
564.1
554.5
545.6
589.5
626.9
663
647
669.9
689
682.4
792.4
732.6
814.6
820.2
870.8
868.7
924.3
954.5
990.1
1058.9
1068.8
1180.4
1248.7
1420.7
1662.1
1711
1940.2
2126.8
2424.3
2723.6
3171
3688
4351.3
4937
5335.8
5716
5892.6
6141.3
6127.9
6297.1
6387.4
6481.8
6583.7
6753.5
6639.4
6199.5
5900.9
5581.7
5440.9
5366.1
5478.9
6036.2
6538.4
7267.1
7856.3
8467.2
8633.2
8818.7
8949.8
9024.5
9180.9
9336.1
9256.1
9516.7
9331.6
8813.5
8141.4
7769
7037
6702.9
6469.4
6628.6
7144.2
7761.1
8419.1
9163
9581.5
9709.8
9927.5
9936.2
9971.6
10164.5
10318.8
10385.7
10624
10516.8
10002.3
9166.6
8352.5
7592
7026.7
6742.5
6729.2
7242.8
7727.9
8426.5
9179.9
9939.2
10229
10276.3
10207.5
10249.7
10260.8
10570
10648.2
10786.1
11037.5
10668.6
9996.4
8897
7932.7
7261.1
6544.7
6197.6
6383.8
6681.1
7168.6
7690.3
8335.1
8998.5
9326.7
9598.6
9363.5
9182.7
9178.5
9195.9
9509.7
9554.9
9662.3
9674
9247.3
8409.5
7144.7
6454.3
5803.5
5573.7
5503.1
5815.6
6149.6
6784.3
7290
7946.1
8538.8
8778.1
8859.6
8572.4
8380.3
8347.8
8462.8
8920.6
8901.8
9105.3
9075
8811.4
8083.7
6836
6041.6
5349.4
5186
5034.1
5255.1
5489.2
5884.4
6225.1
6761.9
7415.5
7732.5
7835.6
7623.2
7342.2
7131.6
7011.5
7279.8
7555.7
7485.2
7499.8
7249
6859.8
5917.4
5092.7
4093.6
3468.3
3176.9
3156.8
3055.7
3019.8
3236.5
3327.3
3525.6
3788.7
4009.5
4276.9
3991.2
3849.5
3716.6
3754.5
3840.9
4078.4
4161.7
4183.6
4041.6
4084.1
3609.8
2893.5
2442
2107.2
2034.6
2041.1
2140.1
2179.8
2241.2
2441
2600
2758.9
2972.3
3025
2939.5
2772.7
2718.4
2678.4
2720.2
2698.3
2740.8
2802
2627.2
2574.3
2529.9
2252.4
1848.9
1616.9
1554.3
1578.2
1653.3
1678.9
1695.4
1872.3
2086.3
2318.6
2611.2
2922.4
3246.6
3610.1
3729.9
3864.1
3722
3552.8
3610.5
3633.7
3803.9
3828.2
3912.8
3659
3492.7
3530.1
3406.6
3057
2618.8
2335
2236
2292.2
2309.9
2381.5
2419.8
2634.3
2921.5
3343.7
3770.7
4250.1
4821.6
5424.5
5840.1
6233.5
6342.1
6276.7
5828.9
5740.1
5934.6
6115.5
6336.9
6410.6
6214.2
5838.4
5770.1
5797.9
5478.6
4540.6
3670.6
3451.1
3557.6
3608.2
3515.3
3469.8
3586.6
3921.1
4411.8
4857.4
5516.2
6183
7086.7
7875.2
8491
8936
9144.9
8868.5
8362.7
8088.1
8373.6
8728.7
8935.3
9292.5
9069.4
8436.8
8046
8248.4
8001.2
6772
5232.2
4673.2
4911.9
5052.6
4863.5
4771
4722.6
4900.7
5492.3
6002.1
6698.3
7605.2
8531.5
9515.6
10442.6
11214.5
11784.9
11981.3
11556.7
10868.4
10455.6
11021
11466.2
11811
12294.5
11964
11328.7
10496.1
10986
10625.2
9097.3
6918.5
5988.4
6175.1
6425.2
6446.3
6135.2
6136.2
6265.9
6912.7
7487.4
8341.1
9315.5
10317.3
11708.2
13094.2
14114.3
14963.8
15768.7
15803
15208.8
14130.9
13936
14644.9
15207
15532.8
16278.3
15800.5
14998.9
14005.4
14347.4
14024.3
12277.4
9424.2
8084.4
8360.5
9069.9
12130.9
17304.8
19791.6
18810.9
13658.9
11170.4
11146.6
12125
13259.1
14702.1
16392.8
17950.2
19257.3
20163.3
20805.3
20514.1
19725.4
18515.4
18517.4
19291.9
19940.7
20493.3
21163.7
20665.7
19665.9
18609
18744.1
18026.8
15651.3
12123.9
10101.3
9773.5
9802.8
9697.3
9300
8906.3
8693.1
8656.2
9258.3
10024.1
10924.9
11969.9
13169.3
14632.7
16029.4
17245
18217.6
19097.5
19331.6
19128.1
18096.9
17259
17307.9
17734.8
18230.7
18810.8
18885.3
18566.7
17693.4
16813.4
16519.4
15808.2
13746.9
10947.2
8970.2
8018.2
7742.7
7576.1
7234.9
6868.9
6586.6
6336.1
6482
6698.8
7205.6
7833.1
8490.5
9315.9
10246.3
11146.2
11875
12579.5
12969.1
13133.4
12740.3
12430.2
11918.8
11873.9
11920.9
12328.9
12591.9
12664.6
12439.1
11931
11404.5
11114.6
10407.7
9119.3
7451.1
6155.3
5211.2
4736.7
4472.5
4126.2
3770.7
3463
3161.4
3043.7
3038.4
3083.2
3226.9
3445.7
3792.8
4042.3
4290.2
4723.3
4895.5
5112.7
5244.1
5299.6
5200.7
5040.4
4935.5
4787
4863.6
4961.8
5014.2
4969.3
5020.8
4784.2
4642.8
4362.8
4143.2
3626.7
3099.2
2540
2112.5
1850.5
1648.4
1354.1
1179.2
1050.3
883.6
766.1
658.3
526.5
583
445.3
406.6
455.3
375.8
402.2
366.7
436.6
415.2
376.5
372.8
344.8
368.8
338.9
367.2
378.6
411.9
322.1
372.5
358.5
455.8
380.7
392.7
433.6
461.7
468.9
426.9
568.4
475.2
403.2
451.6
492.6
448.4
573.6
528.1
586.1
556
656.8
807.4
783.5
779.9
688.2
670.9
753.6
784.4
814
751.6
822.6
849.1
995.1
900.3
943.3
960
1071.6
1150.6
1178.2
1238.7
1336.1
1502.2
1595.9
1871.3
1971.5
2113.1
2282.2
2622
2774.9
2939.8
3523.5
5215.8
5834.8
5111.5
3036.1
1428.3
1271
1320.5
1299.9
1367.9
1621
1627.7
1789.1
1969
2180.4
2437.2
2775.7
3081.4
3511.7
4013.9
4389.2
5026.8
5570.1
6281.3
7014.8
7881.4
8705.7
9687.3
10750.3
11736.4
12807.8
13915.5
15184.3
17298.2
22282.4
28051.4
29386.5
23982.1
13968.9
7162.6
4446.7
3641
3330.4
3044.3
2827
2710.1
2595
2454.1
2416
2485.3
2426.5
2584.7
2585.5
2777.6
2758.9
2933.2
3037.3
3346.5
3481.3
3835.9
4093.9
4492.3
4868.4
5276.3
5665.2
6071.4
6479.8
6956.9
7277.9
7486.7
7754.5
7881.9
8143.8
8178.9
8315.6
8381.1
8387.2
8543.1
8499.9
8497.4
8445.9
8468.2
8426.6
8297.8
7997.9
7782.4
7585.9
7329.8
6974.7
6676.9
6387.5
6052.5
5857.2
5513.6
5318.5
5169.6
4981.7
4997.7
5074.1
5312.1
5424
5689.4
6161.6
6477.1
7006.8
7472.5
8192.1
8887.4
9566.5
10310.9
11221.9
12050.6
12880.9
13815.2
14486.7
14943.7
15203.6
15321.8
15517.1
15682.6
15658.7
15618.6
15496.5
15578.9
15650.3
15494.3
15360.4
15360.3
15305.4
15135
14802.8
14341.8
13924.3
13777.3
13292.8
12930.3
12484.7
12025.8
11699.4
11433.1
11172.8
11097.8
11147.5
11347.1
11450.3
11567.4
11584.9
11658
11530.1
11330
11222.7
11225.8
11323.5
11515
11716.5
11951.9
12460.6
13173.6
13981.6
14953
15804.1
16881.2
17785.8
18544.2
19282.4
19920.7
20700.9
21389.5
21827.8
22499.9
22924.9
23474.3
24077.7
24502.7
24728.5
25009.3
25481.3
26065.4
26450.6
26910.9
26990.9
27162.6
26944.3
26410
25473
24251.3
22750
20969.5
19350.3
17854.5
16284.3
14795.6
13490
11969.1
10943.2
9914.2
9330.8
8974
9022
8969.3
9295.1
9724
10164.3
10725.2
11376.4
12122.1
13043.6
14159.8
15016.4
16181.5
17420.8
18637.9
19615
20787.9
21993.5
22969.6
24034
25226.2
26339.1
27558.8
28759.8
29939.5
30624.5
31193.4
31472.8
31265.1
30796.8
30087.2
29123.4
27749
26389.3
25158.9
23833.6
22423.3
20716.3
19072.3
17428.4
15869.4
14368.5
13051.3
11935.9
11099.2
10274.4
9619
8973.3
8551.2
8106.7
7737.8
7504.6
7453
7291.5
7360.4
7441.1
7685.9
7892.2
8357.2
8723.6
9156.5
9645.7
10280.9
11104.4
11669.5
12299.7
12993.1
13835.7
14303.9
14852.3
15320.8
15612.5
16060.5
16313.2
16652.5
16746.3
16937.4
17176.9
17122
17199.8
17169.3
17075.3
16920.3
16807.5
16506.7
16175.7
15578.2
15260.8
14813.9
14387.8
14180
14025.4
13969.5
14099
14102.8
14097.6
13911.6
13841.6
13511.6
13045.6
12301.9
11921.6
10989.2
10406.3
9801.9
9208.8
8627.6
8032.2
7397.5
6811.1
6262.4
5689
5136.4
4535.3
3995.3
3403
3114.6
2800.9
2491.2
2396
2300.8
2275.6
2208.3
2284.6
2283.6
2378.8
2399.1
2490
2570.1
2723.5
2834.3
3008.7
3027.8
3199.5
3384.9
3490.9
3782.9
4037.6
4148.7
4230.4
4365.8
4387.6
4430.7
4458.2
4384.1
4318.4
4136
4013.1
3890.9
3807
3558.9
3360.6
3223.9
3088.2
2829.7
2773.8
2297.6
2198.1
2041.6
1919.1
1648
1499.7
1353
1334.7
1301.7
1268.4
1287.5
1333.7
1383.2
1353.4
1394.7
1465.8
1600.6
1699.9
1775.9
1884.3
2042.3
2193.9
2334.2
2527.4
2766.2
3018.5
3220.9
3557.7
3780.9
3969.5
4214.6
4393
4532.2
4535.6
4539.8
4729.5
4588
4551.6
4504.4
4432.4
4304.3
4140.5
4029.6
3785.6
3626.7
3471.1
3199.3
2816.1
2643.1
2509.7
2247.8
2008.6
1819.7
1600.5
1381.5
1373.8
1220
1184.3
1156.2
1089.8
1089.7
1039
1103.7
1025.7
1102.4
1043.7
1006.2
1093.7
1114.5
1154.4
1149.2
1273.2
1350.1
1313.3
1487.4
1521.1
1659.3
1802.1
1921.9
2085.8
2347.4
2611.2
2706.6
2771.2
2735.9
2754
2942.2
2853
2736.1
2730.1
2749.8
2766.8
2742.1
2912.1
2452.3
2391.3
2313.8
2171.2
1884.4
1700.1
1644.4
1522.7
1312.3
1187.9
1089.6
875.6
783.1
735.2
710.6
657.9
623.9
624.7
687.8
687.7
685
652.9
664.5
688.2
496.3
609.3
606.1
521.7
639.8
507.3
482.8
485.5
449.5
422.5
373
368.6
303.6
276.8
274.1
255.5
239.5
158.8
244.9
120.5
176.6
168
209.6
108
221.1
109
156.9
191.8
188.9
201.9
277
236.9
288.3
260.3
329.3
424.8
420.7
470.9
528.5
486.3
488.2
492.2
440
417.9
480.5
398.2
465.1
422.8
406.7
388.7
279.9
285.4
298.6
326.4
297.2
253.9
289.4
127.3
149.2
302.4
94.1
88.8
110.1
46.1
73.3
33.1
20.5
0
23.2
61.1
36.1
83.6
247.7
90.5
12.5
59.7
74.6
142.7
96
88.7
92.7
126.4
154.4
148.6
133.7
190.6
234.1
247.4
265.2
273.9
357.7
368
356.7
353.8
398.2
393.8
362.3
350
371.5
331.2
292.7
277.9
339.2
310
213.5
190.5
220.3
173
121.9
195.5
177.8
165.4
211.9
283.6
382.8
546.7
615.4
733.3
630.7
591.6
552.5
587.1
585.3
589
618.6
698.7
631.2
465.5
420.5
461.9
345
451.4
304.6
304.7
352.4
287.2
322.8
282.6
257.6
276.9
229.6
281.8
297.8
285.2
488.3
317.3
290.1
293.8
273.6
335.9
371.4
298.3
331.7
350.7
398.5
466.1
398
366
370.5
342.8
285.4
327.7
252
268.8
203.9
155.4
158.1
140.5