NaN
NaN
4859.2
3086.3
1736.4
1535.8
1711.3
1995.7
2469.4
3022.2
3680.3
4648.5
5846.4
7357.5
9278.4
11386.8
14046.8
17003.1
19554.6
20307.7
17236.9
11611.2
6394.3
2886.4
2095.1
2245.7
2591.8
3051.9
3576.1
4403
5468.7
6809.8
8540.9
10756.6
13194.7
16189.1
19925.2
24607.1
29535
32811.4
31998.9
25333
15756.9
7346.9
2289.5
1436.4
1270.8
1239.1
1144.1
1087.7
1100.1
1132.1
1061.3
1078.8
1156.2
1406.6
1445.2
1694.9
1924.3
2256.1
2573.4
2722.3
2605.7
2277.1
1659
1312.9
1127
1200
1349.2
1603.3
2015.2
2537.8
3212.9
3826.9
4722.5
5624
6338.4
6499
5897.1
4488.6
3007.6
1860.6
1501.2
1561.1
1677.1
1959.8
2031.4
2405.9
2806
3435.7
4525.4
5739.4
7143.5
8671.1
10815.3
12930.2
14482.2
15040.4
13723
10432.8
6656.2
3544.3
2093.5
1977.4
2191.1
2432.8
2859.4
3220.5
3778.8
4530.9
5470.9
6547.6
8006
9642.5
11716.9
14090.8
16834.8
20572.4
25104.2
28195.4
29067.1
26473.9
20331.5
12995
6418
2555.9
2001.1
2012
2037.5
2314.5
2446.1
2928.8
3296.1
3915.3
4605
5516.5
6733.2
7950.1
9623
11470.4
13551.5
16131.9
19236.4
23543.2
27291.8
29177.4
28164.4
24308.1
17638
10499.5
4871.5
2609.3
2478
2584.8
2841.1
3144.5
3554.3
4152.7
4854.4
5383.2
5475.4
5134.5
4296.3
3296
2303.5
1711.4
1543.6
1664.7
1772.3
1903.4
2155.1
2546
3135.1
3646.6
4347
5058.8
5778.1
6776.6
7960.4
8594.1
8681.4
8126.2
6551.6
4587
2758.8
1585.9
1382.3
1346.4
1379.7
1470.5
1561
1623.1
1790.1
1960.4
2230.2
2653.2
3251.9
4075.8
4986.2
5937.1
6922.9
8031.7
9625.1
11210.5
12363.6
12531.1
11738.7
9630.6
6730.4
3840.7
1967.1
1516.7
1526.7
1575.1
1587.7
1683.5
1805.2
1854.4
2014
2269.7
2435.1
2690.9
3124.8
3522.6
4062.1
4751.9
5491.6
6362.9
7339.7
8493.7
9940
11911.9
13326.4
13891.8
13361.9
11805.1
8952.1
5598.3
2790.4
1248.6
968.8
942.2
921.2
950.4
950.6
1042
1046.9
1255.4
1325.5
1460.9
1521.3
1727.8
1936.2
2155.7
2398.4
2791.1
3172.5
3588
4155.6
4743.9
5453.6
6379.2
7596.8
8735.7
9495.1
9708.7
9425.5
8586.5
7075.8
5336.7
3941.2
3199.7
2716.2
2099.8
1578
1080.5
912.5
970.6
903.1
964.1
943
923.3
995.7
1081.9
1224
1385.8
1564.6
1799.6
1992.1
2272.5
2538
2886.1
3376.6
3855
4106.6
4046.5
3807.8
3407
2415.2
1610.5
830.7
588.3
539.1
572.3
531.5
537.2
591.8
624.4
668.6
704.7
746.4
772.2
1011.9
874.9
988.4
1181.1
1394.2
1739.4
1910.5
2248.7
2556.4
2912.6
3408.2
4078.6
4669.3
5005.9
5011.1
4738.6
4344.8
3306.4
2243.1
1441.8
1065.1
1033.9
1039.5
986.2
959.3
879.5
849.8
831.7
774.3
779
780.7
849.6
873.6
952.7
986.4
1132
1208.6
1301
1503.2
1791
1845.4
2065.5
2341.6
2680.1
3087.2
3501.6
4067.1
4710.7
4917.1
4904.5
4600.1
4203.9
3362.9
2348.6
1450.7
813.7
670.9
667.9
644.6
645.9
682.3
734.1
708.9
713.2
758.7
813.6
808.2
851.5
941.9
939.4
1045.2
1091.1
1205.3
1304.5
1454.7
1725.8
1852.7
2146.9
2493.6
2743.7
2846.2
2940.9
2940.3
2975.4
2895.9
2900.6
2958.3
2884
2824.3
2665.3
2469
2068.3
1593.6
1113.1
803.6
766.6
681.9
702.2
725.3
761.3
915.3
973.5
1051.6
1119.8
1261.7
1391.3
1523.5
1729.4
1916.8
2115.8
2344.4
2381.3
2299.9
2168.3
1985.4
1617.4
1164.4
827.1
560.7
510.7
480.8
558.1
542
544.7
536.8
549.2
551.7
624.2
565.2
600.6
644.8
622.8
625.9
707
677.4
676
743.4
810
831
975.8
1108
1235.6
1358.6
1588.9
1722
1912.4
2161.4
2457.1
2763.1
2862.1
2845.3
2757.6
2677.1
2493.1
2147.2
1784.7
1547.1
1433.2
1338.5
1262.7
1140.3
1076.7
887.9
741.3
633.9
538.6
544.5
632.1
816.8
860.2
882.4
937.4
994.3
1063.4
1006.3
1009.3
855.9
810.1
821.9
859.7
958.3
1027.9
1105.8
1173.3
1253.5
1290.9
1470.3
1525.6
1610.1
1781.1
1959.7
2085.8
2176.8
2161.7
2012.6
1927.7
1760
1543.3
1241.8
894.5
730.5
617.5
596.3
565.5
585.8
563.9
550.1
618.8
596.3
664.4
650.3
716.7
737.8
797.4
894.6
978.1
980.1
958
925.6
908.2
828.6
737.6
677.3
530.8
505.1
479.1
510.6
528.5
525.9
558.3
662.7
661.6
643.8
714.5
704.7
777.4
817.6
896.6
952.2
1010.9
1117.8
1070.6
1057.1
1077.9
1019.4
1008.5
966.2
932.3
918.3
868.7
914.7
1013.6
1035.7
1116.6
1190.8
1215.7
1247.8
1211.5
1164.4
1090
1013.3
906.4
849.7
720.5
646.3
633.8
615.5
625.7
560
557.2
577.9
565
521.7
523.8
599.5
532.2
521.3
536.3
538.1
583.6
626.4
654.7
803.1
730.3
758.2
765.5
809.6
864.4
905.3
949.9
951.9
1021.8
1082.9
1125.7
1194.4
1258.2
1305.8
1484.8
1463.8
1568.7
1586
1767.6
1850.8
1914.3
1888
1938.8
1932.4
1950.7
1885
1800.9
1708.3
1518.2
1467
1397.2
1336.9
1205.9
1050.7
909.8
854.2
835.5
791.3
751.6
711.7
617.9
589.6
641.2
642.5
634.5
568.8
573.2
589.7
563.2
583.7
656.1
693
580
538.8
580
520.2
541
553.8
555.7
561.8
533.1
540.9
533.9
516.5
544
567.3
539.4
540.3
505.6
623.3
587.1
565.4
631.7
698.5
687.2
671
750.1
745.9
702.7
672.5
651.4
616.5
634.8
747.1
750.4
826.1
934.8
1015.5
1129.6
1218.2
1381.6
1450
1531.5
1659.3
1687.9
1746.1
1803.9
1912.8
1977.9
1972.6
1995
2007.3
2006
2026.3
2062.8
2040.2
2098.8
2132
2054.8
2062.2
2114.2
2156.5
2214.4
2180.9
2237.8
2253.2
2215.2
2126.5
2104.5
2064.8
2105.9
2015.2
2021.3
1942.3
2000.7
2020.4
2166
2115.3
2119.2
2112.7
2152.9
2114.3
2091.9
2133.2
2116.5
2091
2116.4
2092.3
2039.6
2050
2076.4
2043.3
2026.7
1972.4
1977.4
1937.9
1896
1817.2
1746.6
1705.5
1640.3
1537.6
1502.1
1471.8
1483.9
1550.8
1540.3
1669.8
1624.9
1649.3
1691.3
1770.7
1731
1676
1662.2
1642.5
1555.8
1493.5
1440.9
1401.3
1328.6
1306.8
1281.4
1267.5
1272.3
1249.8
1294.4
1303.8
1329.2
1328.2
1305.4
1335.5
1296.4
1259.3
1274
1255.4
1234.2
1217.2
1220.1
1164.2
1190.1
1203.4
1230.6
1236.8
1262.2
1297.8
1353
1353.9
1365.8
1349.4
1301.3
1249.1
1196.3
1084.8
1006.5
944.4
960.6
750.3
732.8
767.1
695
709.1
711.2
708.4
733.1
749.4
800.9
742.3
818.9
810.6
815.7
854.9
893.1
916.2
915
924.6
947.9
991.2
1074.3
1083.9
1131.5
1181.4
1211.4
1219.6
1260.4
1251.5
1280.1
1343.7
1350.2
1419.1
1473.2
1642
1769.9
1875.1
2024.6
2179.8
2463.6
2727.6
3095.4
3520.7
4111
4616.3
4968
5290
5566.2
5744.4
5849.9
6000.6
6054.8
6166.8
6266.8
6377.9
6288.8
6005.5
5729.1
5450
5358.7
5216.8
5340.6
5719.1
6218.7
6792.6
7425.1
7871.6
8114.4
8316.5
8457.8
8560.3
8634.8
8844.7
8751.5
8978.6
8847.3
8419.6
7861.1
7444.2
6915.9
6607.5
6321.7
6423.2
6796.3
7338.7
7942
8558.5
8979.7
9152
9336.5
9427.9
9546.3
9706.6
9819.2
9816
10003.7
9992.3
9603.5
8895.4
8157.4
7482
7054.2
6713.1
6622.2
6954.4
7426.3
8078.9
8762.1
9422.5
9745.5
9880.1
9856.7
9890.1
9997.8
10214.2
10316.6
10272.2
10517
10329.4
9774.4
8798.8
7908.4
7264
6633.3
6217
6262.1
6532.7
6969.5
7460
8010.2
8657.3
9013.5
9219.7
9158.5
9009.1
9050
8996.2
9224.4
9332.5
9358.9
9465.3
9112.9
8343.3
7209.9
6614.1
5967.4
5671.9
5494.8
5723.9
6154
6694.8
7146.6
7830.1
8440.6
8663
8791.1
8596.5
8493.6
8470.2
8573.6
8913.6
8903.8
9144.8
9185.9
8931.1
8238.5
7245.3
6436.2
5781.7
5470.8
5295
5455.2
5696.3
6052
6435.4
6940.7
7553.5
7920.7
8068.4
7968.7
7679
7504.2
7400.7
7559.1
7761.7
7756
7777.6
7592
7193.5
6355
5485.3
4645
3957.5
3547
3389.4
3283.5
3228.5
3345.7
3478.2
3650
3880.2
4088.7
4352.4
4169.9
4065.5
3925.4
3890.4
3955.4
4221.4
4284.4
4349
4236.7
4208
3843.4
3195.4
2723.6
2409.9
2232.1
2251.2
2273.2
2315.4
2400.6
2508.2
2673.8
2813.9
3027.6
3068.5
3056.1
2896.2
2827.6
2736.9
2743.7
2768.3
2784.2
2790.5
2696.5
2670.8
2608.7
2371
1994.2
1795.5
1675.6
1635.4
1720.5
1718.3
1738.7
1898.8
2093.9
2303.8
2508.5
2824.1
3144.8
3434.5
3598.4
3683.6
3637.8
3457.9
3467.1
3491.7
3600.3
3633.6
3696.9
3547.5
3384.1
3436.5
3339.5
3101
2682.6
2417.6
2306.1
2311
2364.4
2415.7
2467.9
2621.3
2863.6
3266.9
3638.4
4073.8
4637.6
5177.4
5590.3
5984.8
6072.5
6051.9
5654.6
5588.1
5665.1
5823.8
6033.8
6081.8
6015
5679.3
5550.7
5580.7
5336
4565.8
3757.2
3401.5
3412.6
3513.3
3476.4
3393.5
3586.6
3733.9
4205.4
4657.7
5259.1
5931.5
6687.9
7461.7
8056.2
8539.6
8811.5
8663.6
8070.2
7813.2
8034.8
8326.2
8555.6
8869.8
8764.5
8205.4
7776.4
7894.2
7819
6813.2
5350.4
4680.6
4818.1
4969.4
4875.7
4785.5
4710.6
4822
5319.7
5829.9
6492.5
7287.8
8083.7
9136.9
10087.7
10779.3
11427.4
11672.9
11227.5
10660.6
10116.3
10629.9
11154.1
11409.9
11877.6
11750.1
11135
10407.1
10603.7
10498.2
9186.9
7215.6
6038.2
6111
6373.3
6443.7
6132.6
6097.1
6185.2
6698.9
7358.7
8083.5
9056.1
10018.9
11346
12696.5
13779.6
14596.1
15434.8
15622.6
15063.5
14011.7
13599.3
14242.6
14914.9
15173.8
15949
15592.4
14876.1
13844.3
14130.2
13988.6
12515.3
9763.8
8030.9
8262.7
8823.4
11068.3
16519.2
19315.8
19039
14269.3
11048.1
10921.6
11893
12985.8
14426.1
16111.2
17712.9
18978.2
19893
20762.8
20627.7
19794.2
18558.5
18317.3
19082
19739.1
20300.9
21160.5
20681
19870.3
18512
18664.6
18268
16183.3
12484.2
10040
9664.4
9715.7
9665.8
9419.8
8900.5
8638.4
8517.6
9098.7
9809.2
10705.5
11708.7
12901.1
14292.3
15706.2
17058
18008.5
18913.4
19400.3
19175.6
18069
17095.9
17103.1
17443
18084.4
18653.5
18932.3
18664.5
17702.9
16666.5
16530.9
16175.1
14261.8
11216.1
8978.8
7999.5
7777.4
7598.8
7377.9
6915.9
6653.6
6301.2
6472.5
6670.9
7118.4
7742.7
8432.4
9256.5
10117.2
11009.2
11838.1
12494.5
12978.9
13202.3
12909.6
12527.1
11912.6
11862.4
11967
12287.3
12558.9
12764
12585.9
12026.4
11554.3
11218.8
10661.7
9477.3
7804
6286.2
5286
4807.1
4576.7
4242.6
3937.8
3637.3
3332.4
3172.7
3189
3193.3
3333.6
3537
3873.4
4142.9
4417.5
4824.4
5043.6
5262.6
5442.8
5517.3
5390.3
5254.4
5107.2
4979.2
5049.2
5108.5
5199.8
5181.5
5221.1
4979.8
4833
4559.4
4373.8
3887.9
3389.2
2760.6
2261.4
1983.3
1804.6
1500.4
1381.7
1201.2
1057.8
928.5
800.6
680
710.3
601.2
573.7
612.8
526.5
564.9
538.4
613
587.3
561
567.9
520.9
513.2
514
514.9
547.5
567.5
505.7
526.3
522.7
599.1
541.7
576.5
612.7
648.8
665.8
603.6
707.3
635.3
560
612.5
670.3
643.8
744.1
676.3
728.2
726.3
849.6
950
961.5
964.7
847.1
842.5
902.9
919.1
948.1
897
973.8
1024.6
1094.8
1081.2
1106.7
1169.1
1254.7
1338.7
1344.3
1456.5
1527.3
1669.3
1774.2
2087.7
2205.3
2335.8
2579.4
2831.7
3030.9
3234.3
3739.7
5513.4
6373.6
5637.4
3584.1
1698.9
1444.2
1454
1438.4
1580.5
1749.1
1797.9
1966.9
2120.7
2372.4
2619.1
2978.3
3292.1
3710.4
4201.7
4702.2
5292.4
5953.9
6755.2
7478.4
8356.2
9303.2
10329.2
11489.1
12586.2
13871.8
15106.4
16342.4
18370.2
23617.9
30670.7
32637.8
27302.3
15854.3
7599.4
4647.4
3842.5
3480.4
3180.3
3011.1
2880.7
2748.1
2571.8
2532.3
2606.9
2565
2672.3
2651.5
2844.2
2824.7
2993.5
3151
3427.2
3607.3
3877.9
4166.5
4558.9
4925
5308.7
5723.9
6150
6578.1
6975
7339.7
7569.4
7816.7
7988.7
8253.5
8212.9
8361.7
8400.7
8486.1
8562.3
8583.7
8520.4
8496.5
8567.4
8536.4
8359.9
8099.6
7872.9
7654.9
7421.1
7109.7
6731.2
6459.2
6109.6
5877.8
5601.3
5371.2
5187.9
5055.5
5025.5
5089.9
5329.1
5428.1
5700.8
6158.9
6440.2
6926.9
7415.1
8133.5
8666.6
9359.5
10178.4
10987.1
11880
12658.4
13608
14303.3
14827
15086.5
15240
15367.5
15573.6
15526.7
15502.1
15435.3
15581.8
15553.5
15427
15316.8
15205.9
15198.8
15074.2
14747.3
14292.4
13934.2
13703
13276.9
12887
12440
11987.7
11598.6
11339.8
11084.6
11015.4
10971.6
11153.7
11337.2
11508.2
11535.9
11595.6
11410.7
11303.9
11129.7
11134.7
11158.3
11360.3
11566.5
11784.6
12316.8
12950.1
13860.9
14789.3
15745.5
16685.3
17687.4
18479.5
19260.5
19869.8
20582.1
21297.7
21810.3
22522.3
22856.2
23461.5
24039.8
24572.9
24766.5
25033.3
25562.5
26133.4
26588.4
27076.9
27314.4
27584
27363.1
26933.3
26000.2
24655.9
23125.7
21346.9
19793.1
18085.3
16465
14903.5
13546.2
12024.1
10870.2
9879.6
9293.1
8976.8
8991.3
9039.6
9347
9733.5
10180.1
10837.1
11429.3
12256.4
13259.1
14238.1
15234.1
16364
17624.7
18852.5
20031
21188.1
22360.2
23366.2
24439.2
25868.1
26991.7
28337.3
29624.8
30798.2
31762.7
32311.9
32698.8
32371.8
31942.1
31140.8
30209.9
28781.7
27376.4
26065.2
24634.9
23000.5
21240.1
19508.7
17758.6
16129.9
14543.4
13250.6
12160.6
11234.8
10333.2
9685
9070.9
8626.2
8160.9
7827.8
7599.3
7520.3
7351.8
7403.3
7567.7
7730.8
7992.5
8386.2
8722.6
9124.1
9725.2
10341.7
11092.2
11710.1
12344.4
13132.7
13899.9
14417.9
14953.8
15390.9
15753.2
16203.4
16421.8
16755.1
16826.1
17153.5
17282.9
17303.1
17376.7
17360.4
17251.5
17000.1
16889.7
16649.2
16364.8
15777.2
15380.2
14980.8
14526.5
14291.2
14104.6
14066.5
14074.8
14204.5
14271
14121.8
13997
13734
13269.9
12551.3
12060.1
11137.2
10522.3
9978.3
9368.4
8745.2
8122.8
7491.8
6862.3
6281.3
5741.8
5144.1
4496.1
3920.9
3414.9
3062.2
2766.6
2531.5
2431.8
2304.9
2257.2
2211.6
2325.4
2307.4
2413.9
2434.1
2543.9
2583.6
2728.8
2849.7
3003.2
3087
3238.3
3381.9
3502.1
3766.8
3971.7
4135
4209.8
4354.5
4426.1
4456.2
4417.4
4418.1
4348.4
4140.7
4048.8
3928.6
3820.6
3636.8
3388.8
3257.5
3100.9
2874.5
2726.3
2374.6
2220.4
2023.8
1909.5
1706.2
1555.5
1449.1
1398.8
1386.3
1353
1352.9
1401.5
1424.8
1422.8
1471.1
1558.2
1694.1
1783.5
1831.2
1954.4
2106.6
2268.9
2472.4
2652
2892.8
3130.6
3343.3
3687.6
3914.1
4151.5
4370.5
4540.6
4692
4733.1
4740.7
4859.4
4750.9
4710.5
4637.4
4581.9
4453.9
4255.4
4103.8
3868.4
3747.9
3533.7
3195.8
2885.5
2685.6
2577.3
2287.2
2030.1
1822.8
1621.2
1444.2
1419.1
1268.4
1226.3
1182.9
1155.7
1145.5
1108.5
1135.7
1083.9
1155.2
1132
1130
1144.4
1176.1
1237.1
1257.8
1381.2
1412.4
1420.6
1594.8
1650.7
1747.6
1878.6
2057.3
2237.2
2531.5
2772.2
2865.3
2962.1
2974.1
2968.3
3135.4
3095.2
2935.6
2946.1
2966
2974
2928.7
3022.4
2623.2
2575.5
2467.7
2273.2
1971.3
1827.7
1725.5
1582.9
1380.4
1193.8
1084.6
877.3
815.4
715.1
708
647.6
609.4
611.4
658.1
646.7
611.3
606.3
625.3
619.3
486.8
579.5
539.9
523.3
570.2
514.5
464.2
455
424
410.8
336.1
341.6
277.4
239.5
278.4
219.1
220.6
149.2
203.2
122.5
183.9
166.7
194.4
96.3
176.5
93.4
160.6
167.5
169
155.5
231.8
220.7
269.8
269.3
299.7
383.9
407.5
451.8
489.2
439.7
449
446.6
417.2
409
445
375.1
421.5
384.7
355.8
355.1
285.7
230.6
266.2
273.4
251
184.8
221.5
101
112.1
231.2
73
62.7
73.9
43.1
58
30.7
20.7
10.6
0
36.8
27
48.7
168.5
63.1
10.4
27.2
54.9
78.5
64.4
74.1
80.8
98.2
164.7
125.1
108.6
158.6
177
205.5
179.5
256.7
310.8
295.8
312.7
317.8
340.6
323.8
345.6
333
314.3
272.2
251.9
231.1
239.6
253.1
168.5
153.2
174.9
114
95.8
141.4
157.4
126.6
197
278.8
360.5
504.1
618.7
685.6
608.7
542.5
522
558.9
580.6
579.7
598.7
619.3
571.9
435.9
404.1
374.8
308.1
369.2
251.3
267.7
289.3
231.1
253.8
211.4
196
218.8
209.7
232.3
240.3
234.1
352.2
267.6
224.9
260.8
209.3
269.9
287.7
238.8
299.5
293.4
346.6
377.3
341.2
295.5
306.4
260.8
205.2
254.1
221.2
210
121.2
66.3
91
97.6