NaN
NaN
4387.6
2610.2
1356.1
1358
1548
1821.5
2291.5
2884
3533.3
4480.4
5696.1
7146.1
8984.8
10991.2
13488.2
16325.6
18747.5
19649.5
16290.1
10512.1
5347.1
2272.4
1899.1
2058.5
2424
2793.5
3399.9
4127.7
5214.8
6458.3
8109.3
10313.2
12570.4
15451.1
18911.5
23146.4
27715.8
31310.1
30981.8
23742.8
14007.4
5752.1
1714.1
1208
1088.9
1032.9
959.9
901.5
934.3
1036.2
905.6
898.1
1000.9
1241.9
1285.8
1472.9
1748.4
2041.9
2389.6
2627.3
2450.1
2047.9
1458.4
1125.6
984.6
1062.3
1154.3
1371.3
1801.6
2341.5
2985.3
3605.2
4426.4
5289.7
6036.2
6485
5773.4
4218.5
2690
1570.2
1294.6
1367.4
1496.3
1797.4
1873.8
2243.6
2611.8
3115
4248
5390.2
6752
8157.1
10049.9
12093.1
13980
14904.9
13453.3
9879.3
5967.4
2951.4
1853.9
1746.3
1983.6
2232.9
2604.8
2924.7
3523.7
4205.2
5080.3
6105.7
7506.9
9064.3
11046.1
13322.2
16010.4
19063
23534.2
27235.5
28774.7
26371.2
19416
11801.8
5299.7
2050.8
1812.1
1747.9
1821.2
2123.4
2225.1
2657.3
2988.7
3603.7
4321.8
5156.7
6300.3
7419
9055.8
10793.6
12843.1
15195
18015.2
21841.7
26111.2
28506.2
28189.8
23589.1
16451.4
9280.5
3934.9
2277.6
2288.7
2348
2613
2936.7
3296
3855.7
4565.5
5289.7
5460.2
5131.6
4165.4
2999.7
1947.1
1444.1
1334.9
1474.3
1533.2
1683.6
1922.1
2294.2
2902.5
3401.7
4074.9
4813.8
5504.9
6414.7
7705.5
8510.2
8748.7
8097
6289.2
4247.8
2364.8
1312.2
1193.8
1190.2
1208.5
1263.5
1399.6
1455.4
1658.1
1733.7
1980
2407.1
2977.8
3845.6
4722.9
5726.3
6687
7691.4
9118.7
10955.6
12371.7
12784.8
11782.1
9343.3
6163.9
3338.3
1626.2
1350.8
1347.7
1433.4
1417.1
1550.4
1639.5
1708.1
1843.2
2153.5
2227.9
2481.6
2854.1
3321.4
3841.3
4467.3
5231
6050.2
7019.2
8154.1
9511.4
11402.9
13155.4
14023.2
13467.9
11633.3
8456.6
5000.6
2262.8
920.7
828.3
817.9
749.9
783.9
780.3
883.6
867.4
1106.7
1186.5
1283.8
1392.4
1554.2
1745.3
1997.4
2208.4
2618.7
2935.5
3393
3886.9
4428
5170.4
5994.8
7063
8451
9425.5
9675.9
9373.7
8214.8
6708
4967.3
3694.4
3141.5
2548.8
1906.8
1385.6
856.5
752.5
900.3
717.4
812.7
784.5
729.6
754.3
868.2
1022.1
1192.7
1377.8
1595
1810.6
2055.6
2363.2
2664.5
3154.3
3684.4
4093.8
4101.1
3798.4
3282
2198.8
1327.2
586.4
411.1
372.9
346.1
379.5
372.4
437.2
468.3
493.3
531.6
604.2
601.7
950.3
687.4
838.2
960.3
1224
1646.9
1748.9
2079.5
2388.4
2687.9
3161.3
3723.8
4480.4
4933.4
5089.9
4707.8
4224
3029.5
1887.2
1115.7
818.8
834.3
803.6
786.9
733.2
682.5
653.7
647.8
588.7
608.6
613.4
653.3
720.3
738.5
798
909.6
1014.2
1106.1
1262.3
1595.5
1645.7
1866.4
2169.2
2429.6
2775
3232.4
3742.6
4410.8
4770.7
4865.1
4558.7
4035.8
3094.3
2022.7
1101.4
571.4
513
517.6
467
499
507.4
535
512.1
538.4
596.4
638.8
668.5
685.5
764.1
798.9
862.6
933
997.2
1106
1292.9
1533.7
1692.1
1952
2245.4
2596.7
2719.1
2785.5
2740.1
2733.7
2607.6
2555.5
2692.5
2747.6
2683.2
2573.4
2296.2
1827.9
1346.2
831.8
591.2
597.1
505.2
540.4
542.6
536.8
696.6
768.7
834.4
968.2
1040.7
1184.1
1320.4
1531.7
1669.1
1924.7
2218.4
2265.6
2252.3
2098
1876.3
1429.1
900.6
573.6
322.7
304.3
324.2
362.1
359.3
371.2
322.1
370.1
348.9
455.2
361.7
411.7
446.3
424.8
452.2
501.4
470.7
461.9
531
628.5
638.9
775.2
902.1
1019.4
1131.5
1416.3
1490.1
1715.3
1856.1
2167.7
2464
2681.4
2719.9
2643.7
2489.4
2248.6
1827.2
1445.4
1158
1212
1090.9
998.1
922.1
821.5
621.7
478.2
416
335.7
332.2
393.7
583.1
617.3
666
749
793.5
861.4
804.5
786.6
609.8
550.5
596.1
653.3
749.2
822
895.2
953.5
1055.1
1078.4
1259.2
1317.1
1393.3
1571.6
1668.3
1827.6
1993
1994.6
1864.9
1751.3
1595
1363.2
1038.5
670.1
509
461.6
394.4
404.8
427.8
400.4
380.6
457.7
396.8
463.5
490
518.1
533.5
611.8
700.7
812.2
817.8
814.8
774.5
728.6
658.9
553.6
543.5
350
285.8
316.1
364.1
335.7
355.1
380.4
517.1
438.6
453.4
531
546.7
597.9
628.9
711.2
739.3
818.6
932.2
881.5
884.8
880
844.4
778.8
725.9
723.5
693
719.2
704.3
797
831.3
899.2
982.1
1048.2
1088.6
1022.6
1000.6
894.4
796.1
698.2
646.7
467.1
452.3
405.1
421
450.1
337.2
341.6
379.7
375.4
358.1
331.5
415.8
330.6
310.4
337
308.7
396.6
435.1
477.9
654.2
529.7
561.2
566.1
608.6
665.7
714.8
745.3
743.6
848.7
896.1
932.5
1039
1019.9
1110.1
1308.6
1246.6
1350.7
1358.4
1571.9
1637.6
1718.7
1701.1
1710.3
1762.6
1703
1633.4
1544.6
1496.6
1302.8
1242.4
1190.6
1125.1
990.4
851
729.3
728.5
626.5
609.6
589.3
559.9
455.2
411.8
502.6
490.3
497.6
384.4
392.8
386.8
385.1
440.1
522.3
553.5
402.5
329.4
385.7
335.7
341.3
394.4
382.6
348.2
328.7
372.1
352.7
343.2
357.2
383
390.5
358.5
344.8
487.5
408.6
381.4
445.2
534.3
484.7
497.4
597.9
577.9
515.6
504.2
481.8
439.4
478.4
571.2
553.4
625.8
740.2
820
937.2
1004
1189.9
1242.9
1355.4
1475.9
1515
1544.2
1629.2
1692.7
1765.5
1816.1
1804.9
1848.8
1838.2
1824.3
1849.7
1854.7
1925.1
1968.5
1875.9
1904.1
1919.5
1956.9
2040.2
1990.6
2070.1
2081.3
2071.4
1999.9
1993.4
1920.2
1917
1830
1788.5
1753.6
1853.8
1858.1
2000.2
1916.8
1941.3
1991.1
1978.3
1991.5
1930.5
1946.3
1921.4
1897.2
1959.9
1947.4
1868.9
1858.5
1929
1846.1
1862
1796.5
1798.2
1775.3
1765.7
1676.3
1577.7
1541.7
1476.5
1368.4
1330.6
1301.1
1330.5
1396.7
1387.4
1480
1442.7
1476.7
1508.6
1579.1
1600.1
1529.9
1485.4
1446.2
1363
1304.4
1235.7
1220.6
1184.7
1129.1
1052.5
1033.4
1067.8
1016.3
1046.4
1145.4
1169
1123.6
1092.3
1117.4
1094.9
1075.7
1076.7
1069
1046
995.6
1044
964.1
947.8
965.9
985.2
986.7
1031
1052.4
1142.8
1144.3
1155.5
1107.3
1049.8
1033.7
1008.2
913.5
825.4
692.1
800.6
524.8
515.2
576
480.9
542.8
510.3
485.8
552.8
532.6
595.8
545.3
645.8
594.2
596.4
641.8
665
730.5
709.6
733.8
731.6
754.2
864.8
800.3
877.8
897.5
969.4
937.5
1004.6
1017.4
1087.1
1131.8
1120.9
1200.8
1225.3
1386.9
1555.2
1628.7
1814.5
1940.6
2211.7
2469.7
2824.6
3271.5
3792.5
4357.6
4776.5
5173.8
5355.4
5635.6
5692.4
5758.1
5907.9
5997.9
6064.2
6254.8
6220.8
5985.9
5658.5
5284.9
5133.5
5026.5
5026.3
5429.9
5875.9
6513.3
7127.3
7727.7
8020.3
8150.6
8300.9
8373.4
8480.5
8670
8629.4
8778.4
8848.8
8509.6
7966.6
7434.6
6775
6437.8
6078.7
6144.7
6461.7
7067.7
7615.7
8284.1
8870.9
9051.5
9287.3
9334.6
9367.9
9427.8
9687.6
9745.6
9855.3
9969.2
9621.7
9045.3
8214.3
7400.1
6863.3
6455.5
6349.8
6624.8
7146
7788.5
8382.5
9122.1
9618.3
9731.7
9766.1
9743.6
9761.9
9870.4
10133.9
10141.6
10369.8
10315.9
9854.2
8997.3
7959.2
7188.7
6415.1
6050.9
5988.6
6285.2
6646.8
7166.2
7659.4
8395.8
8824.1
9100.7
9058.3
8792
8819.3
8671.4
8952.4
9185.2
9181.5
9360.7
9010.5
8552.4
7394.6
6536
5765.7
5442.4
5238.4
5483
5795
6370.1
6808.1
7437.5
8171.8
8452.4
8688.2
8470.2
8249.7
8173.8
8147.3
8631.8
8738
8851.4
8851.4
8815.2
8279.8
7294.6
6294.8
5604.7
5239.1
4976
5151.9
5387.8
5751.6
6027.2
6508.8
7145.6
7590.2
7788.1
7833.4
7419.3
7161.4
7039.6
7035.1
7454.2
7496.5
7451.5
7387.1
6997.5
6425.5
5558.8
4455.8
3748.5
3286.1
3176
3123.9
3040.6
3147.5
3193.7
3349.1
3581.4
3829.5
4228.2
3985.2
3890.1
3702.1
3598.7
3634.6
3967.9
4085.6
4121.9
4001.7
4111
3742.2
3160.5
2566.8
2238.7
1967.9
2039.4
2075.6
2070.7
2146.6
2293.8
2436.3
2545.8
2792.3
2910.9
2896
2751
2600.4
2564.5
2546.8
2558.4
2594.5
2681.1
2557.4
2508.9
2458.1
2292.8
1909.9
1688.5
1491.2
1459.5
1556.1
1539.9
1558.3
1676.7
1848.8
2042.7
2309.9
2571.8
2931.2
3231.2
3413.1
3537.7
3468.3
3372.8
3291.3
3364.9
3483.5
3483.9
3585.9
3483.1
3278.9
3253.7
3220.3
3016
2691.1
2273.9
2115
2151.9
2180.5
2242.7
2264.6
2354.6
2637.6
2995.6
3362
3798.8
4328.5
4815.7
5312.4
5789.5
5934.9
6000.9
5623.9
5435.3
5407.1
5658
5793.3
5971.3
5982.7
5619.7
5371.3
5413.8
5350.6
4738.4
3745.2
3279.1
3256.5
3396.3
3339
3295.2
3404.9
3535.7
3962.7
4363.2
4947.3
5552.1
6325.7
7124.2
7776.7
8266.1
8626.8
8505.5
8172.1
7709
7728.2
8131.4
8321.3
8654.4
8768.8
8209.2
7724.6
7622.8
7763.1
6983
5648
4544.8
4608.3
4771.7
4780
4635
4554.9
4571.5
5007.9
5564.3
6096.9
6915.9
7711.8
8639.2
9626
10445.5
11057.3
11535.2
11267.9
10796.9
10018.2
10195.7
10944.9
11091.2
11535
11708.4
11183.5
10424
10239.5
10507.8
9500.6
7739.3
5989.7
5911.7
6120.2
6284.6
6037.4
5944
6006.2
6354.9
6969.7
7706.3
8642.5
9570.7
10746.9
12027.7
13170.2
14072.8
14950.2
15391.5
14976.4
14097.6
13450.3
13827.3
14529.2
14767.2
15513.4
15486.2
14968.6
13991.7
13580.5
13869.8
12924.6
10467.4
8162.9
8027.1
8437.3
10100.9
14276.2
17796.2
18567.8
15391.2
11506.1
10752.5
11378.3
12454.6
13682.1
15321.6
16879.8
18299.1
19239.1
20125.8
20267.8
19743.9
18512.8
17968
18497
19225
19693
20547.3
20450
19868.2
18547.2
18208.5
18060.8
16580
13475.4
10556
9676.1
9556.4
9481.3
9294.9
8914.4
8578.3
8352.2
8781.9
9374.1
10239.5
11160.4
12224.5
13670.3
15015
16300.3
17306.9
18353.4
18819
18919.5
18072.3
17178.2
16874.5
17114.8
17615.7
18245.2
18513.5
18470.3
17719.7
16801
16289.8
16050.5
14566
12072.8
9575.3
8228.1
7682.7
7500.7
7229.5
6909.9
6632.4
6215.5
6318.8
6423.9
6850.5
7402.8
7993.4
8782.8
9636.8
10514.9
11263.6
11990.8
12472.2
12827.3
12688.3
12430.9
11853.7
11694.4
11617.4
11898.7
12235.7
12407.1
12288.8
11937.1
11472.4
11126.8
10610.3
9591.9
8105.4
6697
5514.9
4825.2
4521.9
4142.3
3877.4
3606.8
3223.8
3102.6
2992.1
3052.8
3123
3305.7
3677.6
3854.2
4120.4
4550.3
4726.8
4990.3
5144.3
5248.4
5198.7
5084.4
4988.5
4847.9
4861.6
4884.5
5002.5
4931.8
5039.2
4856.1
4738.8
4448.7
4271.9
3835.7
3361.3
2792.1
2292.8
1959.2
1733.1
1446.2
1282.5
1106.3
951.3
834
701.4
560.9
599.9
497.7
427.1
444.9
367.4
413.9
400.3
453
431.1
424
399.1
372.5
315.6
348
361.7
369.9
408.8
334.3
374.4
364.6
483
366.9
408.6
441.2
467.3
542.7
427.8
593.7
502.7
446.3
456.3
493.6
469
596.3
545.5
579
535.5
631.6
779.7
768.9
839
691.9
675.6
757.8
779.1
767.5
752.9
786.8
811.5
970.3
876.5
937.2
984.3
1036
1145.4
1135.7
1217
1255.7
1440.5
1557.2
1803.8
1908.5
2018.7
2217.5
2505.4
2685.1
2841.7
3125.2
4269.2
5764.8
5633.1
4214.1
1940
1308
1294.5
1285.4
1352.7
1557.3
1551.3
1690.8
1858.7
2106.1
2320
2644.5
2953.6
3320.8
3814.4
4192.1
4789.3
5360.3
6085
6724.2
7556
8408.8
9316.7
10371.6
11389.3
12577.1
13725.2
14937.5
16379.4
20082
26136.5
30154.3
28041.5
19377.7
10109.8
5557.9
3907
3477
3103.6
2927
2768
2662
2442.8
2391.1
2468.8
2391.1
2549
2498.5
2713.1
2646.1
2794.2
2965.7
3196.1
3322
3655.8
3961.1
4265.6
4650.7
4970.2
5363.7
5811.2
6249.9
6660.9
7022.5
7247.9
7498.2
7611.5
7957.6
7991.4
8148.6
8184.7
8215
8379
8346.5
8352.7
8381.1
8365.8
8364.1
8239.9
7976
7731.4
7508.6
7366.4
7001
6626.3
6422.2
6110.1
5874.2
5602.1
5370.2
5204.5
5066.2
4942
4995.1
5182.1
5244.9
5502
5897.4
6211.8
6646.9
7095.5
7772.3
8273.4
8992
9743.5
10522.1
11343
12193.3
13043.2
13842.8
14329.2
14617.2
14859.2
15117.6
15354.3
15287.3
15323.6
15162.2
15237
15367.4
15284.8
15148.6
15045
15025
14973.2
14714
14251.7
13873.2
13683.3
13238.7
12918
12557.7
11979.8
11655.7
11449.7
11065.5
10959.6
10911.6
11070.3
11125.6
11358
11298.5
11401.1
11334.1
11221.9
11089.7
11022.5
11102.3
11271.4
11397.1
11643
12037.9
12590.5
13315.5
14321.4
15085.2
16071.1
17026.8
17898.6
18689.4
19233.9
20096.3
20730.3
21368.1
21922.4
22311
22873.9
23587.9
24120.5
24334.3
24473.8
24945.3
25594.4
25933.2
26491.7
26718.2
26999.2
26912
26538.7
25817.9
24758.7
23280.2
21710.8
20129.8
18538.8
17000.7
15476
14200.4
12655.1
11467.6
10418.6
9577.5
9102.8
8997.1
8936
9184.3
9540.9
9971.9
10442.9
11029.8
11794.8
12635.6
13720
14647.6
15661.2
16854.2
18051.5
19216.6
20389.3
21556.1
22521.1
23692.7
24882.3
25961.3
27227.7
28502
29759.2
30618.4
31340.7
31752.8
31809.1
31396.4
30811.8
30064.2
28692.3
27421.7
26181.1
24858.5
23408
21789.3
20129.6
18433.9
16837
15268.3
13736.1
12541.7
11607.3
10710.4
9955
9291.2
8799.6
8334.1
7959.4
7701.4
7506.3
7348.2
7311
7378.6
7598.2
7803.1
8168
8448.1
8836.2
9300
9931.8
10665
11294.7
11881.8
12708.5
13372.6
14011.2
14499.4
15002.3
15381.8
15784.1
16083.9
16425.7
16538.5
16722.3
17003.6
17066.1
17111.8
17107.5
17054.6
16901.6
16781.7
16579.2
16311.7
15785
15376.5
15013.4
14542.2
14303.5
14126.2
14086.2
14172.7
14328.8
14404.3
14263.4
14329.7
14036.9
13745.8
13048.9
12666.4
11648.8
10990
10465.3
9851.7
9193.1
8617.8
8046.6
7390.6
6779.6
6192.9
5641.3
5012.1
4355.1
3758.1
3294.9
2971.2
2607.2
2477
2354.7
2273.1
2204.5
2271
2226.1
2358.2
2339.4
2426.6
2535
2640.2
2700.8
2903.2
2910.3
3085.4
3236.6
3335.6
3580.7
3836.5
3951.1
4063.4
4213.6
4289.2
4319.8
4305.4
4304
4281.8
4131.7
4040.8
3901.7
3834.6
3613.5
3375.5
3239.3
3135.1
2888.8
2849.1
2392.9
2264.6
2107.4
1995.8
1734.6
1602
1417.6
1344.2
1333.7
1277.7
1290.1
1317.5
1374.6
1327.5
1325
1458.8
1591.2
1663.9
1735.6
1827.9
1998
2101.9
2303.3
2470.1
2661.8
2958.2
3079.7
3404.1
3666.9
3865.9
4129.6
4322
4490
4525.3
4574
4736.3
4620.2
4594.3
4505.2
4497.8
4373.5
4249.2
4097.6
3864
3714.5
3560
3355
2988
2767.3
2612.8
2344.6
2129.7
1900
1668.2
1478.2
1430
1252.7
1236.4
1150.2
1112.2
1086.4
1068.7
1118.5
1079.9
1126.5
1119.4
1087.2
1098.9
1104.3
1163.2
1127.6
1294.9
1345.1
1363.7
1499.9
1478.7
1649
1753.1
1893.8
2059.3
2335.5
2570.8
2732.9
2839.6
2817.2
2845.8
3025.7
3007
2825.8
2813.1
2814.4
2874.5
2883
3056.9
2544.6
2521.2
2440.5
2333.5
2065.8
1894.1
1762
1607.8
1439.7
1311.3
1172.3
930
866.5
731.4
729.2
636.7
577.1
602.1
652.7
640.4
618.2
605.2
626.2
637.3
463.7
571
551.5
484.3
603.6
485.5
431.5
441.2
412.6
393.2
358.7
323.8
292.3
256.7
262.2
263.2
222.5
152.2
254.6
128.2
150.9
150.8
187.2
63.9
194.7
113.5
161.3
178.7
184.7
145.1
242.4
240
251.8
239.5
286.6
356.3
356.3
443
492.3
436.7
486.7
466
414.8
367.5
443.9
380.1
443.2
418.4
388.9
373.7
297.9
245.9
269.4
291.2
300.4
241.4
305.1
133.2
109.3
333.3
104.9
88.1
133
46.8
60.4
35.7
25
0
15.6
45
60.1
86.6
253.8
84.1
10.8
38.6
64.4
124.9
66.4
78.1
73
113.3
138
116.3
131.8
187
200.6
225.6
189.3
257.1
323
351.3
342.8
331.9
360.3
376.9
338.1
326.9
383.8
332.6
345.5
256.4
314.4
301.6
233.2
186.2
203.6
135.5
131.6
212.3
191.8
145.2
198.7
268.5
341
486.6
655.7
778.8
741.7
679.5
631.4
651
616.1
670.1
655.9
761.6
696.5
547.1
473.7
491.6
394.3
498.4
379.8
370.3
341.3
279
334.9
253.8
257.9
293.7
264.6
301.9
294.9
290.2
496.3
341
267.6
315.6
251.7
353.1
392.2
262.2
368.3
339.4
396.7
430.1
406.8
376.1
401.1
376.4
300.8
354.9
281.9
296.1
214.3
155.1
177.5
193.6