NaN
NaN
3960.5
2307.3
1261.4
1320.1
1513.3
1817.5
2278.3
2789.3
3472.9
4425.6
5622.7
7043.6
8952.6
10939
13377.8
16121.9
18385.7
18852.1
14983.1
9378.3
4562.6
2063.5
1802
2021.6
2383.1
2765
3327.6
4131.3
5175.4
6455.8
8060.6
10274.1
12557.6
15473.7
18824.2
23198.5
27583
30745.1
29544.3
21723.1
12455.4
4765
1479.1
1170
996.9
993.6
939.6
839
868.6
1009.2
842.2
876.2
933.9
1172.1
1254
1431.9
1697.7
1965.3
2309.1
2481.7
2230.8
1894.3
1287.5
1025.1
921.6
1035.2
1076.3
1360.9
1748.6
2273.9
2916
3511
4273.4
5113
5835.9
6088.7
5306.4
3765.6
2350.8
1388.9
1233.4
1309.6
1416.9
1736
1804.8
2160.1
2548.3
3081.1
4178.6
5347.5
6660.4
8060
9916.5
11902.6
13566.9
14262
12473.7
8892.7
5251.4
2543.5
1734.3
1696.9
1875.8
2186.6
2483.6
2852.2
3444.8
4072
4988.9
6054.3
7444.9
8944
10920.5
13234.8
15726.4
18955.6
23454.7
26713.3
27697.3
24628.6
17655.4
10442.4
4411
1822.5
1697.7
1700.1
1774.9
2046.6
2170.8
2573.4
2926.3
3540.1
4257.3
5075.3
6208.2
7364.7
9006.4
10752.1
12744.9
15109.5
17902.9
21925.3
25782.9
27898.5
27044.8
22013.9
14925.1
8160.7
3333.2
2151.7
2164.7
2293.9
2547.7
2858.7
3190.1
3742.8
4409.7
5058
5178.1
4680.5
3773.4
2680.5
1796.8
1343.8
1278.6
1397
1445.5
1616.8
1858.2
2247.1
2815.3
3302.6
3978.6
4617.3
5310.2
6217.4
7392
8139.9
8307
7480.7
5749.5
3784.8
2028.4
1187.6
1105.3
1107.4
1166.3
1235
1343.3
1382.4
1595
1693.6
1935.7
2347
2963.3
3754.4
4659.8
5513.6
6548.7
7532.5
8922.4
10783.5
11946
12152
10981.9
8474.9
5531.7
2838.2
1431.3
1254.5
1277.1
1337.9
1330.6
1438.7
1545.7
1599.8
1721.3
2060.5
2124.8
2418.1
2775.3
3232.7
3729.6
4382.2
5083.3
5900.4
6884.2
8003.7
9302.5
11286.1
12805.8
13479.6
12830.5
10795
7669.5
4400.6
1916.2
845.8
739.2
758.8
720.8
764.8
771.8
886.3
833.9
1066.9
1131
1225.8
1326.8
1460.6
1693.7
1944.1
2142.9
2501.9
2885.2
3276.2
3843.3
4368.5
5037
5878.5
7029.8
8292.8
9187.6
9347.4
8940.8
7673.9
6142.1
4528.5
3364.1
2898.9
2332.1
1684.4
1195.9
759.7
686.1
863.4
717.7
788.7
706.2
707.1
749.4
814
989.9
1156
1316.7
1578.8
1733.4
1976.5
2249.3
2559.7
3032.8
3592.6
3892.6
3812.3
3540.4
2981.6
1944.7
1117.1
521.6
389.2
345
322.6
337.9
356.6
402.6
429.6
472.1
535.7
566
586.8
848.1
685.7
780.7
947.7
1207.1
1574.7
1700.6
2028.2
2297.8
2616.5
3093.8
3666.5
4360.5
4784.2
4823.9
4449.6
3879.8
2728.9
1689.5
960.9
769.2
814.9
773.4
753.1
705.3
613.8
587.2
598.4
525.3
595.7
582.7
626.1
654.2
718.9
753.4
886.4
1006.8
1046.5
1232.8
1557
1561.5
1827.1
2114.1
2375.8
2738.5
3161.9
3706.4
4392
4657.5
4662.3
4291.5
3770.5
2844.1
1764.6
964.3
506.6
455.7
469.2
428.7
451.9
461.8
501.8
470
522.9
540.9
571.3
580
624.4
743.8
753.1
832.4
892.1
932.7
1063.8
1213
1489.7
1614.6
1882.9
2182.7
2506.3
2601.9
2632.2
2649
2635.9
2511.1
2492.3
2608.7
2614.1
2607.5
2422.1
2157.5
1663.3
1202
762.5
544
532.6
457.9
477.6
502.8
545.1
660.8
721.5
801
902.5
979.5
1141.6
1303.7
1435.3
1617.6
1885.2
2114.6
2146.4
2102.4
1985.2
1703.1
1253.4
789.3
491.8
295
282.4
279.2
327
322.2
323.9
298.5
330.1
328
442.8
316.8
404.4
428
418.9
446.5
512.4
464
452
500.1
601.4
619.3
729.3
851.8
996.3
1088
1325.4
1435.2
1621.9
1818.1
2099.1
2404.9
2590.3
2584.1
2489.2
2392
2145.9
1719.9
1409.6
1148.5
1166.5
1083.5
966.2
842.3
787.6
573.8
468.4
380.1
290
347.3
378.3
612.5
643.7
651.8
721.2
775.4
861.9
752.3
751.2
599.9
566
572
629.6
739.5
782.5
860.2
910.1
1012.2
1000.1
1198.7
1261.4
1336.9
1501.2
1643.5
1806.6
1882.9
1883.3
1771.3
1658.3
1503.9
1248
957.8
574.3
482.8
413.9
365.3
352.9
399.6
380.2
367.7
393.7
361.8
438.4
442.6
500.7
484.1
570.7
703.7
768.2
764.1
754.8
707.2
664.5
607.1
498.8
462.4
306.3
269.8
274.5
338.3
307.3
322.4
356.3
493.4
426.3
424.1
536.1
502.3
509.1
607.4
680.9
704.6
803.7
900.2
857
837.9
845.6
828.1
736.8
690.2
667.1
690
656.1
679.3
765.2
778.1
889.1
931.8
1003.9
998.6
995.2
902.5
845.8
727.3
616.9
587.5
455.6
406.4
385.6
398.5
417.5
347.8
326.8
367.4
319.7
308.2
301.2
397
291.8
283.6
343
311.1
360
414.6
454.8
600.9
491
534.1
535.5
588.1
653.9
687.3
736.1
715.4
779.5
819.5
856.7
930
957
999.3
1204.8
1205.2
1241
1311.7
1486.8
1554.2
1639.7
1598.3
1598.4
1652.9
1599.6
1530.5
1472.4
1433.8
1222.6
1180.9
1147.4
1071.8
905.1
791.7
683.5
653.4
622.4
596.6
554.5
503.3
414.2
407.4
461.6
462.1
438.4
352.4
374.9
349.5
366.7
407
483.5
527.9
369.8
331.8
333.4
319.5
321.9
362.5
337.3
356.3
341.3
359.5
345.6
308.5
336.3
346.3
339.2
304.2
318.4
454.7
410.9
357.9
411
511.8
483
469.5
573.1
550.3
465.5
456.7
413.6
384
414.4
543.8
501.1
583.8
716
782.1
884.1
955.3
1120.7
1169.9
1257.3
1389.9
1429.3
1511.3
1505.7
1630.9
1689.1
1712.7
1696.4
1737.8
1724.3
1711.7
1765.1
1762.6
1795.9
1844.8
1773.2
1790.6
1783.3
1823.9
1890
1904.2
1890.2
1926.6
1893.6
1859
1822.6
1782.6
1770.2
1682.2
1698.5
1675.1
1746.2
1767.1
1865.5
1808.1
1827.4
1820.3
1854
1797.5
1808.5
1845.3
1787.2
1753.3
1876.3
1798.8
1800.4
1721
1795.4
1746.2
1725.6
1688.6
1676.1
1692.3
1664
1537
1479.6
1460.9
1364.1
1258.4
1195.9
1201.3
1222.8
1304.9
1318.7
1421
1349.2
1371.6
1423.9
1515.1
1499.2
1432
1396.8
1389.8
1248.7
1228.7
1167.2
1106.1
1092.1
1063.5
1001.9
985
982.4
950.2
992.6
1075.4
1108
1055.8
1022.5
1074.9
1015.1
1006.3
1010.8
993.3
1020.9
882.6
940.7
904.7
930.8
914.8
967.4
942.9
1010
1007.7
1109.5
1112.3
1098.2
1055
1032.2
997.6
956.9
846.5
753.9
654.4
757.1
481.4
511.2
532
451.2
477.2
495.4
482.9
474.5
506.9
565.6
494.1
583.2
568.9
562.3
595.5
631.9
669
703.9
692.5
703.1
733.3
848.8
769.5
843.6
853.5
930.8
887.2
936.2
959.5
1002.5
1059.9
1033.7
1106.2
1162.9
1328.3
1476.2
1511.3
1723.2
1828.5
2067.8
2346
2680.5
3100.2
3681.1
4187.2
4543.9
4896.1
5056.3
5344.6
5348.1
5454.1
5589.5
5662.7
5707
5900.1
5858
5556.8
5310.2
4956.6
4815.9
4697.5
4745.7
5162.4
5612.4
6182.8
6778.9
7320.1
7595.9
7664.8
7825.5
7870.5
7977.8
8188.8
8094.7
8325
8300.9
7888
7419.5
6925.2
6258.9
6006.6
5739.5
5805.1
6178.3
6739.3
7244.7
7894.1
8379.3
8529.3
8758.1
8773.5
8795.2
8923.2
9111.2
9167.9
9323.6
9333
9068.5
8382.5
7566.3
6930.1
6398.5
6055.9
5983.7
6304.8
6739.7
7411.8
8077.6
8741.8
9101.8
9229.6
9165.2
9154.8
9232.1
9359.3
9581.9
9607.1
9799.2
9687.6
9237.4
8304.1
7390.3
6712.2
6032.8
5625.4
5715.2
5971.3
6353.6
6831.5
7387.6
8001.5
8425.2
8659.8
8532.6
8356.8
8316.3
8238.5
8534.1
8709.6
8750.7
8837.7
8525.3
7924.1
6784.3
6102.2
5358.7
5126.5
4948.2
5271.1
5556
6080.1
6546.9
7155.9
7799.9
8137.6
8196.5
7996.8
7832.7
7784.5
7781.5
8232.3
8341.4
8435
8473.5
8385.2
7746.8
6763.9
5885
5211.2
4940
4756
4927.3
5133.3
5447.8
5840.7
6279
6939.5
7259.8
7464.1
7432.9
7072.4
6896.5
6680.4
6813.9
7169.3
7120.4
7096.6
6993.4
6674.8
6009
5150.6
4173.1
3472.8
3151.3
3016.7
2931.6
2826.8
3041.3
3093.1
3221.7
3486.3
3761
4025.2
3801
3645.9
3520.1
3471.4
3494.8
3823.3
3929.5
3963.8
3858
3958
3537.3
2897.4
2416.3
2049.4
1887.8
1886.9
1957.6
1984.7
2067.3
2193.2
2334.3
2432.7
2684.3
2787.7
2759.3
2546.4
2512.3
2380
2444.5
2415
2482.5
2559.3
2409.9
2352
2312.1
2160.7
1752.2
1547.8
1406
1385.5
1453.4
1473.4
1478.4
1598
1762.9
1950.4
2163
2468.9
2799
3103.5
3200.1
3341.1
3239.5
3107.4
3084.3
3151.7
3279.6
3293.4
3364.8
3277.9
3062.9
3059.1
3010.6
2817.6
2419.5
2145.2
1962.5
2042
2048
2080
2156.8
2262.3
2487.2
2857.5
3273.6
3675.7
4160.2
4664.4
5031.6
5457.9
5662.5
5645.1
5284.7
5091.7
5144.1
5346.3
5535
5628.8
5582.1
5250.3
5067.6
5135.5
4978.2
4314.5
3401
3028.3
3087.1
3202.3
3134.3
3111.2
3182.1
3347.1
3802.9
4107.5
4760.8
5338.2
6084.4
6839.2
7425.3
7860.1
8255.4
8048.3
7664.2
7253
7379.5
7736.5
7908.7
8256.9
8216
7734.1
7245.4
7328.3
7327
6470
5083.5
4221.2
4384.3
4539.9
4466.7
4322.6
4269.7
4366.1
4802.8
5262.6
5855.3
6635.2
7393.8
8339.7
9194.3
9952.4
10489.1
10912.6
10569.1
10030.9
9461.7
9777.8
10358.4
10556.2
11031.9
11063
10530.5
9737.9
9813.4
9885
8806.2
6951.1
5559.4
5596.6
5852.4
5913.8
5643.7
5658
5680.8
6111.1
6683.5
7416.2
8362.9
9210.3
10462.3
11665.1
12761.1
13576.2
14314.3
14648
14218
13262.5
12770.7
13284.9
13945.2
14172.8
14836.5
14677
14117.5
13216
13071
13171.2
12015.9
9551.4
7666.8
7659
8139.3
10194.4
14926.4
18220.5
18494.8
14420.5
10835
10285
11019.5
12026.9
13346.3
14933.7
16347.4
17641.4
18513.9
19379.9
19378.4
18794.5
17535.3
17255.8
17814.2
18504.1
18900.1
19711.4
19521.4
18772.6
17647.4
17435.9
17174.7
15553
12311.4
9743.7
9218.1
9075
9034.5
8823.3
8411.6
8134.9
7995.8
8423
9071.2
9853.6
10794.9
11920.6
13318.7
14571.2
15765.7
16728.7
17644
18072.3
18099.5
17159.4
16341.3
16173
16429.1
16970
17537.4
17665.4
17561.4
16859.6
15933.9
15560.8
15288.7
13607.8
11065.5
8793
7691.1
7318.1
7142.1
6879.6
6554.4
6306.2
5897.4
6032.8
6137.8
6619.7
7135.3
7815.7
8486.4
9354.9
10257.6
10921.6
11662.3
12116
12346.1
12123.5
11844.9
11326.3
11253.1
11173
11502.5
11802.1
11937.1
11773.3
11409.2
10958.6
10585.8
10091.7
9010.7
7574.5
6201.7
5156.6
4556.1
4307.4
3932.6
3655.4
3408.5
3079.8
2921.5
2892.4
2915.6
3039.3
3207.4
3501.8
3737.7
4006.6
4432.5
4598.1
4859.1
4974.1
5067.5
4945.7
4877.6
4758.3
4623.6
4663.7
4750.6
4861.7
4746.5
4844.6
4665.3
4580.5
4274
4091.8
3624.2
3147.6
2635.4
2146.4
1869.1
1639.8
1362.9
1179.8
1054
895.4
794.1
679.6
543.7
555.3
434.5
399.9
430.2
339.4
362
361.2
418
410.1
368.7
380.6
331.4
329.8
352.5
322.2
334.3
374.1
325.4
339.1
335.1
441.8
359.1
361.6
416.3
445
468.7
376.3
573.3
447.6
388.8
427.1
479.7
448.4
558.7
516.9
539.5
495.6
585.9
744.4
747.4
745.6
657.4
660.4
721.4
747.7
751.3
720.7
760.5
798.2
931.3
843.3
901.7
887.2
965.3
1092.4
1122.8
1134.6
1226.1
1353.5
1498.8
1790.3
1853.6
1989.9
2180.8
2446
2607.8
2712.5
3089.3
4443.9
5650.4
5239.1
3693.6
1603.4
1198.5
1268.3
1228.4
1300.1
1512.2
1503.1
1613.5
1850.7
2026.6
2283.2
2552.9
2818.3
3219.7
3736
4067.5
4676.5
5225.9
5937.5
6596.1
7421.4
8282.1
9155.2
10214
11201.5
12260
13479.2
14648.7
16273.5
20443.6
26463.3
29449.1
26331.5
17041.2
8716.1
4880.3
3602.7
3246.8
2986.4
2763.9
2550
2491.4
2325.1
2260.6
2363.5
2324.6
2421.6
2391
2601.8
2537.6
2652.1
2856
3047.8
3209.2
3499.9
3764.5
4153.4
4472.2
4852.1
5205.9
5571.5
5997
6384.6
6785.8
6976.6
7266.8
7335.9
7605.7
7627.4
7817.5
7811.4
7942.8
7976.1
8015
8019.6
7981.3
7957.3
7988.9
7828.8
7566.1
7325.8
7190.3
6930.1
6637.3
6321.5
6081.5
5751.6
5558
5301.3
5044.5
4856.6
4725.2
4753.5
4695
4934
5030.2
5271.4
5668
5936.1
6372.5
6806.9
7503.2
8002.1
8640.5
9385.4
10129.1
10965.4
11713
12609.7
13333.1
13745.8
14029.1
14266.8
14394.7
14745.6
14669.6
14740.8
14582.7
14614.2
14666.8
14620.9
14447.9
14445.1
14441.5
14282.2
13975.8
13535.2
13247.6
13011.7
12623.6
12331
11837.3
11415.6
11070.4
10868.9
10607.5
10396.1
10416.6
10556.3
10648.7
10814.4
10747.6
10900
10780.9
10608.7
10502.2
10518.7
10547.3
10749.1
10948.6
11183.7
11613.8
12122.4
12830.2
13869
14655.8
15606
16468.7
17305.3
18003.5
18605.6
19376.8
19977.4
20550.9
21175.9
21452.3
22058.7
22682.4
23094
23346.8
23589.7
24071.3
24737.4
25045.1
25479.2
25719.5
25944.2
25800.4
25401.2
24697.7
23574.3
22236.9
20569.1
19118.9
17552.9
16114.3
14563.9
13369.5
11903.6
10749.7
9784.1
9088.7
8636.3
8549.1
8553.4
8798.2
9192.9
9537.1
10089.1
10597.8
11352.9
12268.7
13286.7
14137.9
15149.6
16397.2
17540.2
18578
19764.8
20866.8
21835.5
22917.6
24120
25254.1
26431.6
27698
28888.1
29713.1
30359.4
30768.1
30676.5
30301.1
29598.4
28866.6
27463.7
26277.4
25087.7
23704.9
22314.9
20737
19109.4
17400
15905.5
14430.8
13001.4
11921.6
10989.2
10121.8
9477
8823.1
8358.8
7864.2
7565
7302.9
7158.9
6993.3
6980.8
7057.8
7279.7
7494.8
7875.7
8118.7
8521.1
9008.3
9615.1
10287.4
10910.2
11505.1
12193.4
13000.8
13461.2
14013.5
14460.6
14807.8
15220.7
15508.9
15776.7
15893.3
16128.7
16319.7
16357.8
16427
16440.7
16406.6
16202.1
16109
15858.4
15637.7
15122.1
14667.4
14293.2
13909.8
13653.9
13451.5
13339.8
13437.2
13495
13534.3
13383.7
13297.2
13032.6
12702
12017.1
11668.9
10633.8
10103.4
9578.1
9008.1
8415.8
7830.2
7284.1
6666.4
6111.9
5603.3
5064.7
4540.7
3936.2
3398.3
3062.1
2698.3
2414.7
2312.4
2186.7
2153.9
2044.9
2170.1
2118.6
2237.7
2223.6
2306.7
2397.8
2516.9
2579.8
2815
2802.7
2939
3137.3
3204.6
3447.3
3683
3831.4
3917.1
4042.2
4066.9
4112.8
4132.4
4092.7
4047.4
3921.1
3793.4
3671.7
3650.7
3393.7
3191.9
3108.1
2961.6
2738.8
2703.2
2250.1
2114.3
1960.7
1852.3
1638
1485.2
1376.6
1299.3
1274.1
1236
1261.2
1286.8
1302.3
1290.9
1307.7
1406.6
1513.5
1603.4
1684.2
1769.7
1938.5
2068.9
2237.7
2367.3
2619.5
2880.4
3010.9
3304.3
3516.5
3810.5
4032.7
4230.8
4310.1
4361.3
4409.9
4545.5
4451.5
4411.9
4346.4
4295.1
4173.4
4054.4
3955.7
3669.5
3563.6
3418.6
3159
2817.9
2612.8
2464.4
2242.7
2029.6
1789.4
1621.1
1395.2
1371.6
1185.3
1179
1107.8
1042.4
1076.9
1047.4
1078.9
1006.4
1068.6
1026.9
1024.8
1046.7
1057.3
1133.3
1146.8
1265
1282.6
1304.6
1467.8
1486.4
1610.6
1721
1863.2
2027.8
2299.8
2585.3
2649.1
2786
2766.3
2763.3
2924.2
2896.2
2769
2732.1
2700.6
2803.7
2803.9
2947.9
2503.3
2403.4
2357.8
2215.4
1966.8
1782.8
1703.4
1536.4
1369
1243.5
1116.7
891.4
807
731.6
730.6
645.1
559.9
598.3
650.2
641.5
608.4
576.5
620
628.5
448.5
551.1
538
507.2
571.6
455.2
414.6
417.5
419.9
414
330.1
334.7
283.6
242.3
224.7
241.9
233.5
159.4
253.7
133.9
171.9
176.1
177.8
91.1
227.5
76.9
159.9
190.2
204.2
182.9
255.3
211.8
274.8
233.8
282
349.2
379
444.7
519.4
439.9
473.6
480.2
410.9
384.2
438.1
359.2
426.2
396.5
369
379.9
276.9
238.8
254.3
294
288.7
215.9
279.4
129.8
123.4
315.7
62
88.9
125.3
57
76
48.4
56.1
3.9
10.8
64.2
81.2
75.7
257.6
69.4
0
29.7
77.3
129.2
91.6
64.7
106.1
126.3
154.4
134.9
132.2
192
206.1
220.5
199.3
265.1
336.4
332.5
347.1
330.5
373.2
356.2
350.5
319.3
382.3
366.6
311.5
247.2
342.7
312.9
215.1
222
214.1
165.2
151
233.7
198.5
149.2
227.9
264.4
334.6
481.5
623.5
722.1
673.2
600.3
575.9
593.3
589.8
629.7
616.1
694.6
659.5
498.3
435
477.5
348.6
457.2
336.5
347
351.4
287.5
336
257.8
290.9
289.7
275.7
307.8
323.8
307.3
475.7
318.6
295.4
307.8
280.8
346.2
392.8
265.6
368.9
338.2
402
473.6
408.6
354
383.4
348.8
315.8
327.3
274.5
275.7
183.3
173
163.3
192