NaN
NaN
3306.4
1740.1
1131.4
1418.7
1631.4
1978.5
2478.6
3097.6
3863.4
4897.8
6242.5
7837.2
9841.2
11927.6
14514.4
16985.1
18782
17854.1
12959.3
7433.6
3007.6
1891.8
1887.5
2087.8
2560.4
3035.3
3681.7
4559.7
5724.5
7126.4
8897.9
11262.4
13619.7
16767.6
20479.4
24766.7
28621.2
31109.9
27485
18503.3
9199
2614.6
1254.1
1060.9
950.9
947.8
898.2
820
811.5
994.7
805
864.3
959
1228.1
1261.3
1463.1
1767
2043.2
2374.6
2477.3
2069.5
1679.1
1113.3
912.2
909.6
1012.7
1119.3
1394.9
1870.5
2446.5
3089.3
3671.9
4503.8
5244.6
5944.1
6023.3
4840.6
3216.3
1836.3
1204.7
1211.7
1311.1
1438.7
1832.5
1864.6
2274.3
2762.3
3357.6
4564.1
5784.7
7080.4
8534.4
10446
12394.4
13923.7
14206.5
11518.4
7609.9
4024.8
1957.6
1745.4
1723.3
1913.2
2274.2
2675.4
3020
3656.5
4316.2
5322.8
6420.4
7973.2
9540.6
11625.8
14097.3
16718.1
20143.2
24409.7
27444.7
27914.4
23082.8
15197.5
8007.4
2775.1
1662.1
1703.2
1702.4
1744.7
2066
2219.1
2745
3089
3755.7
4522.2
5448.4
6627.6
7909.9
9649.5
11470.8
13567.2
16015.4
19006.8
23210.3
26895.2
28457.6
26662.9
19931.2
12509.4
5914.3
2441.4
2077.8
2158.1
2321.3
2582.4
2876.2
3304.8
3862.8
4573.3
5234.3
5207.1
4513.6
3377.7
2273.1
1460
1204.7
1250.8
1370.8
1474.6
1635.4
1935.6
2364.6
3024
3524.2
4195.2
4894.1
5605
6583.9
7842.7
8482.8
8420.1
7087.1
5029.9
3028.9
1561.6
1055.6
1090.8
1088
1132.5
1201.2
1342.9
1374
1609.2
1705.8
2033.2
2531.4
3144.8
4078.7
5081.6
5938.7
6938.8
7981.2
9566.8
11450.4
12586.3
12396.4
10523.1
7559.1
4473.7
2067.6
1266.7
1222.6
1262.3
1356.9
1334.2
1459.1
1563.2
1651.4
1826.8
2154.7
2296.8
2557.5
2972.3
3474.4
3992.3
4750.2
5536.9
6421.8
7380.1
8609
10034.5
12270.7
13603.2
13909.5
12737.9
9947.6
6582.6
3288
1258.7
725.6
710.3
707.3
659.2
700.3
735.6
830
782.4
1089.1
1173.5
1265.3
1374.7
1538.5
1735.1
2040.8
2293.2
2673.4
3070.4
3519
4117.7
4648.1
5429.9
6380.4
7639.9
8928.6
9608.4
9597.8
8878.7
7263.4
5670.9
4070.3
3164.7
2776.3
2133.4
1409.8
989
665.5
634.3
847.5
687.4
735.2
710.5
667.5
702.7
830.3
983.4
1181.5
1372.2
1609.9
1835.3
2066
2357.1
2726.8
3223.7
3831.4
4037.5
3855.3
3426.3
2717.5
1551.9
817.5
329.9
315.3
309.8
282.7
283.7
300.6
369.3
390.8
448.3
502.9
550
539.2
885.4
649.3
807.3
987.7
1270.7
1697.4
1766.7
2171.4
2438.8
2724.8
3303.2
3992.4
4654.3
5007.4
4987.2
4343.8
3587
2301.1
1290.1
791.8
717.4
772.3
713.1
694.7
633.5
541.9
544.4
569.5
472.4
530.1
540.2
593.7
675.4
709
734.5
871
1012
1088.5
1276.2
1623.1
1642.5
1876
2177.3
2508.4
2887.1
3353.7
3908.4
4634.2
4836.1
4790.4
4289.9
3566.1
2449.7
1411.9
670.5
415.6
383.6
422
393.6
354.4
432
460.3
411.8
477.6
543.8
561.7
555.7
612.6
714.8
722.7
829.8
874.8
962.7
1097.4
1246.5
1509
1634.4
1955.1
2270.9
2610.3
2675
2721.8
2634
2574.9
2454.6
2460
2670.9
2717.7
2597.5
2398.6
2028.1
1474.4
1000.2
554.6
439.2
520
424.9
458.5
434.6
498.2
611.5
668.3
788.9
895.1
993.5
1139.7
1290.2
1472.8
1665
1929.7
2165.9
2169.7
2117.2
1882.3
1542.2
1045.7
564
325.6
203.7
192.3
214.6
264.7
264.4
240.1
233.1
294.6
249.2
380
242.7
330.3
372.3
392.5
376.9
451.5
427.3
369
427.9
581.5
598.1
704.4
829.6
1009.1
1124.8
1406.2
1436.9
1676.3
1864.4
2189.4
2522.7
2637.5
2639.7
2491.3
2303.5
1982.2
1511.2
1233
1036.8
1152.9
986.6
885
757.9
689.1
479.1
338.6
328
200
254.2
346.5
564.6
566.7
615.6
673.3
721.3
744.4
656.4
647.7
490.1
506.7
542.6
576.9
691.8
750.8
840.4
882.7
995.3
1028.7
1192.7
1265.7
1316
1558.1
1659.2
1818.1
1906.7
1901.3
1758
1642.2
1379.7
1081.2
773.5
429.1
382.7
372.4
305.9
315.6
346.5
295.5
300.7
361.1
311.6
376.8
404.1
434.4
452.9
515.9
638.8
731.3
721.1
702.9
677
603.8
499.7
369.6
374.7
196.5
198.6
227.5
297.9
254.4
291.3
311
457.1
398.1
360.6
480
452.1
513.8
535.8
624.4
674
762.5
856.9
779.9
779.8
817.6
748.7
693.6
605.4
591.6
603.4
616.4
629.6
755.1
768.1
871.6
938.6
966.9
984.8
946.4
875
790.7
703.6
541.3
487.1
386.1
311.5
296.7
322.6
375
271.8
263.9
295.2
272.6
301
233.9
332.5
222.2
220.9
268.2
233.6
327.8
367.3
392.9
579
455.1
499.2
458.1
540
570.4
649.9
683.7
663.9
725.7
789.8
834
948.1
961.9
997.1
1246.6
1188.2
1252.1
1332.8
1524.9
1568.1
1620.3
1578.4
1621.4
1637.3
1575.9
1520.9
1404.2
1359.8
1162.3
1137.9
1093.4
972.7
816.3
727.2
575.5
580.3
575.9
513.1
475.2
412.8
337.9
340.2
393.7
402.1
412.5
293.4
329.5
270.3
289.1
334.9
415
493.1
309.4
250.8
301.8
255.2
223.2
300.2
265.1
268.2
267.1
274.7
299
248
237.3
299.8
261.3
248.5
259
401
329.3
297
351.9
465.2
431.9
416
519.3
498
410.4
385.4
351.1
306.8
357.3
520.4
467
536.9
695.4
756
844.7
923.6
1106.8
1190.5
1267.4
1401.4
1445.3
1492.1
1581.5
1651.9
1698.5
1695.7
1680.2
1739.5
1729.7
1717.2
1750.3
1720.3
1805
1863.4
1792.4
1784.8
1831.2
1865.4
1903.4
1844
1911.6
1929.4
1906.8
1861.1
1820.7
1771.4
1791.8
1664
1646.9
1640.6
1754.6
1755.4
1909
1788
1829.4
1844.5
1876.5
1848.6
1809.4
1819
1787.6
1733.4
1892.6
1825.2
1788.4
1725.7
1793.5
1722.8
1699.7
1663.3
1647.3
1692
1632.2
1519.9
1449.2
1414
1303.6
1173.5
1242.3
1162
1223.1
1324.9
1270.8
1399.8
1313.8
1382
1427.6
1503.3
1476.1
1430.2
1346.6
1323.6
1241.3
1155.9
1113.7
1087
1030.6
1025.2
931.9
932.9
963.7
947.6
986.2
1020
1099.4
1035.1
996.3
1047
996.6
963.9
981.3
956.6
977.3
860.7
924.3
859.9
893.7
876.1
898.3
891.1
951.5
987.1
1089.3
1044.9
1044.3
1028.1
948
923.5
894.1
777.6
684.7
572
679.1
394.4
410.8
481.2
407.5
440.8
432.4
412
438.6
450.2
500
450.8
547.2
486
518.2
563.6
564.1
579
600
629.4
648.4
671.1
790.3
740.7
807
827.1
872.7
868.6
889
915.9
984.6
1048
1028.4
1115.8
1149.6
1335.4
1510.2
1581.2
1761.3
1883.4
2150
2432.5
2791.2
3284.7
3867.5
4395.5
4758.3
5138.6
5296.6
5451
5495.3
5600
5743.8
5827.8
5912.3
6127.8
6010.8
5675.4
5343.2
5034.4
4908.3
4801.6
4946
5400.4
5933.4
6549.1
7151.4
7671.7
7926.6
7972.1
8136.9
8150.9
8298.5
8514.4
8424.4
8662.5
8580.3
8070.2
7516.4
7066.5
6356.2
6110.4
5860.5
6013.4
6472.8
7084.5
7668.4
8381.7
8845
8980.7
9132.7
9099.1
9064.6
9274.5
9517.8
9631.5
9711.9
9649
9263.9
8533.6
7703.5
6974.4
6501.6
6174.6
6194.4
6665.8
7151.4
7775.4
8525
9192.9
9497.3
9696.7
9557.6
9477.7
9571.1
9795
10005.7
10077.7
10227.6
10026
9443
8483.9
7403.1
6777.7
6103.2
5750.5
5977.8
6261
6696.8
7246.2
7798.4
8422.5
8798.5
9031.3
8798.3
8592.4
8588.8
8549.4
8949.8
9051
9075.6
9152.9
8731.5
8044.9
6768.5
6105.9
5389.5
5183
5171.5
5458
5779.7
6406.2
6827.6
7519.9
8190.5
8451.5
8563
8234.3
8040.1
7956.9
8022.8
8628.2
8663
8780.9
8753.9
8562.5
7903.6
6729.4
5879.2
5202.7
4986.6
4900.5
5172.7
5338.9
5740.6
6058.8
6601.3
7221.1
7592.3
7779.6
7680.2
7244.9
6993.7
6843.7
7118.3
7461.3
7380.9
7341.9
7152.3
6791.1
6004.1
5138.9
4115.8
3414.9
3186.8
3094.9
2989.1
2892.5
3087.2
3181.3
3315.9
3600.3
3847.7
4179.2
3873.7
3745.3
3560.2
3554.2
3614
3961.4
4028.4
4051.6
3911.4
4005.2
3543.3
2871.6
2337.3
1993.7
1873.4
1916.3
1968.9
1975
2062.8
2227.5
2393.8
2503.1
2683.8
2808
2768
2516.5
2502.5
2423
2463.6
2477.2
2520.6
2563.6
2395.3
2349.4
2333.9
2110.4
1689.8
1487.8
1373.4
1353.6
1459.3
1423.4
1474.6
1610.1
1829.9
2023.2
2264.7
2560.7
2864.5
3201.8
3305.9
3419.5
3284.2
3161.8
3146.7
3240.8
3354.9
3327.9
3470.2
3263.5
3076.4
3104.4
3044.7
2799.8
2361.8
2099.2
1973.3
2051.4
2064.6
2126.8
2168.1
2340.5
2601.8
2998.8
3399
3885.5
4379
4894
5285.7
5714.4
5763.4
5794.4
5363.5
5223.6
5332.8
5549
5714.6
5866.3
5713.7
5374.4
5181.2
5238.5
5096.7
4313.5
3368.8
3107.9
3207.3
3286.7
3204.6
3202
3356.4
3545
3988.8
4388.1
5032.3
5628
6421
7139.3
7833.6
8234.1
8473.5
8323.8
7835.5
7492.4
7741.9
8080.5
8227.7
8602.6
8473.8
7916.3
7451.3
7542.1
7511.5
6446.6
5043.2
4403.9
4609.1
4769.8
4594.3
4515.4
4441.4
4594.1
5099
5602
6222.8
7014.9
7874.5
8850.6
9722.7
10433.1
11024.9
11320.4
10982.7
10370.9
9877
10282.5
10828.3
11082.8
11557.3
11388.4
10852.6
10007.1
10278.6
10177
8838.2
6915.6
5822.5
5850.3
6055.7
6165.6
5853
5875.2
5935.9
6498.5
7105.8
7863
8796
9779.4
11070.2
12284.2
13344.2
14251.3
14996
15105.8
14650
13637.4
13338.1
13959.2
14506.3
14837.3
15464.3
15221.9
14567.9
13597.7
13601.9
13515.1
12091.6
9576.9
7997.7
8065.8
8684.8
11172.6
15599.6
18287.3
18025.8
13866.6
11161.1
10855.8
11639.9
12752
14114.1
15743.4
17257.1
18520.4
19494.8
20221.2
20134.6
19282.6
18117.1
18052.8
18684.6
19394.4
19859.5
20586.9
20196.4
19370.3
18308.4
18130.6
17509
15580.4
12352.9
10179.3
9586.5
9517.7
9338.7
9071.9
8700.8
8496.3
8418
8856.2
9563.9
10431.8
11405
12622.5
14026.5
15381.1
16619.2
17526
18502.5
18760.2
18684.3
17713.4
17004.1
16876.5
17203.3
17751
18323.2
18446.6
18105.3
17390.2
16573.1
16150.4
15551.6
13662.6
11221.4
9068.4
7997.7
7604.3
7361.7
7058.5
6728
6514.2
6167.9
6356.5
6440.5
6910.2
7546.1
8185.7
8933.5
9818.5
10703.5
11379.2
12112.3
12504.9
12747.6
12514.7
12247.6
11740
11663.1
11633.9
11970.1
12192.6
12325.5
12147.7
11719.2
11350.9
10868.9
10287.1
9002.2
7578.2
6279.5
5262.4
4696.8
4383.9
4022.6
3698
3448
3141.4
2988.5
2971.4
2986
3124.7
3314.1
3679.1
3882.6
4162.8
4604.2
4717.8
4990
5115.7
5157.5
5093.5
5052.4
4873.6
4801.2
4810.2
4872.4
4966.6
4834.5
4925
4728.3
4661.6
4326.6
4111.6
3613.9
3143.1
2591.1
2103.5
1861.7
1616.8
1315.2
1163.3
952.9
830.7
737.1
582.5
452.1
539.6
379.6
334.8
330.9
290
324.1
314.1
366
337.1
294.3
310.9
274.7
284.4
254
290.1
286.3
320.8
242.5
315.5
292.4
397.8
279.4
332.9
385.9
410.7
434.1
330
524.3
403.4
340.4
346.2
417.2
373.9
526
431.5
468.7
451
555.5
717
708
696.6
591
574.3
666.7
711.3
710.1
669.1
713.8
779.7
909.4
823.1
859.4
880.5
928
1076.7
1093.2
1146.3
1221
1364.6
1437.2
1767.5
1814.2
2002.5
2113
2416.9
2559.5
2753.5
3148.2
4598.6
5666.9
5144.8
3426.5
1486.1
1201.1
1219.7
1215.3
1288.7
1518.5
1529.7
1652.7
1789.6
2062.1
2314.7
2658.2
2952.9
3326.3
3795.7
4218.2
4843.3
5366.3
6081.9
6752.8
7637.8
8542.3
9466.4
10477.9
11506.4
12633.8
13834.6
15027
16962.2
21309.6
27110.1
29568.6
25677.8
16485.6
8642.8
4976.8
3655.3
3300.1
2992.6
2785
2665.7
2534.1
2359.7
2293.6
2395
2327.7
2501.7
2482
2687.7
2624.2
2793.6
2871.2
3161.7
3307.8
3670
3901.9
4343.8
4678.6
5048.3
5446.1
5822.6
6262.3
6680.6
7032.7
7238.7
7495.1
7626.7
7955.2
7962.5
8099.6
8176.4
8202.1
8274.8
8239.3
8302.7
8298.4
8237.4
8252.8
8091
7827.6
7616.2
7414.5
7223.8
6898.6
6496.5
6282.7
5974.8
5776.7
5471.2
5244.9
5082.2
4948.9
4915.8
4972.8
5171.2
5272.5
5533
5957
6212.9
6696.5
7206.6
7857.4
8438.6
9092.3
9883.8
10675.8
11529.6
12307.3
13232.2
13901.6
14360.9
14604.5
14898.5
15068.1
15323.7
15286.4
15268.5
15190.9
15270.4
15324.4
15250
15139.5
15070.4
14984.3
14897.7
14493.3
14071.4
13750.6
13514.3
13128.5
12838.8
12341.6
11807.2
11547.9
11286.3
10970.2
10845.8
10869.5
11081.2
11121.4
11239.6
11246.5
11362.9
11201.7
11092.8
10940.5
10930.6
11114.3
11333.5
11447.1
11703.6
12210.3
12791.8
13524.3
14519.5
15365.9
16344.5
17250.2
18048.3
18821
19393.8
20176.2
20965.1
21419.5
22094.5
22460.9
23095.3
23653.4
24075.5
24274.7
24630
25129.7
25695.3
26164.8
26562.3
26719.5
26935
26730.1
26268.6
25596.1
24388
22928.3
21280
19722.5
18217.5
16752.5
15181.1
13958
12453.4
11344.5
10311.2
9544
9138.8
9040.2
9042.6
9319.4
9716.8
10082.2
10661.8
11257.8
11994.9
12932.1
14017.5
14872.1
15977.9
17196.5
18445
19517.9
20626.4
21833.3
22930.1
23934.2
25223.6
26314
27636.5
28880.4
30040.6
30894.6
31467.4
31926.2
31753.4
31315
30607.5
29900.7
28463.5
27198.4
25918.4
24636.6
23180.1
21485.2
19799.3
18186.9
16646.2
15113.6
13573.5
12485.7
11508.5
10563
9918.2
9260.5
8808
8311.4
7920.8
7700.6
7504.7
7385.1
7431.7
7441.3
7687.3
7883.3
8325.1
8584.4
9021.1
9533.8
10158
10941.1
11454.4
12145.1
12838.7
13630.3
14152.9
14669
15226.2
15484.8
15931.7
16232
16581.5
16711.9
16819.7
17077
17192.4
17290.8
17241.8
17243.9
16966.4
16882.9
16597.6
16368.2
15783
15326.9
14932.2
14481.3
14305
14066.3
14016.3
14039.1
14063.7
14028.8
13845.1
13725.8
13498.9
13105.1
12372.3
12035.1
10983.8
10342.7
9795.6
9273.3
8709.9
8033.8
7472.5
6860.7
6344.2
5806.3
5249.1
4635.9
4070.6
3515.3
3147.4
2781.3
2520.4
2394.3
2246.5
2232
2152.7
2246.4
2168.3
2322.6
2290.1
2394.3
2470
2575.6
2715
2887.6
2875.4
3075.6
3235.2
3295.9
3566.1
3808.6
3970.7
4034.5
4148.1
4229.5
4293.6
4279.8
4237.4
4172.5
4010.5
3943.5
3780.5
3763.6
3519.8
3289.5
3164.9
3047.6
2813.4
2810.8
2308
2182.5
2033.1
1965.4
1689
1506.6
1383.9
1322.8
1310.3
1246.9
1289.1
1341.5
1349.3
1325.5
1325
1437.7
1583.1
1678.8
1734.5
1859.8
1980.1
2113.9
2290.4
2494.7
2661.9
2996.4
3139.7
3451.7
3722.3
3914.2
4161.3
4333.6
4482.1
4515.2
4561.8
4712.2
4590.3
4555.4
4489
4439
4348
4197.9
4047.1
3817.6
3656.2
3581.4
3299.6
2903.6
2712.4
2543.2
2327.9
2088.5
1900.8
1669.5
1450.3
1450.7
1227
1194.3
1111.3
1080
1082.2
1042.5
1107
1068.3
1128.3
1086.6
1048.7
1066.9
1097
1186.4
1191.4
1290.2
1341.9
1366.5
1528.4
1538.4
1683.8
1769.1
1932.7
2082.4
2384
2668
2752.3
2842.4
2823.8
2840.1
3082
3007.2
2847
2821.2
2834.6
2899.5
2876.1
3097.8
2529.3
2491.3
2429.2
2285.7
2026.9
1846.3
1748.9
1620.4
1418.7
1270.3
1122.7
888.4
834.4
728.4
720.6
653
597.1
590.4
644.2
639.9
613.3
611
613
627.4
420.4
562.2
506.4
479.5
612.4
481.3
418
412.2
406.7
393.9
349.1
349.3
262.2
206.4
237.9
263.8
236
144.6
244.7
132.2
161.7
186.1
175.4
74.8
191.2
86.1
143
188.3
203.3
160
259.4
210.1
295.1
227.4
305.7
373.5
386.6
456
505.2
422.7
470.3
464.8
408.5
365.8
446.8
373.5
458.5
404.1
373.6
353.7
290.8
272.2
301.9
318.6
308.7
250.4
320.6
126
126.8
334.1
69.5
117.1
130.5
36
63.8
50.7
13.4
0
14.1
54.7
69.1
94.6
272.7
91.4
20.6
62.4
78.9
162.3
57.6
69.3
104.4
111.7
173.1
142.1
135.8
204.7
201.5
215.8
228.6
279.4
329
368.3
371.3
350.3
387.4
379.9
355.8
341.9
394.3
353.1
356.4
284.6
341.3
330.7
251.2
255.5
238.3
172
171.4
259
204.3
167.9
253.6
285.3
346.1
474.9
636.9
773
685.5
632.3
608.6
616.7
574.7
619.3
627.4
715.7
667.4
524.8
474.8
477.4
400.1
513.7
371.7
398.3
383.4
326
381.2
298.3
290.8
320.3
298
321.8
359.6
351.4
564.8
384.5
298.3
335
330.3
411.8
423.5
327.6
376.1
357.7
445.5
507.4
485.7
400.5
427.3
383.1
328
375.9
281.1
339.8
228.1
195.4
206.4
242.3