6770.4
5430.1
3433.2
1856.5
1193.6
1294
1616.3
1940.8
2411.9
3039.4
3880.7
4943.3
6305.5
7759.6
9617.5
11956.2
14518.4
17205.1
19155.4
18152.8
13341.6
7694.9
3112.7
1735.4
1917.1
2051.3
2375.3
2835.4
3545.6
4285.8
5384.3
6935.9
8424.5
10537.6
13004.5
15928.3
19434
23697.7
27602.4
30086.4
26638.4
17978.4
9261.3
2683.3
1201.5
1048.6
933.6
822.6
842.5
956.3
820.7
764.7
785.3
1032.1
1013.1
1190.3
1414.6
1630.6
1998.4
2389.6
2563.7
2847
2464.3
1930.6
1308.9
962.5
901.5
1029.7
1247.5
1538.5
2040.9
2641.5
3426.9
4198
5048.4
5938.8
6682.8
6742
5385.3
3666.1
2061.3
1234
1229.1
1540
1533.1
1871.1
2036.5
2143.2
2799.7
3566.6
4674.4
6092.4
7727.8
9012.8
10922.2
13182.9
14877.5
15384.1
12478
8327.2
4470.9
1890.9
1587.1
1818.7
2016.8
2201.9
2578.5
3029.4
3679.3
4410.5
5397.2
6447.1
7852.2
9677.3
11783
14082.4
16819.4
20245.5
24741.9
27615.5
28186.9
23648.1
15667.8
8362.7
3026.1
1687.2
1545.1
1676.2
1709.8
1990.2
2158.2
2515.2
3024.6
3561.4
4422.5
5160.1
6347.5
7567.4
9041.3
10828.5
13069.1
15345.3
17945.2
21985.2
25783.3
27248.4
26045
19607.2
12354.2
6056.7
2600.8
2200.7
2311.6
2516.6
2797.2
3281.2
3730.5
4486.1
5266.5
5863.3
5881.4
5189.8
3899.9
2616.6
1594.7
1304.3
1268.6
1331.4
1462.6
1705.7
2083.4
2396.1
2984.6
3759.9
4615.3
5379
6179.9
7215.4
8680.1
9491.9
9403.5
8098.2
5797.9
3419.9
1722
1098.2
1081.9
1102
1188.4
1223.9
1413.9
1441.5
1620.8
1747.9
2086.9
2629.7
3328
4168.8
5253.4
6202.7
7209.5
8354
10103.3
11978.5
13159.6
13232.6
11382
8047.5
4777
2179
1276
1214
1175.5
1289.3
1366.5
1353.4
1477.4
1730.3
1742.3
1970.1
2200.3
2516.1
2884.3
3330.6
3994.4
4629
5338.8
6363.1
7286.5
8472.1
9889
11895.6
13569.7
14005.8
12994.5
10115.3
6703.5
3373.5
1284.5
761.6
664.5
642.7
600
680.2
630.2
880.7
918.9
966.1
1016.2
1152.1
1304.9
1466.7
1583.5
1938.5
2183.6
2478.2
2902.5
3282.8
3905.1
4511.8
5202.2
6059.3
7236.4
8579.6
9421.6
9420.1
8819.1
7410.7
5888.3
4493.1
3608.5
3114.6
2495
1617.1
995.8
823.8
603.5
648.3
586
532.8
544.3
573.3
685.2
761.4
902.4
1072.8
1325.7
1607.1
1909.7
2222.9
2520.8
2953
3496
4040.1
4437.1
4445.4
3825.6
2943.2
1790.2
879.5
360.6
280.9
227.4
227.1
267.4
296.1
320.3
369.2
437.5
452.1
750.7
467.4
528.5
627.3
799.3
1176.1
1176.5
1495.4
1869.7
2092.1
2422.4
2775.1
3286
4056.7
4859.9
5078.7
5262.1
4633.1
3505.6
2319.6
1190.6
640.4
538.9
517.3
498.6
455.4
459.1
478.6
353.6
393.7
357.8
407.4
433.8
486.4
499.7
587.5
674.8
718.7
867.8
1177.6
1116.5
1298.7
1527.7
1794.2
2071.9
2386.9
2711
3212.9
3762.2
4413.2
4744.6
4679.4
4292.8
3514.4
2431.7
1366.8
620.5
340.5
259.8
273
277.7
359.4
326.4
335.9
401.5
429.1
432.4
457.2
563.4
573
628.9
657.6
725.7
811.6
980.6
1183.6
1249.1
1480.6
1717.1
2104.2
2422.4
2690.5
2817.4
2888.2
2796.6
2557.4
2392.9
2317.5
2444.5
2524.9
2439.3
2186.6
1929.1
1392.2
911.7
588.5
338.4
280.3
258.3
297.8
401.5
431.1
484.2
626.4
712.2
886.2
1035.1
1165.4
1255.5
1392.1
1693.5
2041.4
2347.2
2352.3
2277.4
2009.1
1603.5
1098.2
556.6
230.2
128.6
167.6
171
104.6
127.8
129.9
129.3
278.4
117.1
202.6
237.9
248.2
243.9
321.1
259.7
227
236.8
357.9
334.6
386.6
457.5
630.9
717
989
1032.4
1172.8
1289
1475.9
1718.7
2047.8
2440.2
2531.5
2472.5
2422.7
2108.3
1718.2
1202.3
885.5
630.7
604.8
530
534.4
395.2
346.9
308.8
180.9
137.9
132
198.2
210.7
317.7
459
553.3
611.6
666.3
725.9
537
442.7
340.6
317
466.1
499.1
543.5
606.1
708.4
697.7
894
932.3
1007
1165.4
1273.1
1330
1506.3
1722
1827.4
1816.9
1692.7
1584.6
1374.8
994
702.5
477
275
250.1
258.7
207.2
239.1
286.8
233.3
283.1
309.3
334.2
308
367.8
503.9
560.3
588.4
681.4
743.9
714.6
665.7
609.7
600.5
334
224
152.6
109.9
97.2
81.8
134.3
283.5
193.2
182.7
317.1
289.5
348.7
376.1
490.7
496.4
528.7
635.8
622.2
676.3
743.6
713.7
665.1
634.7
692.1
603.5
513
451
562.2
560.5
634.8
669
727.2
885.3
952.2
906.8
854.2
816.1
722.4
658.5
429
330.8
266
235.5
283
173.5
168.6
233.2
219.5
206.5
172.3
302.7
156.2
158.6
212.5
163.3
209.2
259.2
264.7
484.3
330.4
384.7
377.7
457.8
505.5
526.7
573.8
539.3
624.3
651.8
679.6
780.7
802.9
845.2
1103.7
1027.1
1113.6
1139.9
1285
1313.5
1419.4
1501.1
1610.6
1625.4
1551
1497
1407.8
1409.2
1198
1131.6
1038.8
999.6
937.3
849.2
767.1
777.2
682.8
670.2
602.2
582.4
484.1
440.9
483.9
431.7
402.7
280.4
283.9
251.6
292.6
343.6
402.2
452.8
279
238.4
209.7
170
167.7
194.5
148.4
140.9
163.4
198.6
206.9
158.7
199.5
220
217.6
187.7
179.2
305.9
224
194.1
201.6
303.6
257.4
332.8
497.1
475.2
382.1
377.8
387.2
303.6
290.1
368
287.8
374.5
439.1
480.1
617.7
722.4
899.8
903.7
1021.1
1235.9
1342.9
1440
1478.5
1551.8
1633.9
1698.2
1677.5
1742.7
1840.6
1818.9
1865.3
1815.4
1877.8
1990
1878.7
1914.1
1855
1928.7
1979.9
1941.4
2036.9
2026.5
2085.6
2111.7
2104.8
2022.7
1950.1
1902.7
1831.7
1808
1857.6
1791.8
1982.2
1888.4
1928.7
1889.5
1967.9
1989.5
2011
2017.8
1950
1920
2008
1932.2
1884
1871.2
1967.7
1872.7
1933
1857.5
1863.6
1830.5
1844.9
1792.5
1756.2
1710.2
1622.3
1473.1
1408.1
1287.2
1314.9
1354.5
1321.7
1421.8
1409
1420
1474.2
1558
1585.1
1611.1
1587.6
1527.6
1479.5
1427.1
1364.6
1270.9
1219.5
1166.7
1044.8
973.9
962.9
913.3
917
1014.2
1049.3
1052.7
1024.3
1068.3
959.4
947.4
920.5
961.7
944.4
870.9
914
846.1
817.8
774.4
734
700.5
789.3
787.6
879
891.7
910.9
878.1
802.6
782.5
778.1
709.6
694.7
634.5
757
435.1
455
498.8
350.7
367.5
352.7
343.6
361.3
345.9
403.3
331.4
436.9
394.2
376.9
383.7
401.5
479.8
506
491.8
504.2
487.4
627.4
508.8
580.7
547
604.8
637.5
679.1
696.7
785.6
833
824.9
912.5
905
1011.9
1179.9
1274.6
1473.3
1563.9
1749.9
1987.9
2261.4
2560.6
3080.8
3573.6
4106.9
4805.2
5377.6
5837.6
6028.9
6121.5
6187.1
6351.9
6453
6498.3
6727.4
6869.4
6844
6448.6
6003.8
5653.2
5376.3
5396.2
5448.7
5886.3
6465.7
7236.4
7986.5
8522.6
8918.4
9052.1
9112.9
9170.5
9157.9
9461.8
9423.5
9550
9683.5
9469.4
8576.3
7745.4
7108.6
6686.8
6498.5
6635.8
7064.3
7763.4
8384.1
9054.1
9821.6
10022.1
10112.6
10094.8
10122.1
10265.9
10544.6
10599.1
10740.6
10825.9
10443.1
9713.7
8566.3
7727.3
7122.8
6710.1
6722.7
7271.2
7805.1
8476.1
9133.3
9965.6
10416.4
10646
10562.7
10413
10379
10591.9
10988.8
10957.4
11081.7
10935.5
10416.4
9571.3
8199.4
7217.2
6647.5
6231.2
6296.6
6702.2
7119.6
7629
8290.5
9122.9
9576.9
9740.1
9652.1
9242
9147
9249.4
9626
9804.2
9836.4
9909.5
9350
8897.2
7569.3
6683
5866.8
5425.8
5425.8
5918.1
6140.2
6669.8
7220.1
7807.7
8558.1
8928.8
9077.2
8752.9
8410.3
8398.9
8389
8919
9032.8
9229.9
9210
8810.8
8359.6
7136.6
6212.2
5274.1
4923.2
5012.3
5216.8
5385.2
5706.2
6217.3
6649.5
7211.5
7783.5
7880.4
7722.3
7200.3
6957.5
6915.9
7158.5
7532.1
7457.8
7377.6
7197.7
7189.6
6239.6
4951.9
4121
3308.5
3059.5
2996.6
3140.3
3050.9
3027.5
3190.9
3380.6
3894.9
3953.8
4100.2
4000.3
3731
3552.8
3604.8
3704.7
4132.1
4118.8
4296.4
4004.4
3897.8
3664.4
3055.1
2447.6
1987
1896
1957
2030.3
2154.2
2212.9
2249.2
2434.9
2657.6
2909.4
2975.2
2994.6
2800.9
2646.5
2518.3
2535.4
2692.3
2691.5
2661.8
2584.4
2578.7
2463.4
2295.4
1918.7
1623.4
1557.1
1494.6
1505.7
1536.3
1656.7
1793.1
1980.4
2215.9
2515.8
2934.3
3207.7
3488.1
3704.9
3839.6
3828.4
3608.4
3607.7
3553
3713.6
3778.4
3862.4
3810.4
3521.3
3431.5
3433.9
3233.2
2683.5
2232.2
2169.7
2290.2
2321.3
2295.3
2350.8
2550.7
2818.2
3218.7
3655.7
4180.3
4666.7
5369.4
5833.4
6301.5
6402.4
6354.4
6022.1
5793.7
5937.1
6118.5
6263.6
6533.9
6436.1
6115.1
5778.9
5870.8
5642.8
4899
3853.3
3419.9
3560
3654.5
3639
3522.7
3653.3
3808.6
4301.8
4769.6
5474.8
6166.7
7039.3
7828.4
8516.9
9048.8
9412.6
9175.1
8678.4
8198.3
8454.3
8885.7
9057.1
9334.3
9267.8
8825.8
8292.1
8308.9
8216.6
7219.2
5663.1
4723.9
4848.8
5090.3
4990.7
4803
4827.4
4875.3
5373.6
5948
6629
7500.7
8321
9445.5
10458.4
11345
11912.3
12258.3
11940.6
11284.7
10642.4
11085.7
11582
11953.7
12416.2
12284.8
11776
10831.4
10829.7
10960.6
9694.4
7545.8
6165.3
6282.7
6395.4
6491.9
6275.1
6270.4
6299.6
6760.9
7440.4
8235.6
9234.7
10288.1
11557.7
12904.1
14137.7
15147.8
15996.7
15917.2
15552.9
14692.4
14140.2
14565.1
15293.3
15612.9
16288
16156
15398.2
14381
14442.1
14396.4
12918.6
10267.4
8524.4
8456.7
9069.7
11244.4
15325
18129.9
18158.6
14564.5
11696.1
11328.7
11996.4
13155
14558.5
16121.3
17603.7
18970.1
20132.5
20961.4
20664.3
20122.2
19124.8
18817.3
19207
20010.9
20634.3
21238.2
21000.5
20183
19002.8
18838.3
18475.6
16546.1
13399.7
10867.9
10020.8
9903.5
9847.1
9578
9142
8877.5
8812.6
9216.7
9894
10817.6
11960
13109.7
14457.2
15771.2
17101
18233.7
19195.2
19503.4
19283.4
18617.5
17765.6
17652.1
17972.9
18252.8
18841.2
19084.2
18745.9
18091.8
17408.8
16842.9
16215.1
14442
11853.9
9664.7
8474.2
7906.8
7676.1
7537.5
7001.2
6761.8
6443.3
6504.1
6751.6
7165.7
7727.4
8386.2
9209.3
10044.1
10915.9
11697.2
12474
12835.2
13201.5
12993.4
12660.4
12154
12052
12079.7
12279.4
12559.5
12724.8
12484.1
12123.2
11728.1
11158.8
10551
9520.9
7984.2
6541.8
5660.1
4967.9
4470.7
4232.5
3831.5
3606.7
3276
3090.4
2987.3
3004.4
3250.9
3369
3608.5
4047.9
4200.1
4516.1
4746.5
4960.5
5140.2
5262.8
5206.2
5042.6
4932.2
4884.1
4907.9
4832.6
5053.4
4941.4
4947.9
4743.7
4662.6
4379
4155.9
3695.1
3171.1
2694.6
2265.7
1825.8
1535
1338.2
1198.7
1041.1
889.5
667.6
670
503.9
428.7
403.6
282.1
315.7
314.9
377.3
350
297.7
279.8
242.3
240.3
249.1
280.8
264.3
342.2
231.5
270.5
278.7
379.5
256.3
285.1
317.4
344.7
354.4
274.4
475.6
356.1
283.4
314.5
361.4
335.7
457.3
390
416.5
370.9
426.6
513.9
531.9
632
646.9
661.8
692.4
634.8
626.9
587
661.1
689
826.9
734.3
741.8
769.1
822.1
930.5
935.6
974.2
1019.6
1128.8
1193.6
1480.4
1481.6
1568.8
1747
2020.5
2155.2
2320.9
2514.7
2706.6
3056.9
4362.3
5523.7
5175.2
3604.6
1626.6
1150
1174.7
1351.9
1264.7
1337.1
1499.8
1656
1813.6
2088.2
2240.2
2536
2954.3
3229.2
3742.5
4142
4712.4
5226.2
5960.8
6611.7
7335.5
8191.9
9072.5
10029.4
11115.7
12168.7
13167.5
14251.8
16209.3
20375.5
25346.7
27627.4
24728
16816.2
9224.9
5290.8
3824.7
3372.1
3131.2
2942.1
2654.8
2514.3
2555.5
2437.3
2548.6
2415.9
2608.2
2487.8
2622.3
2702.1
2874
2999
3240.5
3488.1
3768.5
4058.5
4356.5
4731.4
5168.9
5574
6010.4
6430.8
6815.1
7217.1
7381.8
7788.5
7880.5
8052.4
8175.3
8260.8
8359
8466.7
8572.2
8603.7
8577
8492.7
8609.9
8460.4
8318.8
8085.7
7876.4
7677.1
7392.8
7142.5
6821.7
6606.5
6300.8
5949.4
5659.4
5478.8
5276.4
5128.1
5191.8
5168.2
5281
5620.9
5730.1
6036.3
6437.8
7022.6
7477.9
8065.4
8728.4
9492.5
10212.7
11048.1
11982.2
12813.5
13660.5
14310.7
14864.1
15223.4
15503.4
15698.5
15883.8
15833.6
15750.5
15731.3
15775.3
15890.3
15753.9
15603.3
15544.2
15573
15356.6
15050.6
14627.1
14220.5
14102.9
13721.2
13209.6
12738.9
12402.6
12035.7
11836.3
11405.8
11376.6
11408.4
11592.8
11579.3
11643.1
11625.4
11763.2
11725
11681.7
11497.5
11556.9
11641.2
11650.7
11902.3
12090.5
12609.7
13294.7
13953.6
14837
15819.5
16764.4
17748.4
18426.1
19338.3
20049.2
20716.9
21459.1
21928.2
22484.5
23145.5
23722.1
24142.3
24467.9
24809.1
25240.6
25666.6
26156.3
26595.2
27076.2
27062.7
27224.5
27122
26732.8
25975
24646.6
23257.1
21621.4
20131.6
18571.4
17328.2
15620.2
14314.8
12900.3
11701.4
10616
9778
9244.5
9194.7
9250.8
9493.4
9831
10097
10685.7
11302.8
12252.5
12906.7
13837.4
14939.3
16024
17121.8
18245.1
19519.6
20558.8
21590.4
22856.7
23867.4
24875
26031.7
27366.9
28433.9
29446.4
30603.3
31149.3
31253
31130.5
31117.6
30410.3
29308.6
28151.4
27076
25802.9
24405.4
23054.2
21649.6
20128.8
18440.7
16773.9
15188.6
13926
12675.2
11666.5
10812.9
10150.3
9416.8
8944
8502.4
8128.2
7748.7
7555.7
7434.7
7533
7580.9
7819.5
7989.2
8231
8613.1
9096.4
9778.9
10225.3
10822
11532.5
12355.3
12957.1
13649.1
14232.5
14750.7
15243.7
15587.7
16056.2
16309.7
16632.3
16861.3
16985.9
17138.8
17321.6
17463.6
17459.1
17485
17184
17092.7
16678.6
16467.4
16040.4
15572.6
15174.1
14820.6
14482.2
14334.6
14356.2
14451.4
14556.3
14611.8
14463.2
14497.5
14232.2
14281.1
13258.1
12486.5
11746.3
11183.2
10560.4
9896.8
9350.4
8794.6
8182.7
7518.4
6876.7
6271.4
5799
5165.5
4554.4
3930.8
3351.7
3055.2
2765.2
2552.2
2362
2383.9
2259
2325.9
2322.8
2342.9
2368.7
2511.9
2593
2767.6
2756.3
2897.8
3088.9
3088.5
3306.2
3479.4
3671.2
3890.6
4120.2
4209.4
4298.2
4275.7
4376.2
4433.5
4379.6
4345.9
4247.5
4191.3
3912
3743.1
3627.1
3507.1
3303.4
3360.4
2879.1
2714
2489
2342.7
2133.9
1933.2
1717.2
1557.6
1474.4
1330.3
1301.8
1336.1
1308.7
1218.9
1265.4
1266.9
1382.1
1447.2
1479.8
1566.9
1702.3
1790.3
1964.8
2073
2276.2
2499.4
2563.5
2814.6
3030.9
3305.7
3691
3899.9
4095.8
4245.3
4371.2
4575.1
4494.3
4531.8
4567.4
4535.8
4504.1
4448.4
4401.7
4159.1
4015.7
3853.1
3758.9
3520.4
3291.1
3042.4
2729.3
2557.2
2394.2
2129.6
1803.7
1739.3
1484.5
1409.5
1245.8
1194.8
1162.3
1146.7
1122.7
1011
1103.9
1040.6
1012.9
1017.2
1028.2
1058.3
1064.4
1139.5
1149.1
1138.1
1266.6
1260.7
1370.3
1447.5
1561.1
1653.6
1836.9
2127.9
2172.4
2400.1
2515.5
2552.1
2810.4
2798.5
2694.3
2677.9
2664.8
2733
2733.8
3016.1
2594.6
2550.3
2466.9
2398.8
2305.4
2255.5
2123.4
1823.9
1590.4
1526.8
1473.8
1240.2
1098.8
933.1
907.7
770
625
614.9
663.1
669.9
659.7
690.9
699.6
702.9
474.4
658.6
590.5
549.4
656.6
526.7
496.9
492.2
467.1
514.6
477.4
461.7
352.1
287.6
321.3
339
333.1
240.5
312.8
183.6
212.5
175.8
196.7
78.8
210
49.2
124.2
143.6
167.5
137.4
209.6
203.7
224.2
184.6
258.5
326
298.2
395.9
481.1
464.4
480.8
488.7
443.6
417
499.1
453.7
490.8
445.9
426.6
441.8
374.7
352
362
357.4
382.6
316
414.8
211
228.2
397.8
132.1
123.8
137.9
72
102
60.6
50.4
4.3
3.6
48.6
74.5
94.8
291
82
0
30.5
39.2
154.2
67.6
80.2
66.4
82.2
168.7
131
100.9
165.5
181.8
205.7
171.4
222.9
262.2
295.2
298
296.8
391.8
417.5
369
360.5
408.4
406
418.3
336.8
386.6
372
236.9
245.2
302.3
263.2
206
297.8
225.5
169.9
187.7
178.4
188.5
274
450.2
603.1
669.8
720.5
690.9
715.4
616.6
672.6
646.8
758.1
738.9
611.2
602.5
656.9
479
607.3
446.3
451.5
441.5
343.9
369.4
337.1
316
319.8
280.4
338.9
371
284.4
540.3
328.1
307.2
335.1
297.9
374
424.6
267.4
354.4
347.8
424
457.5
425.6
378.6
433.1
410.4
366.3
372.6
351.7
368.5
271
273.8
255.2
311.9
215.8
268.4