NaN
4518.8
2815
1433.3
1327.9
1447
1715.2
2161.9
2635.5
3292.8
4193.8
5389.7
6726.7
8573.3
10401.4
12768.8
15444.3
18019.3
19308.1
16906
11241
6018.4
2464.5
1831.1
1936.2
2321.3
2715.3
3209.4
3917.1
4938.8
6067.5
7615.4
9740.5
11896.8
14603.5
17931.5
22083.9
26522.5
30482.2
31041.1
25056.7
15334.7
6891.1
1875.5
1216.3
1067.3
1034.6
968
856
855
1001.2
840.5
846.7
948.1
1155.3
1195.3
1389.9
1619.8
1906.7
2244.2
2539.1
2390.8
2054.2
1476.7
1128.4
909.8
1009.8
1076.2
1254.3
1609.3
2122.7
2718.8
3320.6
4084.5
4908.7
5713.9
6233.8
5780.8
4334
2784.1
1635.4
1251.1
1302.9
1420.3
1699.6
1780.6
2154.8
2427.4
2876.3
3913.8
5009.5
6334.5
7736.3
9436.1
11308.3
13290.2
14450.1
13714.3
10392.1
6476.9
3272.5
1802.5
1691
1848.1
2141.4
2461.1
2764.3
3347.5
3944.5
4733
5823.1
7110.4
8565.1
10379.4
12637.9
15180.6
18013
22221.3
26156.4
28242
26803.9
20525.4
12885.8
6136.4
2188.5
1749.6
1717.1
1745.9
1974.2
2138.3
2510
2846.1
3378.8
4133.7
4939.3
5952.5
7078.5
8659.7
10226.6
12276.6
14560
17196.4
20594.8
24935.2
27974.6
28331.3
24488.3
17543
10281.9
4515.8
2268
2226.6
2252.5
2480.5
2767.9
3119.9
3607.4
4241.3
5024.2
5255
5002.3
4218.9
3091.3
2029.4
1424.8
1264.8
1376.8
1465.3
1585.1
1820.6
2121.6
2705.1
3199
3815.1
4546.9
5189.3
6010.5
7236.6
8103.5
8604.8
8104.3
6490.4
4464.8
2572.9
1331.5
1167.5
1107.3
1152.3
1234.6
1305.5
1393.3
1565
1664.3
1881.2
2250.2
2810.3
3613.4
4418.1
5382.4
6342.5
7303.6
8548.9
10313.9
11911.1
12503.2
11859
9614.5
6592.9
3652.6
1731.4
1293.9
1323.4
1351.8
1369.4
1460
1592.3
1580.4
1758.8
2039
2161.1
2394.5
2714.9
3143.3
3652.1
4229.8
5032.7
5791.7
6683.9
7837.6
9054.7
10841.2
12617.1
13755.2
13450.2
11922.6
8936.7
5460.8
2559.5
1026.4
786
794.5
740.3
728.3
719.5
847
832.8
1073.1
1150.4
1224.8
1329.1
1479.5
1653.8
1908.1
2112.7
2424.9
2795
3217.1
3783.9
4231.8
4937.7
5731.3
6746.6
8040.6
9176.9
9577.5
9418.4
8316.9
6798.9
5148
3775.2
3111.6
2568
1924.7
1414.6
877.4
733.6
874.5
711.7
780.6
749.2
692.8
707.8
799.6
946.8
1119.5
1260.4
1503.9
1718
1929.4
2201.8
2536
2967.9
3556.9
3918.4
3970.5
3785
3313.2
2277.5
1407.7
644.5
420.4
343.1
362.3
319.4
368.6
390.2
431.1
449.6
501.7
566.3
554.6
871.3
649.4
748.1
911.9
1170.8
1542.8
1644.9
1963.8
2313
2531.7
2994.1
3540.5
4244.8
4795.6
4972
4709.1
4233.5
3111.5
1987.8
1167.3
805.8
783.4
778.2
780.7
724.3
646.2
616.4
622.9
525.8
572.4
558.6
638.4
674.3
724.9
743.7
887.3
974.3
1060.3
1203.9
1512.3
1527.5
1742.8
2042.5
2334.6
2663.3
3087.9
3510.7
4232.6
4694.1
4847.8
4565.8
4157.8
3205.1
2162.6
1213.5
585.9
465.3
478
432.2
435.8
437
500.4
487.6
538.1
583.4
597.1
624.7
654.4
713.1
754.5
843.2
843.7
889.8
1053.9
1216.7
1459.4
1556.9
1833
2121.7
2458.9
2640.9
2702.5
2716.6
2723.4
2554
2504.7
2577.2
2697.1
2728
2555.8
2326.6
1880.8
1428.4
860.8
600.1
582.3
458.6
508.8
478.2
511.5
656.5
693.2
767.1
903
991.9
1107.3
1275.1
1421.7
1544.2
1840.5
2104.7
2221.2
2210.1
2091.6
1839
1422.2
934.5
591.9
345.2
288.3
282.9
339.1
337.5
324
299.4
330.1
322.3
423.8
316.7
387.4
418.7
406.8
425.6
525
451.2
435.5
505
598.3
588.9
696.7
822
964.6
1086.6
1321.3
1404.2
1613.5
1778.7
2005.8
2373.1
2579
2711.2
2612.5
2461.9
2269.1
1859
1482.1
1167.6
1191.7
1081.2
1012.7
915.4
846.3
641.9
514.7
428.1
313.9
314.2
333.5
523
568.8
636.8
711.9
753.8
846.4
802.1
788.1
603.7
557.4
553.1
609.9
728.3
774.3
852.9
870.7
1002.8
1032.3
1203
1256.6
1317.5
1515.6
1563.3
1749.4
1932.7
1981.9
1835
1790
1561.8
1346.9
1058.3
705.7
501.4
441.8
355.1
384.4
390.4
392.4
365.3
384.6
356.5
450
456.6
478
476.9
565.1
675.3
741.4
779.6
797.7
745.1
694.7
626.3
547.3
507.5
327.3
295
284
310.2
289.5
329.3
330.6
505.1
428.9
426.2
486.5
515.5
543.9
584.7
675.5
687.1
751
852.1
853.3
841.2
830
820.4
770.8
728.3
688.7
675.1
650.7
687.1
755.2
773.2
884.6
933.6
973.6
1061.8
1030.7
953
894.4
807.2
712.7
622.2
445
407.2
410.3
387.9
455.2
354.1
318.9
377.3
352.4
337.6
295.7
401.1
297.1
269
339
298.6
355.7
425.8
443.4
607.7
473.7
523.6
511.4
577.9
622.3
694.7
708.8
689.2
768
823.7
883.3
925.9
959.2
1028.9
1250.9
1200.5
1252.5
1301.9
1498.7
1559
1644.4
1658.6
1667.7
1702
1666.3
1620.8
1527.7
1475.9
1294.5
1227.1
1181.3
1088.5
973.3
815.7
729.7
667.6
637
607.1
551.8
514.2
444
432.7
476.7
481.3
442.9
361.8
358.1
323.1
343.9
409.2
481.7
547.6
403.4
301.6
343.8
304.8
310
359.9
320.9
317.4
328
319.4
349.3
317.7
306.9
335.9
341.4
301.9
308
453.6
388.3
326.1
384.2
480.5
438.4
445.7
568.8
563.2
473.6
493.9
466.7
421.4
409.1
542.5
498.9
559.1
694.9
754.4
857.5
962.2
1120.5
1160
1239
1421.3
1439.8
1529
1550.3
1648.3
1714.1
1731.4
1705.3
1777.1
1785.9
1787.4
1770.6
1779.8
1818.5
1885.8
1840.6
1776.3
1852.8
1880.9
1932.9
1916.7
1942
1968.6
1986.6
1951.6
1866.6
1838.5
1817.1
1719.5
1710.8
1706.6
1767.3
1746.5
1894.9
1836.1
1856.7
1856.6
1910.8
1877.8
1875
1860.7
1847.4
1835.3
1900.1
1846.1
1820.7
1769.2
1835.6
1757.5
1799.5
1716.3
1710.5
1706.9
1691.6
1629.1
1538.1
1507.4
1419.6
1297.5
1285.3
1237.9
1237.4
1301.7
1314.6
1448.7
1387.8
1392.1
1481.8
1504.9
1544.3
1487.2
1426.9
1377.9
1328.8
1272
1213.7
1136
1160.2
1080.8
1030.3
987.2
986.1
995.9
1008.1
1086.8
1120.7
1076.1
1043.5
1104.7
1043.3
1026.5
1023.6
1012
1024.8
945.8
985.2
941.3
943.2
927
950
907.5
984.5
1033.2
1087.9
1130.8
1122.5
1102.7
1052.2
1005.2
994.1
900.8
795.6
686
774.9
502.9
515.1
554.2
447.2
503.1
475
463
495.1
495.1
575.3
483.8
576.4
580.5
557.9
618
598
687.3
663.8
673
673.6
732.7
798.3
787.3
842.7
894.3
927.9
931.6
943.4
937.2
1017.4
1084.5
1059.1
1125.3
1175.5
1336.6
1471.7
1538.8
1706.5
1825.4
2037.8
2293.6
2619.5
3032.7
3594.9
4067.5
4531.8
4984
5200.4
5404.9
5477.9
5516.5
5676.8
5790.7
5843.3
6043.9
6074.4
5861.9
5544.8
5167.9
5021.9
4875.3
4835.6
5135.3
5566.9
6155.1
6801.3
7388.8
7745.5
7883.1
8053.5
8044.5
8135.1
8434.1
8277.7
8507.2
8563.4
8278.9
7839.1
7343.2
6651.7
6331.1
5934.6
5916.7
6166.7
6726
7291.8
7902.7
8454.2
8731.5
9015.2
9052.2
9069.3
9120
9354.4
9447.8
9549.2
9675.7
9469.1
8971.2
8116.9
7341.2
6731.4
6337.8
6089.6
6379.8
6758.6
7374.2
8053.5
8736
9234.2
9496.3
9517.5
9494.2
9452.4
9529.2
9854.4
9937.1
10049.2
10122.3
9753.1
9043
7926.4
7171.3
6349.4
5871.7
5819.8
6031
6357.4
6859.4
7389.9
8007.6
8530.4
8805.6
8869.9
8655.6
8590.3
8377.7
8697.2
8908.5
8939.8
9089.5
8944.6
8416.4
7354.9
6511.2
5799.4
5326.3
5082.7
5263
5590.7
6093.6
6574.3
7128.6
7803.8
8247.5
8433.7
8352
8136.3
7958.2
7876.2
8341.2
8533.9
8616.1
8701.7
8702
8236.4
7411.4
6250.4
5619.6
5133.9
4864.8
4961
5236.3
5463.1
5797.3
6294.8
6842.4
7419.3
7623.6
7778.2
7374.9
7083
6905.1
6851.9
7206.7
7321.1
7271.7
7236.7
6980.3
6492.4
5705.6
4489.5
3773
3259.4
3146.4
3048.9
2899.1
3042.5
3127.1
3231.6
3472.6
3735.2
4093.6
3957.2
3835.7
3595.8
3556.5
3537.8
3787
4030.2
4056.2
3922.5
4085.5
3706
3279.4
2627
2269.3
1932.7
1904.5
1972.5
2025
2086.9
2200.9
2327.9
2400.8
2702.6
2825.9
2876
2658.5
2587.7
2504.6
2470.7
2453.2
2493.7
2642.3
2443.2
2454.5
2407.9
2299.5
1926.1
1641.9
1479.2
1401.9
1489.8
1497.8
1440.7
1608.1
1724.9
1908.2
2125
2401.5
2714.8
3068.4
3238
3402.1
3403.5
3262.8
3163.2
3199
3324.4
3321.1
3429.6
3339.8
3209.3
3132.8
3129.7
3000.4
2662.6
2263.5
2028.1
2066.3
2105.5
2165.4
2192
2275.4
2496.1
2812.3
3150.1
3570.8
4085.3
4575.5
5041
5498.3
5758.2
5851.8
5517
5252.4
5238.9
5436.3
5629.4
5743.2
5829.9
5516.7
5249.2
5232.1
5239.7
4777.9
3801.9
3177.9
3094.1
3251.1
3247.4
3185.6
3273
3328
3729.9
4098
4667.3
5241.6
5941.5
6768.7
7454.2
7946.3
8356.4
8393.1
8014.8
7586
7456.2
7839.1
8089.6
8364.2
8537.6
8105.6
7633.7
7308.9
7712.7
7058.8
5778.9
4546
4455.7
4596.9
4644.1
4519.6
4415.6
4450.8
4759.5
5269.7
5755.1
6594.4
7292.9
8244.1
9175.6
10043.8
10650.1
11225.4
10996.1
10614.5
9962.7
9868.5
10516.4
10816.3
11148.5
11497.8
11053.3
10355.3
9848.3
10259.5
9541.3
7968.3
6072.1
5733.5
5912
6090.4
5919.8
5810.5
5867.8
6099.6
6659.5
7271.2
8245.1
9089.2
10215.3
11505.6
12677
13613.6
14485.2
15030.4
14812.9
13966
13204.4
13391.8
14133.4
14381.4
15033.9
15217.9
14737.1
13903.7
13125.4
13563.4
13012.4
10857.6
8375.1
7764.1
8113.7
9378.1
13066
17172.5
18603.6
16287.2
11948.7
10591.2
10974.6
12003.3
13105.2
14717.8
16127.1
17705.7
18591.7
19543
19957.5
19564.7
18435.1
17766.4
17991.5
18777.3
19202.9
20016
20166.1
19654.6
18433.3
17798.8
17819.2
16705.4
13989.2
10787
9596.4
9350.2
9284
9151.7
8818.1
8518.5
8167.8
8452.2
9042.9
9781.5
10717.4
11789.8
13137.5
14447.9
15788.6
16781.9
17840.7
18367.3
18622.2
17924.3
17059.6
16595.2
16801
17180.4
17817.2
18056.3
18105.3
17634.5
16629.5
16080.5
15823.6
14591.7
12419.8
9835.3
8260.8
7638.7
7389.8
7146.6
6825
6593.9
6100.3
6164.2
6229.7
6654.8
7114.9
7746.6
8439.2
9301.5
10094.1
10858.3
11665.4
12183.4
12620.1
12461.2
12306.1
11827.5
11526.9
11408.7
11642.5
11997.8
12202.1
12199.9
11833.7
11392.6
10967.8
10521.5
9660.9
8251.3
6905
5622.6
4871.7
4522.3
4163.5
3846.1
3580.8
3232.2
3081.5
2937.2
2948.9
3063
3173.8
3514.1
3696.8
3986.8
4378.3
4568.5
4838.5
4981.8
5160.3
5128.9
5074.9
4936.1
4796.6
4710.5
4757.1
4889.2
4783.1
4961.3
4786.8
4681.4
4407.3
4228.3
3866.8
3404.4
2890.8
2342.4
2010
1740.7
1418.3
1279.9
1140.2
966.4
841.1
695.6
569.7
578.8
437.6
403.4
437.6
342
387.8
360.3
424
408.5
373.2
352.9
316.5
313.4
320.6
345.1
333.3
382.1
300.3
312.7
335
441.2
355.9
363.9
398.8
432.7
449
400
544.2
448.1
393.8
420.1
475.5
436.9
538
520
530.7
497.4
577.9
740.1
734.8
796.4
650.3
644.9
722
727.9
752
713
742.5
800.8
937.1
826.3
868.6
920.5
943
1073.5
1091.9
1140.9
1205.2
1350
1427.3
1719.8
1807.6
1938.9
2126.6
2395.7
2546.4
2721.4
2958.1
3800.6
5467
5557.6
4528.1
2277.8
1273.6
1268.2
1193.5
1301.3
1543.8
1480.5
1573.9
1776.1
2011.4
2191
2504.4
2760
3113
3610.3
3978.3
4544.8
5102.2
5746.4
6430.4
7195.1
8119.3
8936
9950.4
10968.7
12102.5
13193.3
14485.6
15769.6
18834.2
24478.1
29288.9
28690.9
21339.9
11686.6
6225.6
3999.5
3491.3
3109.4
2877.3
2752.7
2601.6
2396.1
2336.1
2416
2315.1
2465.6
2428.1
2597.5
2598.9
2726.9
2826.1
3060.9
3166.7
3498.9
3786.4
4121.7
4429.3
4796.4
5189.5
5572.2
5974
6423
6821.8
7061.2
7343.6
7464.6
7773.4
7829.1
7956.1
7966.6
8063.9
8169
8215.4
8153.8
8209.2
8208.2
8190.5
8086.2
7860.8
7620.2
7425
7241.1
6920
6631.1
6355.8
6024.4
5807.4
5539.8
5275
5061.9
4910.1
4826.8
4831
5026.7
5064.4
5308.9
5703.4
5952.2
6398.1
6804.8
7420
7961.3
8655
9338.5
10119.6
10958.1
11669.9
12562.4
13402.1
13942.4
14293
14597.1
14681.3
15003.8
15049.1
15106.2
14926.8
14963.3
15100.9
15062
14913.8
14793.8
14731.6
14671.8
14464.4
14026.7
13653.7
13382.9
13054.6
12739.8
12292
11801.1
11479.2
11243.4
10911.9
10692.4
10643.2
10849.5
10882.2
11053
11015.9
11110.2
11103.9
10980.9
10863.6
10798.2
10840.4
11017.9
11196.7
11334.5
11771.5
12206.5
12904.5
13889.7
14641.4
15597
16554.8
17324.4
18231.8
18844.8
19597.4
20293
20890.8
21485
21848.5
22362.2
23079.4
23623.5
23736.9
23999.3
24474.3
25056.3
25497.2
26059.8
26249.2
26481.6
26466.3
26235.7
25533.5
24657.8
23263.2
21692.2
20154.6
18592.2
17150.8
15625.2
14325.7
12803.8
11626.4
10445.6
9631.5
9043.9
8848.8
8772.8
8997.3
9310.3
9691.3
10186.6
10675.7
11393.7
12249.7
13259.9
14119.3
15129.3
16385.2
17570.8
18682.6
19772.4
21087.3
21988.6
23014.2
24280.3
25314.1
26580.3
27877.6
29040.3
29984.4
30846.1
31339.9
31464.3
31010.6
30606.8
29976.5
28629
27317.4
26081.4
24784.1
23384.3
21866.1
20311.8
18601.3
17042
15403
13929.4
12682.9
11752.9
10707.3
10008
9382.7
8803.1
8306.2
7911.9
7578.9
7421.5
7217
7212.2
7249.8
7405.5
7593.1
7948.9
8211.1
8588.1
9028
9620.1
10364
10935.7
11542.7
12220.5
13085.1
13552.5
14090.4
14635.4
14956.6
15411.4
15751.8
16120.9
16208.7
16406.5
16650.9
16764.7
16811.9
16904.5
16873.4
16684.6
16604.7
16289.4
16128.1
15647.7
15238.4
14832.1
14378
14160.2
13887.3
13835.1
13846.5
14001
14046
13982.9
13905.7
13670.3
13492.8
12819.4
12553
11393.6
10781.5
10258.9
9689.8
9045.8
8537.9
7874.4
7322.2
6673.8
6091.3
5533.6
5017.8
4384.9
3783.1
3313.9
2931.3
2619.4
2486.3
2286.5
2233.7
2155.9
2198.7
2161.2
2277.1
2250.7
2343.2
2396.9
2531.2
2661.8
2804.8
2803.3
2954.7
3177
3213.4
3425.4
3695.3
3831.3
3972.4
4111.1
4189
4187
4191.5
4235.4
4196.8
4047.5
3966
3837.6
3771.8
3547.6
3344.7
3222.8
3083.9
2885.1
2878.9
2411
2231.5
2080.7
1983.1
1735.3
1567
1437
1327.9
1327.4
1245
1294.4
1294.8
1316.8
1260.8
1335
1364.7
1552
1603.9
1669.8
1736.9
1935.6
2028.9
2214.3
2366.4
2579.4
2833.9
2929
3285.9
3526.9
3757
4034
4231.4
4389.3
4420.6
4465.4
4648.6
4529.4
4558.9
4436
4424.7
4365.5
4217.1
4055.7
3812.9
3708.2
3577.8
3351.9
3009.2
2773.8
2595.9
2355.6
2160.6
1946.9
1723.5
1485.3
1413.8
1223.4
1233.9
1139.8
1081.9
1074
1103.5
1106.4
1043.9
1112.6
1058.2
1027.3
1058.9
1080
1148
1115.2
1244.2
1299.4
1280
1456.4
1499.9
1632.5
1675.7
1860.9
1957.8
2257.6
2524.9
2656.9
2793.9
2795.3
2778.1
2997.5
2956.4
2814
2791.1
2812.4
2862.3
2847.7
3057.8
2567.2
2478.6
2422
2358.9
2100.7
1909.9
1782.4
1591.5
1427.1
1324.6
1184.1
945.7
846.8
754.6
735.8
651.9
567.3
565
653.6
661.3
607.8
614.6
610.5
636.9
443.8
571.1
517.7
497.3
575.1
488.8
423.2
419.8
399.8
391.4
352.2
353.1
294.3
238.3
256.3
268.4
247.3
151.2
241.4
109
170.2
141.1
175
66.2
198.4
65.9
138.2
177.1
164.3
164.5
215
200.6
253.6
233.3
273.5
322.7
348
442.3
489
429.5
452.4
470.7
431.6
353.1
441.8
360.8
428.9
382.5
387.8
386.3
295.2
267.1
285.5
310.9
289.7
222.3
313.7
135.1
138.1
339.4
76.7
106.1
98.3
46.1
60.1
68.3
43.1
0
0.2
63.1
77.2
58.6
268.9
82.7
20.6
22.7
61.6
121.8
55.8
59
80.4
98.1
142.2
108.6
130.1
177.6
184.4
215
188
227.1
295.5
326.6
316.6
322.2
350.8
368.5
342
343.6
392.1
369.4
341.9
248.4
302.6
326.1
209
209.4
231
151
130.8
223.9
200.4
160.7
192.3
217.8
284.3
461.9
627
768.1
711
675
612.4
617
581.3
633.1
636.6
752.2
677.6
548.4
481.3
510.4
414.2
492.1
368.6
377.7
366.6
297.8
350.6
274
289.2
290.8
256.3
275.2
312.5
302.6
515.9
317.5
261
339.7
267.5
347.4
362.3
293.4
343.6
361.2
380.4
472.3
389.5
364.6
400.3
355
292.2
343.6
283.9
293.6
225.3
178.5
187.3
187.2
134.4