6618.4
4975.8
3078.8
1744.2
1311
1464.5
1767.9
2145.8
2622
3342
4247.6
5333.8
6851.7
8348.2
10404.1
12726
15602.4
18369.9
19835.7
17513.5
12102.5
6667.8
2723.8
1814.2
2074.9
2245.7
2618.7
3170.6
3956.8
4829.7
6027.4
7723.6
9476.7
11788.9
14530.4
17766.7
21877.2
26612.4
30344.3
31382.3
25701
16355.8
8015.5
2261.6
1294.8
1156
1068.4
965.4
941
1080.2
899.2
872.3
913.1
1137.7
1144.7
1299.8
1533.9
1734.1
2101.8
2463.9
2605.3
2687.4
2274.7
1754.2
1259.5
1045.7
996.1
1165.4
1388.5
1743.1
2320.7
2905.9
3641.7
4391.8
5312.6
6233.6
6635.7
6303.6
4798.1
3239.7
1907.1
1320.3
1394.3
1674.3
1700.9
2017.4
2182.8
2369.1
3115.8
3973
5166.9
6610.5
8160.8
9600.5
11823.7
13924.8
15170.8
14642
11149
7317.5
3830.8
1861.1
1791.2
1972.3
2232.5
2421.1
2846.7
3390.8
4094.2
4867.5
5972.5
7073.9
8668.9
10563.8
12755.1
15194.1
18245.1
22426.7
26643.6
28644.6
27582.9
21689.8
13972.5
7059
2600.4
1800.8
1722.3
1853.6
1912.1
2221.6
2421.6
2883.3
3428.8
4064.6
4966.9
5831.6
7088.5
8430.9
10126.4
12078.3
14447.8
16948.2
20048.1
24593.7
27751.8
28188.4
25375.3
18279.2
11234.8
5267.1
2526.8
2277.8
2462.7
2616.3
2905.1
3320.3
3804.7
4620.5
5280.6
5612.1
5474.3
4620.1
3421.6
2359.7
1576.3
1390.2
1446.9
1529.4
1641.3
1885.1
2288.3
2670.5
3264.3
4013.7
4771.1
5454
6299.2
7448.7
8652.5
9092.7
8705
7220.9
5019.5
2993.4
1596.4
1196.5
1199.1
1235.7
1290.9
1381.4
1546.6
1586.1
1711.4
1925.1
2278.9
2839.7
3557.3
4408.4
5447.4
6376.9
7380.8
8622
10425.4
12044.3
12916.3
12532.7
10387.4
7220.1
4157
1969.6
1409.3
1390.8
1391
1445.5
1540.9
1530
1631.5
1876.8
1958.7
2107.8
2393.2
2746.1
3114.7
3632.3
4220.8
4850.8
5735.2
6658.6
7665.2
8881.7
10466.8
12465.5
13750.7
13780.3
12427.1
9384.7
5981.4
2991.7
1203.5
843
751
757.6
722.5
816.7
798.8
1007.6
1072.8
1119.8
1176.4
1318.9
1459.5
1686.6
1824.1
2136.2
2389.5
2710
3151.5
3642.1
4187.6
4879.7
5622.3
6511.5
7816.8
9026
9688.8
9439.2
8583.9
7105.2
5445.2
4206.9
3337.1
2814.6
2270
1486.7
998.9
911.4
723.8
757.6
705.4
690.1
703.7
754.9
865.5
968
1072.4
1324.2
1495.4
1735.7
2017.2
2367.9
2601.9
3009.1
3622.4
4057.5
4194.2
4185.7
3460.6
2648.9
1584.4
825.8
445.1
375.6
354.6
375
411.7
437
447.6
483.6
543.3
543.8
810.5
642.8
706.7
788.4
971.6
1254.5
1340.4
1667.8
1977
2205.8
2622.6
2947.1
3520.7
4304.1
4938.9
5073
5122.8
4366.5
3337.5
2175.4
1250.6
834.7
808
769
761
707.6
704.9
688.3
564.3
578.5
543.2
557.7
622.1
662.8
682.2
802.2
881.5
940.4
1055
1334.5
1334.4
1505.7
1741
2022.7
2316.7
2644.7
2944.8
3458.7
4046.8
4673
4840.2
4696.9
4208.8
3401.3
2346.1
1339.7
699
497.8
437.6
465.1
480.3
516.7
521.9
520.8
568.6
623.6
599.3
635.4
719
747.9
788.4
826.5
877
981.2
1124.9
1302.4
1401.1
1605
1836.8
2224.8
2484.2
2707.8
2806
2897.8
2772.3
2611.6
2502.6
2533.6
2640.6
2713.7
2596.3
2338.1
2010.3
1436.2
961.8
673.9
491.1
490.7
461.4
477.2
578.7
631.8
707.7
815.9
910.5
1062.5
1205.2
1329.3
1414.3
1575.2
1872.3
2207.6
2354.8
2329.8
2221.5
1987
1533
1082.7
620.2
381.4
305.8
354
343.9
325.5
322.4
343.7
313.8
448.7
326.8
358.3
421.9
423.5
438.5
526.4
458.9
425
449.6
562.1
510.3
579.3
697.9
821.9
934.8
1187.5
1244.8
1452.2
1545.9
1759.3
2046.4
2380
2650.4
2696
2641.3
2560
2290.9
1855.8
1458.1
1194
1056.9
988.5
918
879
708.7
614.1
522
401.1
362
316.7
402.7
407.4
547.9
657.8
710.4
737.3
814.6
846.3
686.4
577.4
561.8
575
674
729.9
787.1
831.8
941.3
950.2
1100.7
1175.9
1213.6
1411.4
1474.3
1584.1
1746.5
1961.2
1996.7
2002.5
1827.9
1694.4
1470.4
1078.7
822.4
584.7
464.9
427.4
451
377.3
408.7
426.6
383.8
467.5
446.3
483.2
465.7
537.6
620.8
709
767.9
829.7
869.4
780.6
746.2
706.1
690.1
511.4
383.9
305.5
318.6
290.9
293.4
332.7
478.8
425.3
407.6
490.3
505.7
525
569.3
653.6
689.4
711.8
856.9
838.4
897.6
935.4
893.6
827.7
785.7
790.5
742.1
688.1
661.2
755.6
760.6
835.6
880.6
960.6
1067.7
1078.1
1047.1
1001.8
931.7
882
797
579.9
499.5
446
431.9
491.2
367.6
358.2
364.5
370.1
380.2
322
422.2
345.9
344.3
367.5
302.8
375.2
405.8
467
619.9
501
556.5
565.3
584.6
641.7
651.7
706.4
714.9
772.8
834
853
940.9
945
999.4
1171.2
1160.8
1268.4
1264
1429.6
1488.4
1598.5
1688
1720.5
1714.4
1658.3
1640.5
1590.1
1593.5
1413.3
1307.1
1236
1183.7
1076.2
970.2
903.7
819.9
758
718.1
704.1
641.9
595.5
513.9
568.8
501.1
482.2
403.4
404.8
388.1
413.6
480.1
537.9
584.7
440.6
400.5
410.4
340.7
327.7
385.8
339.9
326.3
325.5
363.4
392.3
323.3
372
358.5
376.2
361.3
352.2
439.6
393.3
348
377.9
468.6
438.6
495.5
614.8
587.2
507.1
532.3
525.9
483.5
439.2
532.6
462.5
526.9
621.1
665.5
809.2
887.8
1051.6
1080.3
1197.3
1347.7
1462
1529.6
1546.1
1638.1
1729.9
1791.7
1768.3
1876.2
1898.4
1891.3
1861.8
1854
1912.9
2037.4
1892.2
1926.9
1901.4
1941.2
2049.4
2029.6
2044.2
2089
2090.6
2108.6
2072.3
1984.2
1966.2
1884.7
1865.9
1819.4
1862.8
1849.1
1989.5
1908.7
1972.5
1955.1
1999.1
2027.1
2041.7
2042.5
1958.2
1934.3
2016.5
1954.5
1927.5
1916.9
1987
1899.1
1912.3
1856.1
1863
1847.7
1832.2
1795.1
1775.6
1689
1626.1
1506.5
1440.3
1397.1
1369.9
1390.9
1376.8
1474.5
1442.3
1466.4
1504.5
1620.9
1680.2
1630.1
1597.1
1582.2
1498.8
1454.1
1363.6
1320.4
1276.4
1249.9
1135.7
1066.4
1057.4
1051.9
1057.1
1138.5
1175.6
1159.3
1147.3
1172.9
1122.5
1087.5
1043.3
1085.3
1082.3
987.7
1029.6
978.5
1004.9
958.9
919.4
915.8
952.2
987.5
1101
1073.7
1100
1063.4
1039.6
1024.9
1024.7
991.2
894.9
820.1
863.9
614.1
602.1
618.1
526
496.1
519.7
517.4
536
521.8
583
491.8
594.1
576.2
557
567.9
620.6
706.6
690.2
694.3
695.9
696.9
834
730.3
786.1
826.7
877.2
902.7
933.5
953.3
1015.4
1044.8
1073.3
1130.3
1087.4
1229.5
1372.5
1442.1
1604.7
1682.9
1898
2151.2
2376.6
2688.6
3190
3707.7
4178.3
4762.2
5234.2
5554.3
5696.1
5755.2
5872.8
6010.6
6081.3
6175.2
6479.5
6441.3
6363.3
5893
5609.5
5328.5
5124
5190.2
5316.8
5776.1
6383.3
7082.2
7669.2
8080.9
8413.4
8456.9
8578.4
8700.1
8810.6
8886.4
8920.8
9055.5
8903.6
8719.5
7708.4
7159.2
6592.5
6316.9
6220.3
6487.4
6984.8
7586.8
8169.8
8783.9
9297.8
9495.1
9496.1
9546
9525.6
9827.4
9941.4
9954.1
10213.6
10077.8
9670.9
8766.6
7861.2
7191.3
6642.9
6444
6577.2
7077.8
7705.6
8325
9049.1
9607.6
9949.9
10087.8
9995.7
9944.9
9940.6
10246.6
10381.9
10458.4
10592.3
10228.3
9725.7
8629.1
7493.5
6761.1
6310.6
6063.7
6149.4
6582.4
7012.3
7593.3
8215
8931.1
9233.8
9285.8
9160.6
8835.3
8776.5
8975
9312.5
9329.1
9501.4
9383.3
8762.8
8169.1
6836.7
6210.1
5555.2
5350.3
5432
5844.3
6154.1
6736.4
7300.9
7872.1
8516.6
8752.5
8813.4
8443.8
8208.6
8252.7
8328.3
8834.9
8841.9
9120.5
8887.4
8562.2
7879.9
6643.8
5975.2
5203.9
5035.6
5109.8
5353.9
5495.5
5915.7
6389.7
6880.3
7431.3
7814
7899.9
7540.6
7160.8
6923.2
6932.8
7309.1
7518.5
7409.6
7363.2
7106.7
6977.7
5800.1
4731.1
3971.7
3330.9
3149.1
3093.8
3187.4
3098.7
3138.3
3258.5
3503.2
3962.1
3947.6
4143.5
3955.4
3747.7
3621.6
3633
3857.7
4187
4143.1
4226.8
4009
3861.1
3457.9
2847.5
2384.3
1998.8
1989.4
2015.3
2143.6
2187.8
2281
2355.3
2526.6
2785.2
2927.6
2940.4
2924.6
2716.7
2623.9
2537.3
2597
2701.6
2704.5
2611.9
2608.2
2576.6
2415.5
2166.2
1827
1592.7
1561.9
1556.5
1544.6
1562.4
1734.9
1842.7
2018.2
2272.1
2570.7
2946.8
3173.6
3487
3588.6
3675.8
3589.3
3430.4
3471.3
3423.4
3566.3
3619.9
3656.7
3516.1
3364.4
3290.8
3270.8
2974.2
2433.9
2164.6
2163.3
2321.3
2299.1
2269.5
2352.4
2600.6
2925.5
3314.7
3701
4215.9
4724.6
5314.6
5718.6
6110.1
6088.2
5950.3
5624
5517.2
5738.6
5911.1
6073.4
6154.7
6000
5621.7
5524
5579.5
5120.8
4278.2
3448.1
3275
3419.3
3495.1
3444.2
3379.5
3557.4
3824.4
4299.5
4776.8
5468.8
6129.1
7003.8
7614.4
8195.3
8720
8831
8562.2
8048.8
7767.6
8193.6
8443.1
8726.7
8922.1
8651.6
8128.9
7744.3
7959.9
7543
6393.7
4934.3
4604.7
4762.9
4960.9
4745.9
4619.5
4646.1
4850.3
5425.3
5946.8
6711.5
7451.9
8334.5
9404
10239.4
11043.6
11538.4
11593.5
11152.9
10435.6
10262.2
10811.3
11145.7
11570.4
11986.5
11524.9
10956.7
10242.1
10548.9
10248.3
8632.3
6581.6
5942.5
6125.7
6262.6
6199.2
6062.8
6077.4
6144.9
6816
7433
8273.9
9280.6
10386.9
11570.8
12858.3
13906.3
14850.1
15486.2
15155.7
14619.1
13723.7
13715.9
14344
14847.1
15242.1
15705.1
15361
14404.4
13580.5
14031
13548.5
11563.1
9050.9
7966.9
8278.8
9118.8
11898.4
15681.9
17187.4
16037.6
12265.9
10717.5
11141.4
11992.5
13171.6
14732.7
16336.3
17599.8
18822.6
19823.4
20346.3
19995.5
19136
18202.9
18346
18883.7
19676.2
20242.2
20613
20123.6
19078.5
18195.5
18231.9
17381.6
14865.9
11643.7
9975.6
9557
9517.7
9471.1
9133.8
8736.2
8476.4
8634.8
9100.1
9862.1
10800.2
11927.2
13126
14513.7
15717
16996.7
17956.2
18823.2
18817.6
18362
17710.3
17027.1
16974.1
17474.8
17865.5
18305.2
18524.9
17947
17209
16580.3
16153.6
15209.6
13101.7
10489.2
8664.6
7917
7593.7
7370.6
7159.2
6633.5
6423
6205.1
6366
6685.4
7150
7726
8474.5
9306.2
10156.6
10998.4
11692.5
12340.9
12641.7
12853.3
12498.1
12116.3
11742.3
11731.6
11887.6
12089.3
12345.5
12381.7
12057.9
11702.4
11258
10755.7
9999.6
8762.3
7265
5997.1
5198.7
4685.6
4308.6
4074.4
3726.4
3424.1
3212.1
3073.1
2993.3
3066.8
3334
3482.1
3716.4
4105
4273.5
4608.8
4915.4
5081.1
5175.1
5274.8
5132.6
4979.4
4900.1
4805.5
4921
4877.4
5045.9
4932.6
4897.6
4723.8
4609.1
4321.6
4034.2
3565.5
3017.5
2514.3
2169.1
1772.5
1509.5
1334.1
1185.4
1074.7
900.2
742
722.4
562.8
523.9
485
405.1
430.1
373.3
466.2
452
426.7
380.7
369.5
369.2
330.6
365.7
380.9
398.9
345.9
370.8
380.7
447.4
374.7
398.2
425.3
436.6
487.1
423
568.5
461
415.4
459.2
492.3
443.4
552
498.2
531
493.1
548.2
645.2
692.3
807.8
772.9
752.6
782.6
755
749.4
692.4
758.2
825
944.6
840.6
856.9
895.6
980.2
1032.9
1061.1
1109.4
1177.5
1272.6
1356.1
1612.9
1674.1
1756.3
1913.4
2228.8
2420.9
2528.8
2750.7
2966.3
3632.9
5307.3
5747.3
4892.3
2783.4
1416.3
1276.5
1278.7
1436.4
1430.3
1485.9
1641.6
1821.2
1982.5
2258.2
2461.5
2779.6
3189.6
3484.9
3987.1
4449.4
5028.5
5623.6
6376.5
7072.5
7854.9
8820
9717.1
10732.5
11857.6
13036.4
14036.1
15309.9
18168.3
23300.8
28250.7
28337.3
22755.6
13471.6
7130.7
4424.3
3613.2
3252.9
3084.5
2860.8
2632.8
2522.9
2543.2
2431.4
2553.3
2476.7
2610.7
2545.2
2688.5
2724.8
2939.8
3070.6
3309.9
3542.3
3850.9
4152.8
4478.3
4788.8
5206.3
5625.1
6098.5
6448.1
6796.8
7151.9
7335.9
7704.3
7790.5
8014.8
8086
8124.2
8213.7
8271.4
8371.1
8377
8301.8
8322.8
8368.6
8247
8046.7
7894
7681
7432.3
7136.8
6862.7
6506.4
6223.5
6000.7
5698.2
5493.3
5246
5098
4951.8
5067.6
5048.3
5215.6
5528
5686.5
6080.6
6481.9
7003.5
7416.8
8006.3
8733.5
9477.3
10167.5
11015.4
11910.2
12714.4
13473.7
14068.1
14495.3
14768.6
15054.1
15250.4
15387.7
15308.2
15214.7
15249.3
15347.9
15360.7
15190.6
15036.5
15011.7
15008.3
14796.1
14402.2
14050.5
13682
13489
13101.6
12546.6
12158.4
11901.4
11445.4
11226.5
10950.2
10905.8
11042
11140.2
11229.7
11285.8
11305.1
11372.4
11300.7
11213.1
11026.6
11157.9
11248.2
11304.7
11544.8
11825.5
12325.4
13138.1
13878.9
14723.7
15697.9
16656.4
17542.3
18255.1
19045.4
19744.9
20375.4
21145.1
21453.2
22115.6
22605
23344.3
23589.5
24009.9
24312.8
24792.8
25161.4
25706.4
26151.2
26561.4
26584.5
26697.4
26436.7
26010.4
25020.5
23547.9
22177.1
20594.5
19036.6
17599.2
16296
14675.5
13315.8
11969.6
10824.4
9861.6
9288.8
8936.6
8949.6
9071.9
9331.1
9734.1
10055.4
10719.3
11352.2
12323
12966.4
14072.3
15157.6
16233.5
17370.2
18494
19711.2
20747
21843.1
22994.1
24087.8
25090.3
26375.3
27719.7
28751.5
29894.4
30766.2
31225.6
31242.6
30998.9
30736.2
29863.3
28785
27524.8
26376.1
24957.6
23716
22303.1
20640.2
19078.3
17397.4
15789.6
14264.5
13064.7
11939.1
11076
10236.7
9591.6
9030.2
8507
8127.9
7825.6
7437.7
7379.8
7327.2
7348.3
7473.7
7736.9
7940.1
8217.7
8581.7
9149
9785.8
10292.9
10861.1
11598.8
12344.8
12978.4
13568.7
14140
14634.3
15085.8
15448
15858.1
16092.8
16355.6
16631.7
16703.5
16883.2
17011.4
17097.9
16973.1
16971.9
16737.4
16579.2
16199.9
16007
15565.7
14997
14711.4
14387
14179.3
14176.4
14291.2
14476.9
14643.3
14678.7
14603.7
14573.7
14285.2
14246.3
13205.2
12366.7
11740.4
11128.4
10489.2
9848.8
9257.9
8710.9
8152.6
7363.4
6721.9
6128.8
5604.6
4904.1
4254.5
3655.9
3168
2900
2633.3
2460.7
2295.4
2317.5
2243.4
2306.4
2302.2
2359.7
2397
2508.7
2556
2740.8
2751.7
2940.2
3089.3
3124.1
3320.1
3501.5
3725.2
3856.2
4131
4175.6
4194.5
4180.4
4289.7
4353.3
4242.8
4234.3
4079.8
4002.2
3801.3
3608.6
3473.6
3351.3
3148.1
3175.7
2745.8
2547.1
2311.2
2256.3
2038
1822
1640.6
1507.1
1410.6
1306.9
1320
1293.9
1329.3
1279.1
1292.6
1334.9
1452.9
1524.7
1566.9
1639.9
1739.6
1883.6
2030.4
2175.3
2368.6
2586.2
2715.6
2927.3
3211.4
3459.8
3782.1
3972
4161.4
4306.2
4412.5
4587
4496.2
4546.3
4511.7
4463.4
4431.3
4360.7
4266.4
4065.6
3902.6
3769.4
3657.7
3371.1
3090.8
2857.8
2620.7
2448.1
2255.3
2028.3
1685.5
1619.4
1387.2
1293.5
1227.5
1147.5
1139.8
1120.3
1123.9
1054.9
1113.1
1046.2
1036.4
1047.7
1021.8
1083.6
1068.5
1178.2
1217.7
1216.8
1345.6
1373.3
1451.9
1539
1645
1730.3
1966
2210.2
2345.6
2565.9
2631.5
2679.4
2904.9
2860.4
2819.6
2744.1
2752.1
2773.1
2773.1
3045.1
2636.6
2596
2441.7
2432.5
2239.6
2184.9
1974.2
1752.7
1584.9
1507.9
1405.6
1136
1013.2
865.3
832.5
744.4
611.7
601.1
647.8
641.8
644.1
620.5
657.8
663.8
488.1
613.4
557.5
515.5
619.4
513.8
466.5
479.2
436.2
441.4
423.6
392.6
324.4
268.1
295.7
295.9
290.9
200.2
276.9
133.8
173.9
169
156.7
80.5
186.4
77.1
127.5
146.8
159.9
144.9
229.7
201.2
242.5
206.5
245.5
304.8
310.2
415.8
450.9
412.4
461.7
448
433.2
374.4
461.6
397.9
438.7
381.7
388.7
403.1
336.5
293.5
304.2
338.2
315.3
256.1
347.6
178
180
334.2
131
121.3
133
44
46.5
58.4
21.9
3.4
11.4
43.2
47.7
59.1
225.9
64.9
0
19.6
25.5
109.2
56.1
46
42.6
79.1
118.7
92
88.1
139.5
177.3
190.3
153.6
203
259.7
256.4
288
293.4
330.6
352.5
330
315.6
363.1
337.7
370.8
283.4
324.9
281.9
231.4
202.9
255.5
220.1
170.8
221.7
168.4
133
155.3
160.9
175.5
293.4
487.3
679.2
748.3
783.5
709.9
694.6
643.9
690.8
653.7
779
761.1
668.3
609.1
586.6
462.2
562.5
411
436.7
401.7
307.2
337
263
265.1
270.2
257.4
309.7
302.4
265
416.9
287.6
246.4
270.2
270.2
308.5
336
262.8
317.6
319.5
355.5
409.4
368.1
342.3
391.8
378.6
298.6
343.3
263.1
299.7
256.1
214.9
199.5
220.1
135.7
174.6