NaN
4175.6
2518.6
1237.1
1201.8
1393.9
1615.5
2090.2
2544.4
3194.4
4044.5
5217.6
6571.3
8289.6
10056.7
12411.7
15034.3
17232.3
18484.9
15876.2
10530.4
5375.9
2211.1
1754.6
1890.6
2275.6
2643.6
3136.3
3809.2
4861
6034.7
7562.3
9629.5
11795.6
14406.1
17709.5
21690.9
25753.2
29376.7
30129.2
24090.8
14605.1
6174.7
1657.6
1117.1
975
952.3
900.1
793.6
790.3
935.2
749.4
732.4
802.9
1028.7
1045.7
1224.4
1463.2
1721.5
2045.9
2257.2
2131.3
1874.6
1283.4
997.3
803.4
903.6
956.3
1130.7
1451
1921.4
2526
3096.1
3788
4476.9
5216.9
5764.3
5332.3
4013.5
2502.7
1383
1117.1
1154
1302.2
1624.3
1618
2002.8
2259.4
2652.4
3640.2
4667.3
5908.6
7272.3
8883.1
10602.9
12459.4
13649.7
12968.2
9756.9
5925.8
2887.8
1680
1561.9
1728.2
1995.3
2302.4
2618.6
3108.2
3740.8
4559.3
5503
6724.6
8163.5
9897
12139.5
14456.6
17157.5
21049.1
24987.6
27246.7
26029.9
19679.3
12104
5523.3
1981.3
1649.2
1586.3
1618.7
1851.2
2015.7
2372.4
2753.7
3263
3919.8
4732.6
5800.8
6836.5
8372.1
10030.1
11946
14225.8
16864.2
19951.6
24235.1
27398.5
27966.4
24100.4
17014
9705.8
3976
2035.4
2024.8
2081.5
2287.7
2530.1
2842.2
3266.1
3843.6
4609.1
4850.5
4614.9
3864.9
2770.1
1803.5
1236.8
1154.5
1283.7
1314.6
1473.7
1696.9
2010.8
2590.2
2972.6
3551.4
4229.5
4835.5
5507.9
6627.9
7588.8
8124.5
7657.7
5974.8
4060.3
2280.8
1152.8
1036.8
1003.9
1036
1115.6
1235
1255.8
1446.2
1527.8
1743.3
2064.7
2624.6
3381.7
4236.5
5043.5
6105
6925.3
8107
9860.6
11504.2
12131.2
11403.1
9136.2
6114.3
3342.7
1496.4
1209.4
1226.1
1274
1263
1397.8
1502.1
1505.1
1650.4
2009.4
2023.8
2266.7
2625.9
3038
3480.9
4079.6
4882.1
5601.4
6460.9
7595.4
8774.9
10481
12358.6
13535.7
13308.6
11562
8550.8
5045.3
2326.3
908.5
700.2
752.9
622.5
667.1
681.1
794.6
752.6
993.5
1054.9
1138.1
1246.1
1397.7
1573.9
1832.3
1997.8
2379.4
2718.4
3105.4
3650.3
4154.7
4817.9
5624.7
6535.5
7878.4
9035.2
9542.5
9324.6
8006.7
6450.9
4781.8
3433.9
2897.7
2366.8
1766
1265
775.8
659.3
860.1
644.3
701.8
675.1
623.9
657.7
745
878.4
1040.1
1191.9
1410.8
1612.4
1810.9
2081.2
2332.6
2728.6
3321
3750.6
3778.7
3557.1
3082
2044.1
1233.1
512.7
345.5
266.2
275.8
269.9
286.5
353.7
360.6
395.5
447
483.7
519.2
799.2
582.2
643.3
846.6
1037.8
1463.7
1518.9
1849
2141.4
2365
2829.3
3315.6
4055.9
4646.1
4863
4564.7
4100.7
2920.3
1830.6
1059.7
745.5
776.3
797
769.1
724.5
638
588
569.8
480.3
512.2
508.7
568.1
623.3
661.8
656.3
825
907.2
980.4
1127.4
1447.1
1446.1
1688
1924
2225.9
2584.1
3001.8
3353
4087.4
4607.7
4746.5
4496.3
4023.6
3069.1
2033.2
1104.9
497.9
412.4
458.5
343
399.5
419
465.1
445.3
433.6
516.7
548.4
504.9
553.2
683.9
672.9
749.3
777.7
817.7
914.1
1072.4
1353.3
1401.7
1692
1942
2341.8
2474.1
2580.1
2557.5
2567.9
2455.6
2354.2
2452.4
2628.7
2673.7
2535.9
2254.9
1820.6
1328.9
782.2
526.4
539.6
401.9
422
416.4
470.4
589.1
642.5
700.3
778.7
878.7
1019
1169.3
1280.5
1435.3
1624.1
1951.7
2053.5
2153.6
1943.7
1746.4
1307.3
810.2
492.5
280.7
222.2
260.2
303.5
286.5
242.1
260.1
305.8
250.2
395.7
287.2
373.2
392.7
396.2
400.2
488.4
423.9
379
407.5
538.3
550.3
638.5
720.6
911.2
997.5
1245.4
1286.1
1512.7
1680.2
1940.1
2301.5
2527.2
2669
2580.4
2458
2250.2
1852.8
1463.1
1220.7
1278.4
1155.5
1065.2
949.7
853
611.9
455.7
386.4
239
244.9
279
465.8
509.2
578.2
656.8
702.5
778.3
723.6
719.2
565.2
493.5
492.5
523
670
720.5
774.9
809.7
919.1
966.8
1113.8
1172.9
1218.2
1372.8
1504.4
1653.1
1808.2
1917.8
1763.1
1719.1
1529.8
1286.9
986.9
572.1
420.9
350.8
289.5
297.8
337.1
293.7
285.2
354.1
302.1
359
371.6
385.6
407.5
480.1
592
644.2
665.8
698.5
664.4
613
562.2
456.1
464.4
216.7
234.6
217.1
276.1
263.4
255
293.2
474
383.8
363.1
461.9
465.1
491.7
507.4
606.1
633.5
672.7
826
758
780.3
793.1
803.8
714.1
639.7
599.9
560
556.8
590.9
678.5
697.4
768.6
838.3
932.9
978.5
951.4
848.5
834.4
731.4
640.7
567.7
429.7
365.8
328.5
343.4
420
297.6
261.1
306.1
300.7
282.4
211.1
349
250.9
240
250.1
254.9
295.7
325.4
397.9
571.2
427
453.7
440.3
515.1
551.8
581.5
639
614.7
696.1
732.5
761.3
885.7
880.4
931.5
1151.1
1116.7
1180.3
1201.6
1400.7
1483.9
1538.8
1596.1
1618.2
1645.2
1626.9
1531.3
1496.1
1466.6
1251.7
1197.1
1146.6
1027.7
914.8
741.4
614.1
598.4
543.8
536.1
458.6
393.5
349.4
321.4
394.6
408.2
377.3
274.4
308
282.9
300.9
354.3
438.2
497.6
324.4
263
269.3
245.2
246.8
304
267.6
282
276.8
307.7
324.3
261.6
262.9
294.8
264.7
258.6
271.2
405.4
312.1
296.5
298.5
445.3
380.1
417
518.9
501.2
414
395.7
370
316.4
330
480.3
412.7
515.8
596
649.5
765.9
856.1
1003.6
1022.5
1167.9
1300.9
1347.3
1384
1414.2
1533.3
1594.6
1610.5
1540.8
1651.2
1628.6
1635.6
1620.1
1610.7
1666.3
1805
1687.3
1693.6
1663.9
1736.5
1788.7
1762
1793.2
1817.1
1862.6
1760.3
1739.1
1701.4
1704.6
1592.9
1572.7
1543.6
1645.3
1638.4
1770.5
1717.5
1716.5
1710.5
1774.4
1758.5
1713.9
1732.8
1682.9
1664.5
1742.3
1724.2
1688.4
1623.3
1671
1589
1612.9
1554.2
1536.5
1594.4
1566.2
1484.5
1392.1
1348.6
1268.9
1159.2
1118.1
1064.2
1127.4
1186.6
1192.8
1318.6
1239.5
1231.3
1335.3
1411.8
1412.4
1344.6
1294.6
1263
1231.1
1160.7
1087
1069
1046.1
1006.4
933.6
912.3
942.9
910.5
911
995.1
1050.8
1025.2
981.3
1039.1
956.9
948.1
932.3
947.9
966.6
899.6
922.3
879.9
892.6
854.9
886.8
903
959.6
980.4
1093.9
1117.7
1092.7
1044.8
1027.5
998.2
966.6
862.9
758.5
646.2
736.2
414
411.1
485.1
401.4
408.7
445.4
414.8
429.1
448.6
495.3
442
595.7
500.9
488.9
508.9
563.8
621.7
617.8
600.4
622.5
660
811.1
731.5
816.9
822.7
871.4
881.4
942.5
873.2
974.2
1006.4
957.7
1033.1
1044.3
1219.8
1385.5
1404.6
1579.1
1689.8
1884.7
2133.8
2394.8
2777
3275.9
3797
4220.1
4645.2
4890.7
5049.7
5107.2
5173.2
5266.4
5414.1
5428.1
5642.9
5725.9
5541.1
5253.6
4839.3
4688.5
4569.1
4471.1
4781.7
5157
5711.5
6282.9
6952
7251.7
7425.7
7601.9
7591.2
7694.8
7942.9
7825.9
7969.1
8134.3
7904.3
7492.2
7059.8
6253.9
5948.4
5585.2
5530.9
5768.4
6253.2
6818.7
7400.4
8039.6
8256.4
8564.8
8518.8
8478.1
8516.7
8803.9
8988
8979.5
9144.7
9020.4
8552.8
7823.1
6960.3
6381.6
5953.2
5754.8
5938
6409
6970.6
7586.4
8285.4
8773.4
9082.9
9020.8
8979.4
8954.5
9051.1
9336.9
9412.5
9574.6
9574.6
9303.6
8650.1
7650.6
6861.1
6067.4
5576.3
5509.7
5678.4
6060.6
6438.6
6957
7570
8139
8504.9
8541.8
8220.2
8173.2
7983.7
8225.3
8566.2
8546.7
8686.7
8556.7
8118.5
7206
6295.1
5497.3
5112.3
4788.8
5028
5307.3
5784.3
6219.6
6769
7459.2
7945.5
8193.8
8085.8
7804.3
7654.5
7588.7
7913.6
8252.6
8335.8
8331.5
8455.8
8000.5
7251.6
6128.8
5466.5
4969.5
4666.7
4813.6
5080.3
5295
5557.5
5999.1
6634.1
7154.6
7432.6
7564
7206.1
6913.7
6676.3
6641.3
7030.3
7213.1
7179
7049.9
6836.5
6418.2
5763.2
4465.5
3716.3
3206.7
3030.8
2899.5
2816.9
2941.4
2979.1
3076.9
3282.9
3552.9
3976.1
3814.5
3696.5
3537.4
3366.4
3367.6
3584.3
3843.2
3953.2
3778
3953.3
3623.4
3214.5
2512.7
2144.3
1827.4
1810.2
1863
1940.2
1958
2055.5
2155.8
2272.4
2468.2
2650
2691.3
2514.5
2439.5
2339.1
2279.2
2303.6
2320.9
2472.3
2312.4
2256.3
2262.4
2158.5
1803.1
1545.7
1331.1
1279.6
1326
1365.3
1325.2
1454
1590.9
1738.6
1971.3
2141.9
2494.3
2818
2948.7
3188.9
3178.8
3028.1
2922
2902.2
3083.3
3058.5
3247.6
3142.9
3025.8
2905.9
2902.3
2832
2529.6
2118.6
1867
1878
1967.9
1965.2
2024.7
2063.7
2275.4
2603.8
2905.2
3337
3786.5
4254
4752
5150.7
5401
5520.4
5280.1
4975.9
4878.8
5101
5315.7
5400.9
5462
5233.8
4973.5
4857.4
4972.1
4551.8
3716
3038.5
2885.7
3027
3049.9
2987.4
3047.4
3067.4
3479.8
3792.4
4303.4
4872.1
5537.2
6279.1
7003.2
7435.9
7866.6
7953.5
7662
7288.2
6993.3
7321.3
7612
7827.2
8111.5
7735.2
7390.2
6930.9
7299.2
6796.1
5682.4
4371
4188
4349.5
4430
4362.5
4194.1
4198.1
4437.7
4950.5
5451.9
6193.4
6868.2
7695.5
8642.6
9499.7
10073.6
10649
10648.6
10215
9573.6
9407.9
9967.5
10314.2
10619.5
10987.3
10622
9999.3
9430.2
9826.5
9230
7889
6060
5457.1
5647.9
5841.6
5710
5594.7
5601.9
5800.4
6307.7
6926.8
7757.4
8617.9
9765.1
10898
12031.2
13068.4
13789.6
14450.6
14319.3
13617.3
12788.3
12853.8
13470.1
13876.5
14443.3
14580
14279.3
13639.6
12805.9
13030.8
12677.8
10849.5
8377.8
7585.4
7758.1
8873.4
11960.7
15849.5
17641
16117.6
12048.7
10380.3
10572.5
11513.1
12584.6
14046.8
15520.7
16929.3
17967
18916.1
19328.7
19039.9
18114.2
17361.6
17474.8
18216.6
18624.2
19375
19528.9
19210.4
18089.8
17395.3
17288.6
16391.1
13919.5
10953.6
9491.3
9043.1
8987.2
8850.5
8564.4
8203
7950
8111.1
8713.9
9361.7
10230.3
11296.6
12485.8
13794.6
15017.9
16079.2
17125.4
17763.6
18075.8
17536.1
16674.4
16202.2
16225.2
16662.2
17251.6
17468
17633.3
17141.2
16355.1
15825.5
15486.5
14400.1
12414
9989.3
8258.7
7533.9
7237.7
7002.4
6708.8
6421.1
5984.6
5995.1
5987.4
6364
6839.5
7399.8
8037.8
8866.8
9707.5
10451
11204.9
11775.2
12160.3
12105.2
11980.5
11443.6
11241.2
11110.3
11358.2
11604.9
11765.1
11888.6
11522.4
11179.5
10752.5
10275.4
9450.6
8190.2
6975
5652.1
4895.7
4462
4120.3
3768.3
3512.7
3145.1
3007.7
2896.7
2835.6
2937.6
3037.2
3347.1
3543.8
3807.6
4258.7
4395.6
4676.7
4878.2
4986.3
4963.5
4923.4
4786.3
4647.3
4642.6
4642.4
4780.2
4671.5
4794.4
4627.8
4573
4376.7
4138.9
3800.1
3340.5
2877.4
2320.6
2024.8
1744.2
1413.9
1224.9
1064.7
919.2
791.2
660
535
539
390.1
365.1
360.3
284.6
318.6
313.9
386.7
378.7
300.9
290.4
262.3
260.5
286.5
293
298.9
349.5
217.5
267.3
276.3
385.7
292
307.8
336.9
388.1
382.9
296.7
490.5
406.2
334.5
348.7
407.2
349.1
519.2
395.4
473.7
418.9
466.6
635
655.1
717.8
614
553
645.3
643.7
659.4
621.7
691.3
696.8
849.2
755.3
773.2
825.8
863.4
982.2
982.9
1071
1108.6
1209.9
1280
1609.3
1683.8
1732.6
1931.4
2230.1
2391.1
2516.5
2703.6
3337.8
4918.6
5408
4581.3
2523.6
1253.4
1161.8
1132.3
1176
1451.5
1341.8
1467.6
1649
1811.6
2058.7
2340.5
2573.2
2930.5
3368.1
3721.9
4331.3
4779.7
5428.9
6091.3
6815.8
7674.5
8488
9524.4
10504.3
11540.9
12690.6
13879.7
15019.9
17696.2
22783.7
27859.4
28159.9
22398.3
13227.8
7069
4157
3449.9
3012.8
2803.6
2633.8
2507.2
2317.1
2236.4
2278.7
2240.4
2386.8
2324.1
2534
2416.4
2550.8
2671.8
2870
3041.3
3333.5
3568.8
3911.8
4257.5
4568.3
4937.3
5326.6
5678.2
6196.9
6536.4
6750.9
7075.6
7205.7
7495.1
7557.2
7695.4
7747.6
7767.4
7940.3
7987.2
8001.2
7930.1
7876.7
7933.4
7894.1
7638
7434.5
7247.5
7052.7
6799.5
6441.4
6164
5873.7
5687.7
5387.9
5181.6
4958.6
4768.9
4691.5
4669
4851.3
4863.6
5110.2
5477.6
5693.7
6160
6509.4
7169.7
7606.9
8195
8918.7
9650.2
10414.9
11198.3
12095.6
12795.1
13301.1
13733.7
14013.3
14223
14458.3
14657.8
14668.6
14560.3
14636
14666.5
14643.1
14474.8
14356.2
14374.6
14344.7
14114
13757.6
13378.7
13114.5
12754.2
12537.8
12091.8
11591.4
11292.3
11037.2
10678.5
10548
10326.7
10463
10544.8
10692.8
10704.5
10689.8
10727.8
10673.9
10601.1
10521.3
10487.6
10762
10806.8
11005.1
11404.8
11778.3
12372.9
13347.8
14080.9
15028
15964.5
16783.1
17632.3
18044.3
18878
19660.7
20227.5
20852.2
21246
21703.6
22420.3
22937.1
23161.1
23422.5
23872.9
24450.3
24844.6
25331.5
25671.2
25868.6
25855.2
25746.1
25061.3
24344.6
23101.1
21476.4
20043.7
18548.2
17070.2
15742.6
14421.5
12867.9
11696.1
10529.7
9687.1
9036.6
8781.2
8619.6
8768.9
9071.4
9416.1
9859.8
10346.9
11054.7
11839.7
12926.2
13645.6
14746.7
15792.1
16977.5
18034.4
19136.5
20402.3
21358.7
22458.9
23583.4
24678
25959.3
27129.1
28434.5
29335.5
30172.4
30820.1
30980.3
30607.7
30221.6
29736.5
28443.9
27188.1
26035.6
24823.1
23494.1
21949.3
20439
18758.4
17194.7
15683.8
14148.1
12829.3
11771.2
10811.1
10051.7
9370.6
8817.1
8292.2
7915.4
7601.7
7341.5
7156.6
7096
7170.1
7264.1
7445.4
7751
7980.1
8351.1
8770.3
9295.6
10031.2
10562.1
11189.6
11882
12632.6
13138.6
13717.6
14262.4
14608.7
15060.8
15376.8
15732.5
15879.8
16142.3
16380.4
16385.1
16524.6
16575.3
16608.4
16414.7
16316.5
16122.9
16009.7
15414.6
15105.2
14685
14246.5
14008.6
13697.4
13614
13555.1
13619
13660
13652.6
13494.2
13299.9
13107.5
12534.3
12213.5
11152.7
10528.1
9926.5
9385.8
8839.7
8216.6
7666.3
7172.7
6600.3
5943.5
5455.4
4966.6
4383.7
3786.3
3285
2963.4
2578.3
2440
2219.5
2174.3
2063.3
2133.2
2069.2
2182.8
2132.4
2243.7
2267
2399.1
2503.5
2674.4
2721.1
2855.4
3018.3
3036.1
3311.4
3491.9
3633
3760.5
3950.4
3973.6
3985.3
4018
4028.1
4007.7
3925.1
3838.1
3666.8
3666.7
3460.8
3257.9
3145.4
3032
2829.8
2858.5
2393.9
2214
2060
1982.8
1736.5
1576.7
1405.3
1325.4
1271.8
1250.8
1235.7
1254.6
1304.5
1254.8
1258.3
1327
1453.3
1540.9
1578.3
1689
1831.9
1956.9
2098.5
2270.6
2461.3
2714.5
2783.1
3134.7
3387.9
3632.7
3889.9
4039.7
4252.3
4296.6
4353.7
4536.9
4434.3
4374.3
4370.1
4303.6
4240.3
4144.7
4063.8
3762.8
3645.9
3559.9
3368.4
3005.4
2741.1
2563.6
2396
2204.6
1951.4
1743.2
1467.8
1435.5
1210.6
1219.8
1088.7
1095.8
1072.2
1049.1
1065.6
999
1105.2
1049.7
990.6
1026.5
1076.2
1103.9
1085.2
1222.8
1279.4
1256.3
1414.8
1449.2
1533
1642.7
1805
1930
2173.2
2498
2592.6
2734.8
2724.4
2720
2964.7
2905.1
2758.8
2784.3
2773.5
2824.3
2821.7
3107.6
2592.3
2492.5
2426.8
2333
2160.3
1947.9
1817
1635.2
1490.9
1393.4
1247.2
977.6
898.2
761
747.5
644.9
537.4
540.4
616.6
632.5
608
588.1
589.8
612.6
407
545.9
502.8
453.3
572.8
443.1
366.8
377.6
374.4
402.5
354.4
319.6
260.1
231.7
240.6
272.9
238.9
160.5
261.8
116.3
186.9
135.6
174.5
73.5
226.4
55.9
141.5
160.1
139.9
161
222.1
218.9
239
204.6
265.8
321.7
324.2
400.8
496.2
407.7
447.7
444.6
379.2
355.4
430.2
357.6
426.8
379.2
382.2
380.7
285
261.9
280.2
332
329.4
250.7
325.9
137.5
157.4
370
101.7
95.7
165.1
60.4
80.3
52.5
31.8
0
24.8
64.8
77.8
78.3
275.6
75.7
16.9
42
52.9
163.7
53.5
64.9
73.7
104.3
149.4
116.1
120.3
163.9
172.8
217.6
207.2
238.3
323.5
319.4
346.6
316.3
354.2
377.7
370.6
320.8
377.6
375.4
349.3
278.4
349
340.8
239.5
224.8
265
205.5
166.3
238.7
199.3
143.3
235.7
224.8
285.7
415.2
574.6
732.5
687.7
651.8
598.3
623
556.5
610.6
619
724.7
720.3
563.2
500.2
523
407.7
514.7
392.4
385.4
379
345.1
367.2
319.9
328.4
311.2
298.3
336.8
333.2
308.7
533.5
369.5
312.2
338.6
294.3
382.2
387.3
337.5
388.7
369.7
457.6
503.1
455.7
410.9
428.2
419.5
341.3
407.6
335.4
351.4
244.6
212.8
222.1
250.9
173.5