NaN
5060.3
3256.8
1708.8
1244.3
1402.3
1586.9
2035.6
2443.3
3049.7
3835.5
4926.7
6215.7
7843.3
9530.6
11872.4
14453.6
17108.7
18891.7
17725.1
12764.3
7284.8
3144.4
1863.6
1853.2
2197.6
2539.6
2998.5
3638.5
4585.1
5609
7057.4
9048.7
11052.6
13615
16644.6
20506.1
24986.3
29249.3
30898.3
26957.3
17804.1
9108
2733.1
1285.9
1103.5
1042.4
963.6
911
875.9
989.3
824.5
850.9
900.9
1137.6
1142.8
1345
1532.1
1825.7
2141.9
2466.3
2387.6
2191
1631.6
1240.5
966
991.6
1042.5
1235.1
1515.3
2008.7
2556.5
3158.7
3856.9
4684.4
5475.8
6051.3
5972.3
4719.7
3204.9
1933.7
1305.9
1255.2
1388.5
1682.7
1718.9
2080.9
2315.6
2680.4
3637.8
4621.3
5864.5
7276.8
8844.4
10610.4
12676.6
14055.3
14010.7
11325.6
7421.7
4141.7
1996
1665.8
1821.6
2077.5
2358
2644.4
3151.3
3729
4525.9
5430.1
6682.5
7968.5
9741.7
11877.8
14267.1
16939.9
20764.4
24903.5
27491.7
27133.2
22173
14808.8
7894.6
2925.5
1807.5
1705.7
1730.8
1908.4
2034.2
2400
2695.3
3256
3852.5
4601.6
5576.6
6635.7
8132
9660.6
11499.4
13724.6
16300.8
19291.8
23538.7
26945.1
28072
25533.7
19437.1
12113.9
5931.5
2503.1
2198.7
2188.2
2424.7
2617.8
2985.5
3428.1
4021.8
4804.2
5142
5065
4454.9
3368.8
2279.2
1537.4
1304.9
1360.3
1433
1548.2
1752
2052.5
2587
2997.8
3624.4
4321.9
4987.8
5676.9
6795.5
7803.8
8383.8
8174.3
6905.9
4996
3078.5
1586.8
1183.8
1141.3
1172.5
1232.1
1300.2
1395.5
1527.5
1593.9
1807.6
2129
2575.5
3310.3
4104
5004.1
5947.2
6850.8
7978.3
9675.6
11327.3
12265.4
11866.4
10236.7
7390.6
4396.8
2138.5
1379.3
1327.7
1401.6
1392
1479.7
1577.5
1590.5
1735
1988.7
2063.4
2276
2598.7
3006.2
3438.4
3988.4
4680.7
5449.7
6267.4
7322.6
8410.2
10056.2
11918.6
13272.3
13458.5
12193.5
9720.5
6357
3311.3
1295.9
853.9
787.4
703.5
769.8
749.4
841.2
820.8
1066.9
1125.3
1198.7
1272.2
1417.5
1588.3
1833.2
2007.6
2355.9
2664.7
3025.7
3542.6
4067.7
4640.4
5404
6268.1
7449.1
8719.6
9357.3
9309
8538.9
7170.2
5499.5
4038.9
3185.7
2696.7
2119
1609.8
1000.8
777.9
898.4
734.9
795.9
751.7
701
745.3
839.8
944.8
1069.5
1216.4
1421.2
1603.7
1883.3
2108.9
2395.5
2757.6
3318.7
3785.6
3922.5
3816.7
3474.9
2507.5
1677.6
832.9
489.8
394.3
345.1
349.2
370.9
413.4
440.8
456.4
555.2
574.8
576.1
853.5
672.6
710.9
864.4
1097.3
1472.7
1498.2
1841.7
2166
2410.3
2833.8
3268.9
3972.1
4617.6
4934.2
4723.4
4430.5
3399.2
2355.7
1374.2
883.2
824.5
824.7
815.4
782.4
727.5
663.1
657
551.8
618
591.3
633.7
670.3
728.3
736.8
863.2
951.5
1060.1
1179.9
1484
1462.5
1657.1
1933
2206.6
2529.7
2922
3332.9
3969.6
4498.7
4748.4
4603.5
4192.1
3495.3
2501.9
1492.9
761.6
486.9
511.1
441.8
501.1
501.9
569.7
507
517.4
589.4
647.1
634.2
652.8
779.5
761.3
825.9
833.9
914.1
1003.8
1140.9
1400.8
1501
1744.5
2043.4
2411.4
2561.4
2676.6
2650.2
2692.9
2572.5
2481.9
2568.5
2665.7
2687
2570.8
2377.6
2018.5
1593.9
1027.4
694.8
609.3
492.6
524.7
513.8
541
659.2
715.2
763.7
902.8
976.2
1132.9
1279.9
1372.7
1489.8
1699
2018.1
2216.3
2258.3
2077.9
1949.7
1562.2
1059.9
717.6
430
323.7
327.1
370.8
363.7
337
345.7
347.2
353.2
451.4
367.3
432.1
458.1
432.9
454
506.9
470.1
443
492.8
582.1
597.8
697.7
784.6
948.2
1060.3
1285.4
1360.8
1576.1
1735.9
1926.7
2270.4
2567.7
2671.1
2637.7
2554.9
2351.4
2003.3
1612
1281.4
1234
1131.1
1066.4
969.8
907.9
714.3
575.8
446
376.2
347
348.8
494.5
531.9
612.3
681
733
786.7
803.2
833.3
638.2
581.3
573.2
629.3
736.3
768.4
833.8
888.8
1000.7
1009
1182.5
1222.9
1305.4
1463.6
1555.1
1723.3
1905.5
1954.5
1928.3
1817.2
1669.8
1468.5
1165.9
797.3
607.7
474.7
391.4
420.6
427.3
418.5
385.5
438.4
384.1
439.6
450
483.1
491
564.3
671.7
750.4
778.8
792.9
759.5
733.8
662.7
591.9
572.6
386.6
298.1
314.5
332.8
308.1
343.1
363.9
505.8
452.7
453
526.8
519.6
564.3
581.8
672.2
725.7
777.8
880.9
865.2
853
884.4
848.2
792.7
762.4
739.7
694.4
668.6
694.6
774.9
781.9
857.6
928.7
989.4
1073.5
1039.3
958
944.8
854
743
696.5
531.7
464.2
424.3
411
468.7
366
347.3
398.5
362.6
354.3
313.5
423.1
326
334.6
334.9
336.9
359
438.2
473.7
640.3
515.8
545.7
550.9
585.4
643.8
673.7
713.3
710.5
818.9
824.2
848.8
946.4
949
1019.1
1229.1
1169.7
1281.2
1277.5
1481
1557.5
1631.4
1644.9
1703.2
1674.4
1656.6
1605.4
1555.1
1556.4
1334.1
1283.9
1215.4
1131.9
1018.3
912.3
752.8
713.3
650.9
615.5
592.3
568.4
467.9
431.3
517.5
490.9
469.7
385.4
395.9
362.6
388.5
439.6
497.5
583.2
394.6
361.6
392.6
309.3
327.9
367
338.6
349.5
345.2
367.3
388.6
338.4
381.7
384
395.6
352.7
326.4
482.9
419.1
368.5
406.1
507.7
485.4
484.7
600.4
572.5
510.7
509
484.7
421.8
438.2
552.9
500.3
583.6
681.4
740.2
845.4
926.6
1094
1117.7
1235.6
1396.5
1450.6
1496.2
1522.3
1631.6
1675.1
1731.3
1727.6
1782
1760.2
1749.9
1781.4
1774.8
1832.1
1915
1816.9
1796.3
1834.2
1890.8
1977.4
1948.5
1950
1985.5
1998.7
1955.2
1868.8
1837.8
1827.7
1744.6
1734.2
1723.9
1741.7
1752.9
1903.2
1836.8
1878.8
1866.2
1910.9
1907.6
1893.4
1881.1
1843.3
1804.3
1892
1846.3
1801.2
1778.4
1847.5
1786.9
1812.1
1720.2
1727.2
1719
1718.5
1658.1
1571.7
1531.3
1458.7
1321.2
1298.7
1240
1284.6
1311.4
1315.1
1444.3
1376.9
1398.8
1454.3
1531.6
1562.2
1525.7
1450.9
1431.9
1339.7
1320.3
1228.7
1212.1
1177.3
1129.2
1060
1036.7
1044.2
1003.5
1024.6
1084.5
1141.5
1123.7
1096.3
1116.1
1078.8
1047.3
1032.4
1036.2
1016.7
974.5
1039
953.4
990.8
961
964.2
924.9
1010.7
1034.2
1124.4
1141.1
1155.9
1113.9
1087.8
1037.3
1042
926
853.5
747
832.3
576.8
547
588.7
520.4
514.1
533.9
514.4
540.6
514.1
585.9
517
621.9
613.2
597.9
620.1
645.3
691.8
706.5
702.8
725.2
733
872.7
811.9
859.6
883.4
937.2
968.9
974.6
978.6
1060.5
1076.4
1071.7
1149
1178.2
1297.9
1451.7
1488.8
1651.7
1745.9
2000.4
2214.1
2498.4
2872.5
3412.7
3902.7
4332
4828.3
5062.1
5305.3
5351.6
5443.4
5496.6
5678
5697.9
5897.5
6040.2
5824.8
5576.9
5179.6
5011.4
4826
4725.4
4982.6
5353.7
5885.9
6455.4
7202.1
7523.1
7698.4
7883.8
7951.9
8005.3
8282.5
8166.9
8340.6
8433.5
8256.1
7931.2
7464.9
6681.8
6304.6
5960.6
5847.9
6011.6
6454
7009.1
7603.3
8227.8
8531.2
8871.4
8873.4
8880.9
8975.2
9119.1
9311.3
9374.2
9480.9
9445.4
9021
8328.4
7394.8
6803.5
6352.2
6061.9
6149.3
6565
7148.2
7804
8480.7
9036.6
9344.9
9393.5
9337.2
9314.7
9390.4
9613.5
9748.2
9918.8
9945.8
9742.3
9133.4
8142.5
7304.4
6439.5
5930.6
5760.5
5842.6
6157.2
6642.3
7097.3
7694.9
8296.6
8669.3
8735.2
8583.6
8480.4
8319.1
8435.5
8775.7
8812.8
8924.9
8886.9
8408.4
7612.5
6718.9
5861.9
5425.1
5034.9
5150.5
5479.6
5914.8
6321.1
6891.5
7488.9
8086.2
8326.1
8316
8106.1
7889.3
7775.5
8059.9
8411.9
8472.4
8540.6
8677.2
8297.2
7671.6
6553.5
5833.2
5268.8
4822.4
4904.5
5143.5
5380.6
5631.7
6103.1
6620.1
7224.6
7477.3
7659.1
7415.8
7075.3
6848.8
6747.8
7081.9
7289.5
7186.7
7206.6
6966.8
6581.9
6043.8
4691.8
4002.7
3352.3
3114.3
3028.4
2952.4
3043.8
3043.9
3173.7
3374.8
3603
4032.4
3893.8
3867.1
3589.8
3546.6
3481.3
3675.5
3934.7
4005.1
3907.2
4083.8
3742.2
3437.6
2742.3
2352.7
1963.5
1919.7
1962.7
2009.9
2074.1
2176.6
2276.9
2351.1
2616
2791.5
2849
2738.4
2635.4
2525.3
2439.7
2453.4
2480.3
2640.3
2481.7
2415.6
2412.3
2317.5
2008.3
1759.6
1532.6
1412.2
1481.6
1483.7
1438.8
1557.8
1720.8
1852.6
2078.5
2353.6
2630.3
2968.3
3123.1
3356.8
3355.4
3314
3124.1
3139.3
3234.4
3212.6
3422.3
3384.7
3264.5
3108.7
3064.8
2983.3
2770.8
2382.2
2070.3
2023.2
2108.3
2119.4
2158.1
2218.6
2415.3
2713.9
3052.7
3444.3
3909.3
4401.3
4884.4
5322.1
5609.8
5827.9
5522.7
5293.2
5127.7
5323.8
5480.9
5604.8
5789
5612.8
5271.5
5150.1
5189.9
4895.1
4087.9
3317.8
3096.9
3219.4
3262.8
3189.6
3205.3
3210.2
3631.9
3909.9
4422.8
5048.2
5667.2
6416.9
7180.1
7684.5
8167.8
8306.9
8070.9
7604.3
7268.1
7605
7960.8
8112.1
8449.2
8156.9
7695.4
7222.5
7573.1
7187.4
6133.3
4822
4373.4
4511.1
4610.7
4551.7
4358.7
4345.9
4576.1
5059.4
5490.2
6270.9
6961
7769.3
8756.5
9671.6
10307.8
10935.1
10940.5
10640.9
9975.2
9664
10206.2
10599.1
10839.2
11337.8
11023.7
10448.1
9816.4
10051.4
9728.4
8473.3
6392.9
5609
5796.4
6026.9
5932.8
5729.4
5786.3
5870.4
6366.3
7053.9
7746.1
8662.3
9788.5
10963.9
12117.6
13115.8
14006.4
14741.1
14656.6
14026.5
13235.1
12998.9
13674.1
14036.6
14645.5
14998.6
14685
14008.8
13031
13309.2
13103.1
11437
8792.5
7718
7833.4
8625.8
11138.1
15077.1
17099.3
16112.1
12237.8
10360.9
10516.2
11463.5
12435.4
14025.9
15492.6
16985.3
17995.4
19016.5
19627.2
19440.2
18491.7
17539.2
17539.1
18287.7
18777.2
19527.3
19824.3
19573.9
18607.7
17623
17505.7
16971.4
14723.7
11385.1
9660.1
9223.5
9139.5
9072.9
8793.1
8431.3
8079.9
8228.8
8721.4
9359.4
10245.1
11274
12555.6
13818.4
15066.4
16177.7
17208.6
18032.9
18316.4
17919.1
17042.9
16407.8
16351.1
16751
17324.2
17659.4
17898
17521
16617.6
15939.1
15763.3
14936.7
12970.9
10395.2
8470.8
7655.5
7319.8
7062.3
6874.8
6619.9
6128.7
6080.7
6105.4
6384.8
6835.8
7431.1
8096.2
8885.7
9752.6
10499.2
11299.6
11898.1
12271.3
12312.3
12275.8
11728.3
11445.7
11206.6
11402.4
11713.3
11967.3
12048.1
11748.4
11306.7
11001.1
10503.9
9860.7
8556.7
7227
5853.5
5045.1
4567.2
4222.9
3888.3
3629.9
3268.7
3087.7
2958.6
2908.6
2989.6
3114.7
3426.6
3617.5
3872.3
4267.5
4437.6
4726.2
4918.5
5084
5083
5013.9
4888
4718.4
4710.8
4706.4
4871
4760.9
4898
4786.8
4696.5
4465.3
4254.7
3984.5
3567.4
3037.9
2479.2
2109.3
1802.1
1497.3
1310
1156
1040.4
911
780
631.4
611.1
493.8
433.4
463.1
380.4
426
383
436.1
427.3
381
393.3
361.4
355.3
350.7
368.2
377.9
421.1
346.7
378.1
364
467.6
390.8
405.7
401.8
476
486.8
413
581.6
464.1
423.5
441.9
493.8
468.6
601.3
525.1
543.4
512.2
574.2
680.8
753.1
811.4
728.7
652.1
760.5
752.7
750.6
694.4
775.1
789.2
931.2
861.3
919.1
906.9
986.7
1091.3
1118.4
1150.5
1222.6
1333.5
1411.9
1701.2
1766.3
1870
2053.9
2345
2483.9
2659.4
2858.7
3414.5
5013.6
5707
4969.8
2915.8
1384.1
1275.5
1256.2
1267.4
1480.7
1442
1570.3
1700.3
1932.4
2119.2
2426.8
2651.5
2984.5
3475.5
3798.3
4356.5
4833.5
5503
6186.2
6977.1
7731.7
8617.2
9584.7
10595.3
11624.8
12776.1
13939
15080.4
17368.1
22378
27926.4
29100.3
23693.1
14073.5
7346.5
4394.3
3579.6
3155.8
2990.4
2773.7
2634.9
2429.2
2385.1
2410.6
2318
2470.2
2406
2572.4
2550.9
2705.8
2780.2
2979
3118
3376.8
3640.5
3948.5
4324.8
4622
4997.7
5377.9
5793.7
6214.1
6641.7
6876.8
7219
7323.3
7618
7710.3
7826.2
7880.6
7944.7
8088
8135.2
8173.5
8109.2
8090.4
8067.7
8068.3
7865.2
7628.3
7375.8
7266.3
6966.5
6597.8
6343
5977.3
5792.3
5550
5306.6
5084.9
4867.9
4815.2
4810.8
4978.2
4956.4
5176.8
5545.2
5772
6147.8
6617.9
7177.8
7713
8332.1
9019.9
9755.2
10510.6
11324.7
12145.8
12978.1
13528.8
13984.3
14295.2
14434.3
14760.6
14844.9
14832.5
14733.8
14690.6
14917.6
14832.4
14753.8
14585.5
14520.6
14557.2
14300.4
13949.5
13584.8
13282.9
13029.2
12810
12275.3
11778.5
11353.5
11140.3
10847.7
10624.3
10472.5
10624.4
10736.8
10866.3
10848.7
10928.6
10926
10875.7
10730.4
10629.8
10686.1
10774.7
10980
11124.1
11447.3
11877.8
12541.4
13407.1
14176.7
15107.8
16078.8
16895.4
17655.4
18306.1
19045.1
19768.4
20398.3
21021
21341.9
21863.4
22475.2
23121.6
23416.2
23530.1
23966.2
24593
24901
25528.2
25760.9
26104.8
26144.1
25837
25379.1
24647.3
23298.2
21796.1
20388.1
18750.6
17338.4
15772.3
14527.7
13002.9
11775.4
10625.7
9716.2
9030.5
8761.6
8655.4
8773.1
9076
9391.9
9851.8
10351.3
11034.5
11870.3
12819.6
13596.8
14645.6
15766.2
16932.6
17949.9
19168.2
20328.7
21285.3
22364.7
23602.8
24649.7
25680.1
27100.1
28374.2
29256.6
30239
30815.5
30965.5
30695.1
30361.6
29860.7
28522.5
27295.5
26119.5
24896.6
23492
22063.7
20489.8
18755.9
17267.2
15658.7
14118.7
12844.6
11802.2
10817.5
10152.5
9373.7
8861.5
8369.1
7863.3
7579.1
7401.7
7188.4
7148
7105.1
7253.8
7446.3
7805.3
7999.8
8350.6
8798.5
9413.1
10006.3
10600.8
11194.2
11863.9
12679.6
13206.3
13782.5
14332
14660.6
15082.2
15413
15838.4
15911.9
16164.5
16373
16471
16601.5
16654.4
16665.4
16500.9
16391.8
16201.3
15959.1
15538.5
15239.1
14817.4
14335.4
14086.3
13749
13741.6
13825.3
13971.7
14088.4
14096.4
14019.5
13892.7
13733.6
13226.1
12886.6
11834.8
11164.8
10615.4
9949.6
9400.7
8812.6
8218.7
7620
7030.1
6391.5
5820.2
5267.4
4660.4
4022.2
3538.7
3092.6
2703.5
2518
2315.7
2262.8
2182
2221.7
2151
2259.3
2234.2
2309.2
2352.3
2494
2579.7
2764.1
2766.9
2919.8
3065.6
3131.3
3348.9
3529.2
3747.3
3863.8
3985.9
4068.5
4084.1
4121.1
4129.6
4167.2
4025.8
3959.3
3800.1
3796
3547.6
3369.4
3225.1
3129.4
2903.7
2905.7
2479.7
2290
2114.7
2029.8
1795.4
1641.7
1459.5
1390.4
1350.7
1279.8
1307.5
1306.1
1321.7
1259.9
1311.7
1347.8
1493.3
1579.3
1628.3
1663.6
1859.9
1996
2131.3
2269.1
2494.6
2724.3
2836.6
3155.2
3402.1
3621.6
3894
4080.3
4286.1
4336.6
4412.7
4532
4447.8
4486.1
4378.4
4354
4261.1
4181.7
4083
3812.7
3669.3
3586.2
3384.4
3029.6
2806.5
2614.8
2382
2215.2
1998.8
1761.6
1526.5
1444
1247.8
1205.9
1137.6
1091.2
1107.4
1070.2
1073.8
1033.3
1089
1057.8
1023.8
1040.4
1081.1
1110.1
1087.9
1226.2
1290.4
1264.7
1416.6
1429
1568.9
1650.2
1785.2
1908.8
2145.6
2408.8
2542.9
2699.4
2716
2718.5
2948.6
2919.2
2783.3
2775.6
2758.5
2806.7
2813.3
3024.5
2543.9
2474
2407.2
2358
2136.4
1961.4
1806.2
1622.3
1463.8
1344
1267.3
1001
876.4
753.6
745.2
654.2
601.2
589.6
621.5
625.4
614.9
592.2
632.4
614.3
423.9
579.9
524.2
473.2
578
476.7
408.6
416.2
436.2
443.2
369.6
338.3
291.2
254.8
283
275
239.7
192
249.1
160.7
170.2
178
180.1
71.5
206.5
101.9
123.5
176.1
161.6
137
221.3
209.2
238.4
201.5
258.2
336.8
333.9
424.4
489.1
424
433.9
447
419.4
375.7
445.8
396.1
419.3
425.8
384.4
391.6
295.7
287.7
259.6
304.2
292.8
250.8
329.8
140.4
182
347.4
107.7
98.3
124.1
55.3
80.2
62.8
37.8
6.3
0
42.2
42.7
81.1
252.1
64.9
33.4
53.3
34.3
138
62.6
71.8
71.8
98.6
153.5
122.9
135.5
184.6
182.5
200.3
182.9
215.7
289.4
304.6
327.6
306.7
379.1
354.8
331.9
344
361
351.6
352.9
250.7
319.8
274.4
210.3
210.7
243.1
179.3
147
222.4
186.3
155.4
187.5
241.7
261.9
416.1
608.1
757.4
741.4
695.1
663.8
649.3
590.9
665.9
681.6
762.3
721.6
603.7
529.1
544
419.9
515.3
367.4
376.4
367.5
291
345.5
273.4
264.2
273.1
254.5
302.4
297.2
286.9
476.8
312.3
261.5
307
256.9
335.7
369.2
275.8
346
311.4
398.4
454.9
414.6
374.8
422.3
365.7
312.2
330
293.1
297
210.1
174.8
202.4
226.3
135.2