NaN
5420.8
3573.7
2004.8
1449.7
1534.7
1792.8
2244.4
2699.8
3320.9
4189.6
5351
6711.4
8500.4
10435.1
12819.3
15699.7
18666.1
20559.5
19361.8
13977.3
8252
3759
2110.5
2152
2448.7
2854.9
3355
4085.6
5077.9
6303.9
7861.7
10043
12278.8
15149.9
18587.4
22926.9
27980.9
32634.3
34105
29843.2
20038.9
10690.2
3459.3
1496.4
1286.8
1211.2
1101.9
1016.6
1021.8
1095.7
982.4
981.7
1029.7
1230.7
1245.3
1462.6
1657.6
1920.9
2257.2
2515.3
2485.1
2311.7
1703.4
1328.2
1041.5
1096.1
1087.6
1344.1
1619.7
2101.8
2701.4
3299
3974
4843.1
5670
6235.7
6092
4922.5
3369.3
2117.8
1450.6
1378.5
1538
1789.3
1854.3
2192.5
2482.8
2876.7
3819.8
4947.2
6292.6
7717.4
9417.9
11400.1
13536.4
14878.9
14614.4
11900.9
8041.3
4638.9
2254.2
1882
2007.5
2274
2608.4
2903.7
3454.4
4073.7
4899.7
5896
7236.5
8686.4
10643.7
12876.8
15417.3
18454.9
22748
27082.8
29694.7
28951.3
23952.6
16255.9
8975.3
3505.7
2027
1968.8
1984.2
2191.2
2323.4
2660.5
3068
3573.6
4266
5122.3
6186.3
7352.3
8964.5
10608.8
12677.8
15109.5
17964.6
21450.1
26106
29666.6
30643
27919.1
21473.3
13680.7
6946.1
2884.4
2386.4
2391.5
2578.6
2810.8
3104.1
3558.3
4154.7
4832.7
5233.6
5106.9
4523.1
3482.4
2514.6
1762.7
1471.7
1563.8
1627.1
1724.1
1944.1
2235.5
2730.8
3218.7
3830.1
4501.6
5048.2
5770.4
6888.4
7891.7
8453.1
8280.2
7060.3
5197
3292.4
1751.2
1297.7
1231.4
1283.1
1339.6
1424.8
1509.6
1655.5
1739
1956.9
2339.2
2790.2
3513.6
4368.7
5276.7
6240.8
7189.1
8398.3
10167
11764.4
12751.7
12380.6
10731.1
7881.3
4823.6
2410.7
1500.9
1439
1477.5
1455.9
1582.2
1692.3
1734.9
1836
2130.5
2234.7
2480.1
2807.8
3260.6
3707
4310.6
5050.1
5853.8
6726.8
7877.9
9046.6
10788.8
12735.4
14149
14319
13133.2
10601.6
7048.2
3840
1587.4
1007
920.2
874.8
857.5
863.7
939.1
972.9
1174.4
1253.3
1307.2
1400.6
1546.2
1767.6
2008.6
2197.9
2561.6
2915
3314
3864.4
4376.8
5095.8
5888.2
6850.2
8108.4
9421.4
10061.3
10076.3
9261.3
7756.8
5931.1
4279.4
3296.5
2804
2246.5
1746.6
1160.8
919.3
1003
881.2
916.7
894.2
905.4
934.6
1002
1108.8
1252.4
1406
1593.1
1738.5
1988.3
2242.9
2517.4
2868.5
3424.7
3904.5
3990.7
3861.5
3554
2689
1812.8
1011.6
593.6
496.8
455.6
437.7
496.6
526
527.8
580.4
643.7
682.7
723.7
959.8
791.7
861.2
1047.2
1237.3
1580.2
1677
1985.7
2292.5
2611.7
3021.2
3492.2
4205.4
4844.8
5152.3
4971.4
4688
3680.3
2642.8
1676.3
1136.3
1060.3
1082.5
1077
1044.9
932.8
888.4
843.6
757.6
760.4
743.1
798.1
850.7
884.9
931.3
1061.2
1110.3
1237.6
1361.8
1654.2
1693
1893.7
2207.6
2470.5
2835.4
3208.7
3750
4335.7
4917.2
5140.3
4947
4524.8
3786.9
2776.1
1733.3
939
639.8
643.7
577.6
583.9
620.6
656.9
640.8
626.9
709.8
740.1
757.1
756.1
861.7
878.5
939.1
987.3
1075.7
1172
1288
1508.5
1631.1
1878.5
2143.3
2530
2691
2794.9
2862.9
2902.5
2860.1
2790.3
2862.3
2973.1
3007
2916.9
2683.8
2339.4
1846.8
1272.8
889
750.9
683.5
686.6
661.5
718.1
795.8
848.1
903.3
1008.2
1106.1
1242.9
1376.6
1540.8
1668.8
1858.4
2128.7
2303.4
2331.5
2200.4
2027.5
1716.6
1254.4
873.3
591.1
476.6
474.6
528
505.8
490.2
488
530.2
527.6
612.4
530
560.5
603.7
633.6
649.3
712.6
666.7
639.9
661.1
774.3
762
902
985.9
1162.2
1270.3
1489.7
1594.6
1817.2
1966
2211.6
2625.4
2846.8
2979.4
2895.9
2836.9
2722
2421.2
2055.9
1739.9
1718.4
1612.7
1495.8
1417.1
1277.5
1046.4
845.2
705.7
537.6
522.8
544.1
719.1
795.8
877.4
972.2
1005.8
1092.1
1059.9
1055.2
846.3
801.6
774.3
808
929.8
977.9
1041.1
1111
1212.8
1234.1
1373.8
1444.6
1506.2
1696.6
1791.5
1945.4
2080.3
2184.5
2128.6
1964.9
1858.5
1637.2
1348
967.3
734.5
621.7
559.4
555.6
551.1
533.4
536.7
603.4
524
555.4
584.3
643.8
630.7
688.2
800.3
883.6
898
945.6
905.4
873.4
818.1
719.8
709.9
553.5
486.7
460.5
505.4
481.4
484.7
519.1
673.6
601.1
599.1
691.8
677.5
702.5
754.5
824.5
853.4
891.3
1036
1016.8
1044.5
1042.6
1032.9
990.2
930.9
913.8
856.1
811.9
823.6
904.9
932.6
1029.8
1087.2
1185.2
1221
1211
1143.1
1063.2
1032.9
914.8
862.1
720.4
656.2
632.4
595.5
626.7
571.5
510.5
537.5
530
515.6
472.6
560.3
453.2
469.9
456.6
446.4
518
553.1
609
739.9
640.5
706.5
690.1
760.4
798.5
842.1
906.5
892.3
936.8
1016.6
1044.5
1113.5
1156.9
1194.5
1396.6
1347.5
1426.7
1502.4
1657.3
1743.5
1834.4
1898.5
1925.8
1978.1
1959.4
1956.9
1930.4
1861.2
1689.1
1639
1528.9
1390.7
1252.4
1075.5
913.3
833.6
743.3
714.2
686
665
566
551.8
593.2
572.2
572.5
471.7
502.3
499.9
503.9
547.6
625.4
656
521.1
468.6
548.8
486.4
517
510
488.6
492.3
491.8
510.7
506.8
494.2
468.2
488.4
495.1
461.9
472.5
573.6
534.6
469.5
531.7
645.9
619.9
620
743.2
696.7
649.4
660.2
632.2
556.3
556.4
699.1
649.1
715.2
820.3
896.2
1020.3
1088.5
1228.1
1271.3
1384.5
1548.6
1566.7
1660.3
1689.8
1786.3
1852.9
1857.6
1852.2
1895.6
1894.9
1871.7
1892.8
1887.9
1979.2
2021.6
1918.6
1952.7
1932.1
1962.6
2062.3
2042.6
2055.8
2054.1
2080.4
2017.6
1966.4
1949.6
1929.4
1867.8
1855.5
1840.3
1867.9
1862.9
1986.6
1948.4
1978.3
1984.4
1995.3
1996.7
1977.9
1978.2
1938.6
1941.1
2031.2
1932.4
1909.6
1904.4
1927.7
1859.8
1892.4
1805.6
1819.9
1814.9
1787.7
1732.8
1677.9
1613.3
1522.8
1428.4
1382.5
1341
1331.3
1401.3
1390.9
1496
1483
1501.8
1507.7
1576.2
1617.3
1610.2
1532
1529.5
1437.1
1386.7
1302.1
1298.1
1289.2
1249.6
1187.2
1178.5
1179.8
1142
1163.9
1238.4
1294.7
1297.1
1260.5
1295.7
1263.5
1223.2
1228.5
1219.1
1198.4
1162.2
1212.7
1129.9
1170.2
1169.2
1193.1
1178.9
1239.3
1276.1
1397.4
1387
1419.2
1426.4
1402.9
1367.4
1338.3
1209
1091
959.1
987
690.8
695.8
709.3
653.4
679.9
652
668.9
686.2
680.1
755.1
665.8
781.1
761.7
747.3
790
811.9
867.6
872.7
866.5
904
955.2
1085.4
1045
1115.7
1114.7
1171.6
1154.1
1198.1
1230.1
1254.7
1304.1
1280.8
1332.2
1336.2
1494.8
1637.9
1688.7
1804.6
1903.1
2100.1
2353.6
2643.2
3015.5
3484.9
3994.4
4409.1
4833.9
5087.2
5318.4
5377
5434.1
5558.2
5728.4
5721.7
5865.5
6010.9
5843.8
5607.5
5223.3
5069
4880.2
4835.4
5066.2
5443.7
5964.8
6529.3
7182.8
7576.6
7766.6
7922
7974.5
8111.7
8273.5
8222.4
8376.6
8430.2
8247.1
7906.1
7433.7
6702.8
6405.2
5981.6
5929.9
6071.3
6535
7072.7
7645
8275.5
8589.5
8860.2
8858.9
8890
8910.7
9132.9
9294.1
9401.5
9502.1
9419.5
8979.1
8271.9
7436.5
6826.3
6432.5
6141.7
6242.5
6660.7
7207.4
7837
8571.5
9102.3
9308
9433
9427.4
9486.3
9447.5
9725.8
9820.1
9891.4
10008.6
9764
9137
8215.8
7375.8
6569.2
6014
5902.2
5967.6
6298.8
6764.1
7225.1
7862
8464.5
8779.2
8857.3
8715.9
8650.3
8506.7
8604
8930.2
8915.3
9079
9000.5
8551.2
7726.4
6784.2
6023.8
5517.4
5214
5240.8
5589.2
5985.5
6495.3
7073.4
7745.8
8221.9
8545.3
8529
8343.7
8130.4
8086.1
8359.3
8642.8
8772
8894.3
8943.5
8519.2
7899.1
6707.4
5952.6
5475.8
5104.4
5157.2
5422.1
5685.9
6000.6
6449.3
7025
7630.9
7918.6
8073.2
7812.7
7471.7
7250
7173.6
7550.7
7717.2
7659.1
7654.6
7399.8
7008.1
6392.6
5080.3
4360.4
3737
3422.5
3289.7
3188.8
3209.6
3235.9
3392.7
3592.9
3867.2
4203.8
4159.7
4102.8
3854.5
3738
3702.8
3931.7
4182.9
4249
4184.8
4257.8
3956.5
3627.5
2923.2
2527.2
2184.5
2091
2125.7
2177.4
2217.5
2291.9
2428.9
2510.7
2717.2
2873.2
2943.9
2801.7
2731.8
2631.8
2579.5
2565.6
2537.3
2707.7
2570.7
2552.5
2547.8
2413.9
2111.4
1811.2
1596.1
1512.9
1544.5
1522.8
1547.7
1653.6
1767.3
1921.7
2086.4
2388.1
2704.8
2988.9
3164.2
3393
3419.5
3280.6
3173.9
3173.2
3289.1
3250.8
3408.7
3410
3297.8
3181.3
3130.5
3056.9
2772.6
2377.5
2133.3
2072
2197.6
2205
2240.3
2310.3
2491.3
2790
3137.8
3541.2
4015.7
4501.1
4949.5
5417.5
5652.9
5802.7
5604.4
5298.6
5165.9
5355.5
5526.3
5663.2
5787.4
5576.8
5292.7
5200.5
5192.5
4864.5
4038.5
3337.5
3104.7
3240.3
3310.7
3231.5
3238.3
3289.2
3666.8
3973.4
4508.1
5046.7
5727.2
6473.9
7213.3
7687.3
8133.5
8358.1
8010.5
7555.1
7356.3
7675
7921.4
8185.2
8483.2
8142.4
7698.8
7289.6
7623.4
7166.3
6110.5
4772.5
4441.5
4608.1
4724.4
4604.2
4459.8
4443.3
4661.6
5233.8
5665.6
6426.8
7126.6
8012.3
8939.9
9877.3
10452.8
11106
11036.6
10675
10069.6
9812.1
10331.5
10758.9
11019.6
11497.6
11146.9
10524.5
9918.7
10263.1
9853.8
8447.8
6505.3
5791.2
5984.2
6129.3
6076.5
5865.5
5938.5
6030.3
6609.5
7247.6
8035.8
9000.9
10064.3
11332.9
12514.3
13501.3
14408.6
15063.1
15026.5
14322.2
13482.1
13393.9
14093.2
14427
14979.4
15439
14956.1
14331.1
13347.2
13700.6
13493.8
11598.9
8993.3
7980.8
8204.3
9233.7
12765.8
18219.4
20522.9
19146.6
13615.4
11066.4
11134.6
12017
13004.8
14552.7
16235.7
17707
18744.5
19716.1
20360.8
20086.7
19013.5
18127.7
18184.9
18997.8
19482.4
20325.2
20616
20222.1
19170.2
18181.6
18256.4
17500.5
15061.8
11621.6
9874
9496.7
9462.5
9333.4
9058.2
8712.6
8348
8510.8
9019.8
9710.3
10653
11753.9
12992.5
14374.5
15759.4
16836.9
17842.8
18696
19005.5
18388.1
17570.2
16926.6
16881.3
17395.7
17937.7
18320
18513.7
18112.9
17144
16496.6
16284.8
15334.1
13285.4
10562.3
8680.2
7870.7
7568.3
7416
7077.3
6839.2
6376.8
6278.3
6326.6
6635.5
7124.8
7762.9
8394.3
9273.1
10176.2
10944.8
11767.2
12371.5
12758.1
12765.9
12700.6
12116.1
11779.1
11679.5
11861.8
12168.4
12366
12474.5
12261.2
11735.6
11325.2
10893.5
10213.3
8829.9
7388.2
5979.3
5150.5
4738.5
4392.3
4060.1
3793.9
3436.1
3202.3
3139.4
3096.2
3142.3
3297.7
3636.5
3797.1
4082.5
4508.6
4732.2
5017.9
5206.5
5385.9
5413.5
5307.5
5114.2
4976.8
4988.7
4961.2
5088.6
4992.8
5194.4
4968
4874.9
4722.3
4491.8
4181.9
3722.3
3200.2
2578.6
2209.9
1939.1
1629.6
1449.9
1279.9
1125.6
988.4
862.7
681.9
700
592.6
546.4
538.3
459.4
507
449.9
534.5
526.2
481.2
476.6
448.8
453.9
456.4
450.3
467.6
494.2
427.6
472.8
466.9
571.2
489.3
516
551.7
549.7
593.9
522.6
686.2
593.4
533.5
541.6
589.7
533.7
656
625.7
639.4
606.5
693.9
835
874.7
916.4
825.9
775.6
836.7
818.9
865.9
818.4
873.9
904.9
1025.5
976.3
985.7
1039.4
1113.7
1223.2
1217
1293.6
1346.5
1505.3
1630.6
1904.2
1976.2
2086.9
2300.3
2556.1
2746.1
2927
3127.9
3803.9
5634
6064.4
5198.9
3005.8
1494.4
1391.1
1354.8
1412.7
1621.8
1597.1
1720.1
1899.7
2132
2346.7
2649.3
2915.7
3271.7
3774.7
4172.2
4771.9
5293.8
5969.6
6706.8
7556.9
8448.4
9365.2
10431.6
11542.4
12737
13962.7
15234.1
16590.7
19211
24988.3
31016.1
31562.8
24947.4
14360.5
7366.2
4407.8
3710.9
3313.6
3079.5
2894.8
2715.5
2568.5
2450.6
2536.6
2449.9
2576
2511
2730.5
2658.3
2770.9
2899.5
3108.6
3283.2
3560.2
3835.7
4186.2
4475
4864
5212.2
5658.4
6073.9
6502.1
6868.3
7187.4
7504
7648.3
7996.8
7961.4
8179
8182.2
8270.5
8367.3
8417.2
8427.3
8388.7
8387.9
8426.5
8337.2
8103
7865.3
7673.8
7491
7162.9
6844.5
6527.3
6204.7
5974.5
5730
5464
5250.6
5055.5
4973.4
4934.1
5140.5
5142.2
5374
5742.6
6008.7
6363.2
6822.9
7452.5
8017.2
8625.2
9369.4
10090.8
10860.1
11668.1
12632.4
13426.4
14027.3
14428.3
14766.5
14884.9
15164
15284.1
15281.2
15196.4
15162.7
15277.9
15239.5
15165
14995.7
15029.8
15004.2
14718.9
14400.7
13953.4
13712.9
13359.5
13099.6
12582.7
12107
11705.3
11535.1
11120.8
10923.9
10698.6
10940.7
11044.8
11203.4
11175.1
11214.3
11254.7
11182
11045.5
10922
10919.8
11088.1
11202.6
11389.6
11747.6
12249
12867
13943.1
14703.5
15671.2
16599.8
17473.2
18318.9
19012.1
19708.3
20439.2
21050.4
21708.5
22107.3
22671.9
23371.2
23880.5
24124.2
24442.4
24834
25497.8
25820.3
26508.2
26813.8
27081.3
27179.7
27054.8
26339.1
25535.3
24168.7
22598.5
21086.3
19396.7
17776.1
16260.8
14865.3
13286.3
11974.1
10859.8
9885.5
9296
9054.3
8884.6
9092.1
9392.8
9782.4
10312.6
10844.3
11512.8
12406
13441.2
14269.3
15421.4
16565
17743.2
18905.8
20104.7
21377.2
22430.2
23542.1
24808.5
25966.6
27165.7
28500.1
29847.7
30931.3
31891.5
32441.4
32670.3
32264.3
31791.4
31222.4
29958.1
28561.1
27307.8
25888.8
24483.9
22894.6
21175.3
19383.2
17702
16129.2
14471.9
13186.4
12126.2
11185.2
10381.3
9646.6
9086
8577.7
8114.8
7840.4
7606.6
7443.7
7383.4
7407.5
7570.4
7769.3
8029.4
8397.8
8695.9
9154.3
9765.8
10471.5
11100.9
11687.8
12419.6
13166.9
13832.9
14351.4
14902.6
15280.4
15792.2
16069.4
16409.5
16549.5
16823.8
17055.5
17139.1
17262.5
17326.7
17302.6
17063.8
17009.5
16748.8
16578
16125.2
15716.6
15257.1
14700.6
14473.9
14067.2
13814.7
13698.1
13645.8
13515
13357.3
13215.5
12856.4
12578.2
11979.4
11595.7
10604.4
10003.9
9401.7
8910
8264.6
7703.8
7160.7
6600.8
6022.1
5561.4
5071.5
4591.7
4081.9
3561.4
3189.4
2877.7
2561.6
2408.9
2270.6
2233.1
2109.5
2212.7
2185
2238.9
2256.8
2339.4
2427.9
2518.5
2645.1
2767
2846.5
2966.7
3177.9
3225
3467.3
3656.1
3857.7
3990
4148.6
4141.9
4258.7
4272.3
4292.2
4250.9
4160.9
4040.6
3923.1
3833.6
3649.6
3468.5
3321.3
3198.7
2977.4
2956.2
2498.1
2331.3
2182.6
2091.2
1873.7
1622.9
1514.9
1471.4
1406.7
1377.1
1345.9
1375.4
1379.6
1345.2
1422.4
1469.5
1586.2
1690.4
1746.3
1813.1
1987.1
2138.7
2289.4
2447.3
2623.2
2921.5
3079.8
3369.3
3651.5
3911.7
4177.4
4353.6
4550.5
4551.1
4641.3
4817.5
4705.8
4699.7
4654.8
4586.2
4503
4415.1
4264.3
4031.6
3831.9
3767.6
3540.3
3156.9
2903.7
2706.5
2508.6
2271.5
2058.1
1812.9
1566
1512.3
1329.9
1275.2
1215.7
1178.6
1150.5
1117.2
1150.1
1102.1
1135.3
1110.8
1108
1103.5
1145.7
1201.8
1176.7
1306.4
1372.5
1392.4
1543.6
1559.1
1733.3
1815.8
1957.2
2080.2
2346.8
2649.1
2792.5
2945.7
2939.5
2987
3194.5
3165.3
3003.3
2965.8
3012.7
2998
3012.8
3206.5
2762.3
2657.7
2622.2
2510.6
2244.9
2066.8
1892.9
1703.1
1575.6
1420.5
1254.9
1043.1
922.2
788.1
751
666.2
597.1
604.1
654.4
652.3
610
591.2
614.9
624.5
453.1
567.7
543.6
498.2
570.9
480.6
443.8
451
423.6
402.7
377.3
348.8
298.7
246
255.6
262.7
244.6
169
245.9
120
179.8
145.1
172.9
90
185.7
121.9
163.6
178.8
171.6
160.3
259.4
218.7
276.1
228.4
260
355.1
339.4
405.2
478.6
449.4
422.8
465.2
432.4
380.4
437.1
372.8
412.4
406.6
377
379.7
277.1
267.5
283.8
286.5
292
239.4
309.1
127
166.8
296
73.1
117.4
128.4
34.2
63.4
59.8
33.7
0
9
48.5
59.4
84.3
224.7
81.5
24.3
41.6
49.7
121.6
54.6
62.6
93
74.3
148.7
107.4
111.6
142.7
165.4
213.8
191.9
206.8
296
277.2
337
312.1
350.2
373.3
349.4
331.7
363.4
339.9
310.2
258.9
298.8
276.9
225.1
198.4
201.1
169.8
123.4
197.4
147
91.8
141
157.9
225
331.5
455.4
598.1
567.7
544.7
479.5
502.5
477.3
524.1
506.7
576.5
546.8
444.6
377.8
402.3
321.6
415.1
309.8
340.8
311.2
257.1
305.2
250.9
262.3
264.9
246.6
279.3
281.2
278.4
443.4
300.2
277.2
285.8
251.1
300.9
336.7
266.9
336
308.5
384.3
416.8
387.1
364.9
383.8
353.7
278.6
322.7
272.7
258.6
209.9
168.2
169.5
177
104.2