7075
5402.5
3533
1919.6
1388.3
1606
1889.6
2266.3
2803.7
3510.7
4509.6
5738.9
7073.9
8838.6
10891.1
13460.7
16596.3
19573.6
21160.8
19201
13467.8
7574.3
3158.6
2106.3
2199.5
2403.2
2808.6
3415.8
4160.4
5121.2
6542.5
8012.7
10041.7
12498.2
15433
18830.2
23343.8
28170.8
32647.3
33792.1
28502.1
18662.9
9381
2771.3
1534.6
1280.5
1158
1097
1165.3
1007.7
949.2
972
1135.1
1097.1
1260.1
1444.5
1590.3
1893.7
2254.2
2457.6
2812.1
2792.3
2535.1
1896.8
1418.1
1060.2
1133.7
1255.9
1477.5
1861
2332.2
3016.7
3761.6
4599.9
5517.4
6343.9
6969.3
6645.2
5248
3571.4
2109.7
1471.1
1648
1661.5
1957.3
2098.9
2187.8
2636.9
3189.1
4131.8
5419.3
6998.5
8307.7
10072.6
12405.6
14615.9
16140.9
15539.5
12192.4
8082.6
4288.5
2142.5
1980.7
2132.9
2295.4
2637
3036
3615.1
4241.5
5183.8
6143.8
7477.8
9183
11158.6
13421.9
16175.5
19311.5
23802.4
28131.3
30569.1
29869.9
23866.1
15609.2
8246.7
3065.9
1967
1993.5
1975.5
2196.1
2356.9
2710.3
3126.4
3695.5
4436.9
5143.6
6272.2
7482.5
8945.3
10764.3
13028.7
15416
17971.8
21504.3
26385.8
29624.1
30832.4
27663.2
20575.4
12704.4
6217.4
2816.9
2512.8
2582
2786.3
3078
3525.8
4084.4
4743.3
5424.6
5839.1
5769.9
4996.6
3804.3
2615.9
1808.4
1537.2
1579.5
1665.1
1818
2146.9
2372.2
2850.2
3491.9
4206.2
4949.8
5669
6469
7780.8
8938.1
9443.1
9244.6
7739.3
5480.4
3346
1729
1316.6
1282.6
1356.9
1372.8
1521.7
1559.8
1691.8
1857.7
2067.2
2469.4
3011
3713.8
4732.9
5649.4
6738.4
7869.3
9126.5
11008
12663
13779.7
13385.6
11246.7
7911.2
4706.4
2298.5
1557.2
1455.1
1527.9
1566.8
1606.8
1698.4
1927.6
1921.9
2048
2275.1
2589.4
2926.6
3312.6
3884.3
4466.6
5209.7
6104
7063
8199.5
9369.9
11172.4
13329.4
14707.8
14926.5
13466.6
10441.2
6781.9
3543.1
1474.8
965.3
928.4
853.7
875.9
839.2
1049.5
1089.7
1137.4
1157.7
1280.9
1451
1598
1754.7
2038.8
2274.1
2579.3
2985.5
3366.4
3906.8
4522.8
5212.7
6013.8
7008.4
8380.5
9769.9
10331.2
10351
9375
7795.4
6143.4
4547.8
3599.4
3180.6
2413.9
1771.8
1315.2
890.5
895.8
856.1
811.5
818.3
842.9
939.1
1014
1098.8
1248
1422.5
1638
1899.5
2185.7
2462.8
2808.8
3218.2
3739
4255.2
4558.9
4277
3888.8
2833.2
1877.8
995.9
548.4
449.1
444.6
487.8
474.9
518.7
570.5
609.9
624.6
925.7
693.4
737.8
789.9
906.9
1199.4
1173.4
1501.1
1846.8
2086.2
2455.5
2752.8
3133.3
3769.8
4575.3
5225.1
5645.2
5370.8
4744.7
3740.1
2546.2
1500.1
1014.6
962.9
977.2
919.6
902.5
887.6
758.7
737
683.2
676.6
714
745.6
754.7
856.1
917.1
961
1094.2
1353.1
1330.8
1513.3
1706.4
1945.8
2215.1
2526.5
2862.3
3308.2
3739.2
4458.4
5064.7
5363.3
5144
4649.9
3875.8
2708.4
1600.5
910.5
589.7
570.1
552.5
644
596.8
606.5
646.5
713.4
664.6
717.7
814.9
815.1
857.7
854.3
924.5
985.3
1080.4
1308.6
1343.9
1535.6
1727
2050.9
2363.1
2659.6
2924.2
3123.9
3098.7
3023.2
2925.1
2774.6
2821.9
2971.6
3003.9
2865.9
2691.4
2284.6
1733.2
1244.8
765.7
625.5
576.6
597.8
690.6
701.8
715.5
830.4
892.7
1046.2
1196.7
1313
1443
1536.9
1787.7
2019.7
2380.3
2535.4
2578.4
2394.3
2192.7
1791.6
1261.7
796.9
507.4
463.3
474.1
422
414.5
443.4
435.5
557.1
435.3
476.1
522.6
517.6
523.1
614.5
561.8
530.3
549.7
663.6
602.9
637.6
698.8
847.4
958.6
1203
1306.4
1459.8
1559.2
1738.5
1927.9
2278.8
2655.9
2859
3008.9
3006.1
2875.6
2639.1
2199.8
1868.4
1502
1308.8
1320
1277.9
1127.2
1020.3
875.2
657.2
559.4
457.4
485.8
461.7
515.7
726
834.8
880.9
961.9
1111.2
984.8
869.2
771.5
684
763.3
796.4
862.4
905.3
1003.8
1005.9
1185.5
1255
1289.3
1470.6
1553.8
1637.5
1778.5
1977.2
2163.3
2282
2205.7
2091.2
1894.9
1619.3
1287.7
960
674.7
548.3
558.4
513.4
490.8
521.9
491
529
518.8
547.7
554
606.4
683.5
749
749.4
852.9
951.1
979.1
940.3
898.4
914.1
739.5
601
514
428
390.7
362.7
415.1
526.8
476.6
487.9
565.3
602.8
618.6
629.4
715.4
790
769.4
903.1
895.7
973.2
1046.9
1049.4
976.4
1001.8
977.3
992.7
860.9
766.5
816.7
808.5
895.9
950
1026.5
1118.8
1216.7
1201.5
1180.6
1147.2
1126.8
1089.1
911.7
780.2
667.2
609.5
624.4
505.7
479.3
540.1
501.9
469
417.6
541.4
433.6
444.5
422.2
418.9
446.9
485.6
499.2
664.9
568.3
603.5
605.1
659.4
718.5
805
807.4
779.1
869.4
923.1
950.2
1041.1
1019.1
1063.7
1246
1235.7
1300.2
1326.9
1518.2
1551
1662.1
1789
1910.5
1981.3
1920.6
1937.3
1911.2
1901.1
1786.4
1697
1596.2
1480.9
1399.7
1295.3
1155.6
1073.5
948.1
893.4
822.3
770.3
716.3
668.4
719.2
650.8
570.5
492.8
464
467.6
486.5
541.3
640.1
659.8
530.3
495.1
527.3
477.9
445.1
468
468.4
454.8
445
475.8
488.5
432.9
479.5
495.5
489.3
479.8
455
553.5
500.5
445.7
428.9
527.7
508.8
529
688.3
737.4
670.2
660.5
655.3
627.5
577.2
629
538.7
554.5
665.3
725.6
796.6
889.3
1073.9
1114.8
1243.9
1382.1
1500.8
1603.6
1662.1
1704.7
1846.6
1902.8
1922
1968.6
2004.3
2074.5
2054.9
2031.9
2054.6
2161.9
2099.1
2072.3
2041.9
2073.4
2123.3
2153.6
2218.4
2219.2
2277
2268.5
2259.4
2232.9
2173.4
2098.3
2042.7
2029.4
2045.1
1974.9
2097.3
2071.2
2078.7
2100
2106
2151.7
2179.8
2200.9
2188.2
2119.3
2176.8
2119.7
2100.8
2045.1
2105
2030.5
2085.1
2039.7
2050.4
2047.2
1998.4
1993
1951.7
1966.3
1869.8
1716.1
1662.6
1565.6
1534
1516.5
1431.5
1546.7
1467.3
1528.9
1603.9
1661.3
1718.3
1747.7
1737.2
1738.1
1647.7
1632.1
1555.9
1481.2
1447.3
1384.9
1333.4
1253.2
1231.9
1170
1156.3
1210.7
1268.7
1282.9
1264.6
1324
1297.2
1252.2
1233.6
1221.4
1217.5
1155.4
1252.4
1159.7
1204
1141.5
1098.8
1050.2
1092.8
1111.9
1226.6
1243.6
1289.5
1277.4
1266.5
1276.6
1293.1
1234.1
1166.7
1117.4
1133.8
843.4
780.3
772.6
651.8
657.8
621.6
607.5
646.9
632.6
664.5
581.3
675.4
687.6
675.2
700.8
687.9
747.9
778.1
805.8
805.1
835.5
938.7
871.5
961.1
953
1018.2
1017.7
1063
1074.9
1133.7
1189.2
1181.6
1245.6
1253
1316.7
1420.9
1475.4
1626.3
1720.1
1830.1
2069.5
2269.4
2540
2897.5
3341.2
3772
4396.5
4958.3
5560
5800.6
5966.7
6082.8
6152.6
6285.9
6413.1
6479
6656.5
6843.9
6557.8
6289.8
5861.6
5585.7
5524.6
5370.7
5558.7
6002.2
6667.4
7344.8
7993.6
8519.3
8740.8
8875.7
9073.4
9010.6
9204.4
9184.8
9267.5
9515.2
9578.8
8906.6
8246.2
7438.3
7016.9
6647.5
6525.6
6690.1
7227.6
7847.6
8391.5
9225.3
9623
9913.1
9989
9936.1
10047.3
10200.4
10368.7
10389.4
10646.9
10581.2
10102.8
9203.1
8259.4
7523.1
7072.9
6703.1
6878.3
7419
8020.9
8588.2
9339.2
9997.3
10388.6
10554.2
10493.3
10358.7
10370.6
10722.4
10781.4
10851.5
11044.1
10787.3
10279.4
9017.8
7925.2
7224.1
6572.6
6301.9
6502.6
6833.7
7329
7918.9
8602.6
9300.2
9614.4
9816
9434.4
9253.7
9312.6
9383.5
9733.7
9765.3
9899.9
9710.3
9334.7
8516.3
7390.5
6505.7
5902
5528.5
5774.5
6028.7
6488.7
6994.5
7518.9
8295.4
8877.5
9253.4
9304.2
8963.1
8748
8665.3
8859.6
9260.7
9426.6
9541.4
9490.4
9123.6
8471.6
7258
6292.5
5628.6
5348.4
5468.3
5699
5947.8
6368.4
6791.1
7262.2
8066.7
8319.2
8414.8
8082.6
7678.9
7545.5
7484.5
7868.1
8083.2
7981.3
7938
7940.4
7377.6
6439.3
5225.4
4374
3674.8
3416.6
3467.4
3383.1
3344.3
3388.4
3538.9
3928.9
4047.8
4302.9
4387.7
4255.5
4023.3
3921.2
3949.7
4204
4376.3
4614.8
4391.1
4288.7
4160.8
3873.4
3072.7
2595.8
2234.4
2189.5
2232.3
2349.4
2409.2
2390.8
2508.2
2730.6
2963.8
3083.5
3220.6
3122.9
2898
2772.1
2670.7
2856.9
2829.9
2893.4
2832.4
2792.9
2693
2657
2331
1949
1768.7
1660
1618.9
1655.9
1767.8
1811
1928.2
2131.1
2409.2
2720.5
2982.9
3351.5
3585.8
3798.7
3830.4
3736.3
3631.9
3533.2
3661
3670
3807.7
3880.2
3728.3
3505.6
3555.3
3485.2
3126.8
2611.7
2315.7
2346.3
2412.4
2442.5
2390.4
2540.5
2740.1
3062.8
3470.3
3928.1
4377.4
4913.8
5562.9
6029.5
6297.5
6452.6
6232.7
5929.9
5761.1
5936.9
6104.8
6312.6
6524.3
6301.7
5930.3
5725.8
5826.9
5456.9
4529.8
3675
3462.2
3601.4
3683.8
3523.9
3570.2
3584.3
3966.9
4412.7
4990.8
5667.6
6413.5
7131.6
7891.7
8604.1
9074.6
9299.5
8875.5
8374.1
8133.8
8553.4
8790
8967.7
9344.1
9017
8627.6
8135.5
8405.6
7984.7
6815.6
5279.7
4788.7
5087.9
5143.4
4994.4
4848.9
4858.4
5034.8
5684.4
6210.8
6967.3
7655.3
8682.5
9768.1
10833.9
11457.9
12181.8
12157.7
11717.6
11015.8
10755.7
11285.9
11722.3
12110.8
12556.3
12164.1
11511.5
10798
11239.8
10761.6
9209.3
7100.2
6317.1
6372.3
6603.9
6564.2
6367.4
6301.2
6494.1
7118
7767.9
8664.8
9733.6
10758.1
12177.5
13463.5
14648.6
15522.2
16048.5
16035.1
15424.7
14549.5
14303.7
15121.2
15514.1
16171
16613.7
16078.5
15322.5
14605.9
14846.9
14315.8
12458.1
9703.5
8589.4
8833.6
9772.1
13145.5
17720.3
19978.7
18668.4
14001.1
11770.5
11778.4
12765.2
13864.5
15510.8
17023.3
18603.1
19917.2
20948.5
21431.8
21192.8
20312.3
19358.2
19324.8
20179.2
20686.3
21571.2
21817.9
21352.9
20344.8
19520.1
19398.6
18576.6
16024
12639.3
10597.4
10170.4
10141.1
10027.6
9602.2
9165.8
8898.7
9066
9547.6
10330.6
11455.6
12505.5
13797.9
15026
16550.3
17837.2
19069.8
19713.6
19884.5
19620.4
18739.9
18023.7
18115.4
18383.2
18921
19417
19543.2
19043.1
18344.7
17652.6
17253.2
16262.9
14074.6
11362.1
9370.3
8433.8
8105
7921.7
7477
7179.5
6711.7
6575.4
6716.3
7030.8
7502.2
8123.3
8889.9
9692.4
10689.4
11540.1
12342.5
12936.6
13484.7
13501.2
13321.6
12843.1
12520.4
12413.2
12500.3
12786.6
13068
13103.9
12869.2
12388.4
11985.4
11475.5
10820.2
9318.6
7867.1
6468.6
5563.7
4996.6
4629.3
4302.6
4006.2
3720.1
3461.2
3228
3198.4
3393.2
3451.4
3669.2
4053
4280.6
4587.6
4867.2
5153.9
5370.1
5569.8
5562.2
5468
5372.8
5255.9
5198.9
5106.7
5295.7
5295
5350.8
5168.4
5146
4878.3
4666.6
4353.8
3823.2
3332.2
2822.4
2300
1955.2
1722.1
1520.1
1359
1185.7
971.7
942.4
745.1
636.3
649.9
521.6
565.1
484.9
525.3
526.8
477.1
474.4
463.4
435.5
435.6
439.4
468.6
505.2
417.9
460.9
482.2
538.6
466.4
460.4
477
504.8
567.5
476.5
660.2
565.4
534.3
534.3
567
498.7
647.2
555.4
615.8
557.4
612.3
730.4
685.5
841.9
847
932.1
935.3
887.2
820.2
775.6
850.9
845.9
985
906.7
949.6
985.3
1036.8
1127.4
1100.9
1175.6
1218.3
1320.6
1406.1
1626.2
1670.7
1781.8
1940.2
2215.6
2383.8
2555.8
2769.9
2995.1
3203.5
3892.5
5694.8
6209
5360.9
3185.5
1521.1
1387.2
1537.4
1419.6
1529.3
1610.3
1796.7
1938.5
2187.5
2328.7
2658.6
3033.7
3334.2
3762.8
4217.5
4819.9
5404.7
6054.2
6788.5
7577.3
8464.8
9385.5
10497.5
11668.1
12894.5
14031.1
15160.9
16691.3
19635.7
24897.8
30267.6
30943.6
25260.7
15174.2
8151.1
4876.2
3906.6
3578.1
3293.7
2977.3
2868
2812.2
2654.8
2739.8
2629.6
2757.3
2606.4
2699.6
2781.6
2955.8
3048
3321.5
3498.9
3764.3
4058.1
4371.4
4726.5
5076.7
5533.4
5989.4
6423.1
6851.5
7288.5
7537.3
7909.7
8041.8
8312.4
8562.7
8604
8668.8
8725.3
8870.8
8973.2
8929.9
8883.7
8915.5
8894.4
8862.5
8615.8
8454.4
8181.4
7870.5
7641.8
7269.3
7009.3
6694.2
6438
6118.1
5805.1
5571
5417
5369.6
5269
5321
5566.8
5680.2
5994.9
6322.1
6820.3
7243.4
7804.5
8410.2
9163.7
9830.9
10598.4
11616.5
12516
13300.2
14168.1
14848.6
15351.3
15670.8
15859.1
16175.3
16163.6
16185.2
16159
16109.6
16186.3
16236.7
16049.3
15919.5
15906.2
15930.3
15698.9
15292.2
14788
14651.6
14305.9
13874.6
13368.2
12988.6
12456.3
12259.3
11874.7
11621.2
11547.8
11678.5
11724.3
11887.2
11833.5
11961.9
11994.3
11903.4
11778.1
11652.2
11736.6
11688.8
11884.7
12034.5
12441.7
13095
13643.6
14445.1
15423.1
16464.7
17528.5
18339.5
19217.7
20043
20769.3
21584.8
22062.8
22758.4
23315.3
23942.7
24427.6
24985.9
25300.8
25829.5
26074.9
26805.9
27268.9
27842.5
28087.9
28343.8
28448.7
28252.3
27702.2
26661.2
25226.2
23759.3
22065.6
20412.1
18935.8
17308.9
15757.3
14165.9
12771
11593.6
10556.1
9774.5
9471.8
9464.3
9594.6
9857.2
10148.2
10575.1
11207.2
12101.8
12712.8
13737.1
14842.3
15942.1
17046.4
18242.7
19511.9
20709.3
21875.2
23241.3
24264.1
25415.1
26585.6
27944.5
29335
30545.6
31904.1
32863.4
33229.3
33258.7
33302.2
32685.8
31884.7
30798.1
29562.9
28134.1
26712.3
25477.2
23888.8
22276.1
20386.5
18678.6
16897
15381.5
13879.1
12811
11802.7
10986.4
10219
9531
9061.5
8618.6
8177.4
7880.7
7729
7719.9
7770.9
7931.8
8068.2
8284.9
8594.5
9080.8
9680.9
10170.4
10780.7
11457.4
12286.5
12937
13615.8
14282.1
14870.4
15416.7
15922.1
16384
16573.2
17033
17367.4
17432.5
17706
17929.4
17998.9
18039.2
18134.9
17893
17744.4
17416.7
17270.3
16946.7
16428.7
16006.7
15596.6
15126.2
14952.4
14850.3
14878.8
15008.2
15088.7
14978.9
15017.6
14728.7
14858
14045
13301.6
12545.2
11862.7
11213.9
10430.6
9859.2
9373.3
8760.9
8067.4
7385.4
6777.7
6196.3
5663.9
5032.9
4342.2
3711.8
3354.4
2971.9
2778
2533.4
2475.5
2378.8
2417.9
2398.4
2408.1
2474.3
2524.6
2631.3
2809
2814.7
2948.6
3167.1
3151.4
3336.7
3554.5
3686.4
3890.3
4179.1
4343.5
4382.1
4436.6
4442.6
4614.6
4551.8
4617.9
4489.7
4425.5
4255
4018.4
3930.6
3808.9
3546.7
3569.9
3214.5
3031.1
2729.7
2572.6
2361.4
2170
1989.8
1796.9
1637.6
1496.5
1471.7
1456.5
1438.8
1338.3
1362.7
1389.3
1504.1
1535.3
1592.9
1664.3
1779.7
1884.1
2041.4
2157.2
2343.2
2580.5
2664.7
2897.5
3148.6
3418.3
3812.8
4036.7
4270.6
4407.3
4632.7
4878.4
4810
4859.5
4893.8
4877.6
4842.8
4789.8
4755
4576.6
4390.3
4248.3
4080.7
3908.7
3666.1
3381.7
3030.3
2827.2
2717.1
2437.7
2101.1
1943.3
1669.4
1562.4
1412.5
1354.6
1289.8
1281
1237.5
1180.4
1233
1147
1117.1
1118.9
1096.9
1160.4
1140.2
1236.2
1270.2
1258.9
1384.2
1383.4
1509.1
1599.6
1684.3
1795.1
1988
2177.8
2324.8
2536.7
2680.9
2804
3082.6
3080.3
3004.9
3024.3
2999.5
3016.3
3059.9
3297.5
2960.6
2903.5
2820.6
2740.6
2639
2551
2502.9
2131.8
1884.6
1769.7
1735.5
1464.9
1336.3
1119.4
1058.9
896.6
752.7
683.9
721.4
725.2
706.2
687
719.7
759.8
542.7
649.4
628.1
564
643.9
579.6
525.4
540.4
518.1
485.5
482.6
477.1
404.2
342.5
355.9
356
349.6
275.1
341.5
199.8
234.9
187
221.1
132.5
242.1
131.3
156.9
183.7
174.8
158.9
242.9
221.7
274
194
266.5
301.9
281.4
405.2
458.5
421.2
484.3
500.8
483
441.5
499.7
467.6
515.7
448.8
423.6
445.4
390.5
376.2
360.8
374.5
350.7
327.5
414.4
224.7
234.8
407.1
143.8
126.4
153.3
81.7
104.4
95
53.1
21.4
31.8
55.3
102.8
88.1
242.1
70
0
25.6
54.7
116.9
68.9
51.4
76.9
82.1
145.9
107.2
89.2
166.5
194
193.5
174
216.2
275
259.2
271
301.5
365.8
390.4
388.7
365.1
400.5
384.9
416.9
333.3
398.4
353.4
246.9
240.9
289.7
233
219.6
278.7
216.5
151.2
147.7
115
158.2
227.1
349.8
520.8
589
671.9
718.1
725
661.6
655.2
658.5
741.7
729.8
670.7
626.9
656.9
527.5
620.4
477.1
459.6
445.2
355.5
380
322.4
285.2
295.6
274.1
317.3
309.9
297.2
475.7
321.5
279.7
306.7
261.6
335
360.4
244.7
332
318.5
410
427.9
396.8
361.6
411.2
393
339.7
391.6
328.5
336.5
275.9
237.5
244.6
290.2
215.5
248.4
NaN