3303.6
2158.6
1625.7
1785.9
2055.7
2473
3031.5
3713.6
4580.8
5769.5
7224.6
8925.3
11162.7
13734.2
15977.4
17642.3
17834.9
15888.8
11641.8
6976.4
3591.2
2323.4
2344.4
2638.6
3073.4
3675.7
4472.9
5485.3
6825
8485.3
10564.6
13111.6
16153.2
20125.3
24274.2
27646.4
29095.3
28378.4
23707.5
16001.4
8347.7
3192.5
1602.8
1388.6
1314.8
1265.2
1199.8
1157.3
1175.1
1193.9
1254.1
1274
1394.9
1576.6
1774.3
2038.3
2242.8
2417.6
2473.4
2408
2143.7
1805.3
1411.1
1251
1297.2
1521.7
1795.3
2168.4
2698.8
3236.3
4000.7
4766.7
5312.2
5534.7
5604.6
5261.7
4244.5
3082.6
2037
1605.5
1653.3
1751.2
1893.9
2201.5
2511.7
3071.3
3713.7
4699.4
5852.5
7203
9074.9
11053.2
12354.1
12548.9
12440.5
11758.2
9474.7
6541.9
3775.8
2308.4
2125.9
2282.4
2552.5
2947
3420.2
3953.6
4692.9
5641.8
6841.8
8329.1
10037.6
12107.3
14600.1
18200.7
21772.5
23916.6
24307.1
23812.7
22444.6
18399.8
12379.4
6731.3
3114.4
2059
2075.1
2234.1
2431.2
2721.1
3050.7
3596.6
4160.2
4910.4
5878.8
7013.1
8492
10070.1
12039.2
14219.7
17294.6
21070.8
23853.4
24841.7
24227.3
23522.3
21274.6
16314
10444.4
5420.9
2897.4
2582
2690.2
2949
3335.3
3813.5
4285.4
4564.5
4582.2
4529.1
4425.1
3973.1
3196.9
2405.8
1832.9
1717.1
1727.5
1940.1
2175.1
2436.1
2786.9
3219.7
3809.6
4415
5164.3
6116.4
6926.1
7218.9
7158.6
6936.4
6694.5
5806.7
4331.8
2853.3
1791.4
1474.9
1476.6
1504.2
1602.5
1663.2
1769.6
1969.4
2229.8
2547.4
2988.1
3618.5
4349.4
5256.4
6164.7
7399.4
8865
9925.3
10312.2
10195.9
10162.2
9813
8498.9
6285.5
3954.3
2296
1624.4
1618.4
1638.6
1740.3
1777
1871.6
2025.1
2181.1
2386.6
2638.7
2985
3327.2
3843.8
4395.2
5022.2
5812.9
6699.7
7860.2
9294.6
10707.3
11475.1
11709.9
11314.7
10972.9
10081.8
8109.3
5459.8
3100.2
1560.2
1101.3
1059
1071.8
1079.7
1089.2
1177.9
1218
1304.8
1451.3
1575.1
1737.8
1899.7
2112.6
2374.1
2687.5
3038.4
3470
3980.5
4468.2
5167.1
6023.4
7038.1
7900.9
8222.4
8275.4
8376.2
8381.6
7890.5
6529.5
4952.2
3655.4
2859.7
2514
2071.2
1616.1
1297.7
1039.2
1065.8
1090.3
1057
1127.4
1141.9
1221.5
1311.1
1419.2
1605.2
1767.7
1987.3
2209.2
2450.7
2831.7
3196.6
3463.3
3518.2
3420.2
3360.8
3235.6
2961.7
2431.2
1642.7
1132.6
777.8
724.6
707.8
734.7
723.1
755.1
799.9
821.4
831.3
882.4
975.6
1079
1177.2
1312.8
1436.1
1642
1926.1
2193.8
2463.9
2887.6
3401.3
3877.1
4211.8
4251.1
4242.4
4193.5
4096.5
3765.9
3223.6
2367.7
1743.4
1288.5
1158.4
1142.1
1133.6
1089.6
1057.9
1039.8
1006.5
980.7
986.7
1013.7
1025.7
1091.8
1143.2
1253.6
1325.7
1476.5
1566.8
1739.7
1935.3
2176.2
2398.7
2703.9
3069.9
3524.3
3969.1
4307.4
4370.6
4313.6
4089.3
3945.2
3642.1
3168.8
2364.4
1661.1
1115.7
826.3
814.5
809.5
813.2
857
866.6
880.6
893.2
915.4
976.7
985.4
1017.2
1087.7
1128.5
1215.9
1335.9
1434.6
1571.9
1713.9
1907.8
2180.4
2355.9
2518.7
2605.8
2716.6
2813.5
2929.7
3059.5
3123.6
3028
2851.6
2683.3
2507
2410.2
2309.2
2066.1
1662.9
1300.4
1046.1
888.4
923
900
970.9
1015.2
1062.5
1183
1252.5
1374.6
1442.1
1575.5
1790.7
1978.3
2188.9
2225.3
2137.8
2099.8
2051.9
1957.1
1826.9
1588.6
1297.2
998.9
823.2
691.7
688.9
704.6
730.1
716.3
728.5
733.7
737.7
753.8
800.9
768.6
796.4
800.4
857.9
855.9
896.2
930.9
1006.1
1064.3
1171.5
1226.2
1371.4
1489.7
1654.4
1824.6
2069.6
2303.8
2555.1
2623.2
2681
2645.7
2660.2
2657.1
2638.8
2510.5
2245.7
2051.1
1774.8
1521
1467.6
1353.1
1296
1201.7
1110.3
963.6
898.4
847.8
930.1
962.8
1025.9
1037.6
1057
1074.2
1134.2
1165.3
1222.7
1152.1
1128.4
1052.5
1067.7
1150.9
1167.1
1251.3
1314.4
1405.7
1479.6
1572
1628.5
1777.5
1881.5
2017.4
2154.1
2123.5
2045.8
1962.1
1902.4
1818.7
1726.9
1537.1
1325.7
1101
901
832.1
809.4
758.8
775.9
773.8
799.3
791.2
826.8
804.1
861.5
914.5
984
985.8
1083.2
1078.6
1054.3
1050.9
984.4
979.1
956.6
887.5
808.3
790.4
735.2
725.8
702.8
752.4
774.9
784.1
826.8
886.8
900.9
914.7
943.7
975.3
1048.9
1085.6
1136.9
1154.1
1153.8
1162
1146.1
1183.1
1167.6
1153.6
1141.3
1111.7
1113.2
1104.8
1153.9
1197.5
1279.6
1321.3
1329.4
1304.7
1261.9
1261
1226.8
1203.1
1127.8
1023.8
964
909.7
852.8
811.5
799.6
795.1
769.6
742.3
728.4
720.5
738.2
717.5
707
751.4
730.1
740.9
792.4
773.4
811.9
855.6
869.4
953.6
939.3
1000.3
1014.8
1042.5
1109.5
1148.1
1178.3
1208.5
1278.3
1321.5
1436.1
1481.7
1510.9
1547.2
1725.6
1764.3
1850.6
1908.3
1993.6
1982.2
2001.6
2043.3
2065.9
2057.7
1947
1832.4
1735.2
1678.1
1575.2
1458.8
1407
1320.4
1197
1050.2
974.4
908.3
887.7
859.4
843.4
820.5
776.3
750.6
779.3
764.9
756.9
742.7
740.5
718.7
758.7
769.9
779.2
767
771.7
700.2
762.4
776.2
763
763.3
746.7
725
732.3
729.4
743.7
709.6
743.2
722.4
732.9
747
751
828.6
852
852
817.7
851.3
828.6
827.2
901.2
881.5
844
861.5
878.1
882.4
944.2
1033.3
1112.1
1168.1
1281
1355.3
1465.3
1581.4
1690.4
1726.9
1787.4
1872.8
1918.1
1994.7
2034.2
2081.1
2074.9
2053.3
2063
2096.5
2157.4
2184
2183.3
2131.6
2148.7
2164.7
2190.1
2226.6
2270.8
2258.6
2266.5
2181.4
2181.4
2166
2186
2183.7
2171.2
2136.8
2091
2057.5
2055.3
2094.2
2143.1
2176.8
2257.2
2183.8
2158.7
2132.2
2135.9
2183.7
2208.1
2186.5
2188.3
2123
2134
2088.5
2103.8
2091.1
2167.2
2082
2044.9
1995.9
1913.7
1849.8
1809.8
1766.7
1795.8
1736.5
1644.7
1627.6
1615.9
1626.4
1699.7
1745.6
1760.2
1769.1
1755.5
1738.2
1742.4
1741.1
1773.7
1699.2
1685.2
1630.9
1541.9
1521.3
1499.5
1460.8
1454
1465.7
1439.4
1460.4
1436.2
1412.9
1432.9
1462.5
1426.6
1466
1476.3
1425.6
1433.1
1409
1386.5
1406.4
1370.3
1379.2
1404.9
1370.9
1437.2
1480.1
1491.3
1473.2
1530
1524.4
1592.5
1558.7
1521.7
1436.3
1361.1
1269.9
1225
1114.4
1096.9
1015.1
980.7
919.5
901.7
913.7
918.7
919.4
904.4
933.2
952.6
986.2
1016.7
1004.5
1054.7
1073.7
1073.7
1076.6
1105
1188.2
1184.1
1217.9
1245.6
1286.9
1338.3
1349.2
1394
1420
1440
1441.1
1481.1
1497.1
1568
1617.6
1719.9
1771.9
1906.9
1993.6
2178.2
2359.1
2648.5
2906.3
3312.7
3688.9
4075.8
4405
4804.4
4995
5169.9
5489.5
5704.4
5807.5
5844.1
5905.3
5976.9
5934.5
5768.4
5617.1
5504.7
5379.9
5386.7
5314.2
5500.1
5789.9
6117.4
6647
7004.9
7300.3
7553.1
7863.8
8033.5
8264.9
8396.8
8348.4
8348.6
8377.1
8087.8
7727.8
7379.7
7011.6
6717.2
6617.7
6443.6
6558.7
6764.2
7180.4
7715.4
8115.5
8328.6
8558.3
8787.3
8956.3
9241.4
9387.8
9269
9302.1
9330.3
9113.3
8643.2
8109
7684
7311.6
7096
6751.4
6771.2
6944.3
7380.7
7949.4
8403.5
8777.5
9018.2
9127.3
9368.8
9523.3
9668.7
9686.3
9705.9
9764.7
9754.5
9394.3
8743.9
8067.1
7558.9
7072.6
6690
6389.6
6280.2
6457.3
6931.9
7427.4
7842
8227.8
8375.8
8526.4
8610.1
8743.9
8854
8825.9
8847
8756.4
8860.2
8731.2
8190.2
7485.8
6877.6
6508.7
5991.3
5712.3
5636.6
5761.1
6168.9
6643.2
7123.9
7663.7
7923
8091.6
8204.9
8179.5
8320.8
8442.4
8523.5
8501.4
8560.3
8759
8649.4
8156.2
7423.8
6890.3
6388.7
5919.1
5562.3
5444.8
5498.8
5782
6165
6538
7010.2
7360.9
7562.2
7662.1
7581.6
7532.9
7569.4
7521
7675.1
7539.7
7560.8
7537.3
7257.8
6549.3
5840.3
5184.3
4713.2
4212.1
3712.3
3440.9
3391.6
3416.4
3457.6
3495.7
3749.4
3966.9
4070.9
4085.3
4078.5
4114.6
4023
4054.1
4171.6
4148.6
4168.3
4289.5
4198.2
3964.7
3510.3
3198.8
2867.4
2609.1
2427.5
2323.1
2357.1
2429.7
2486
2578.3
2756.4
2931.1
2993
2987.9
2958.7
2908.6
2814
2780.4
2828.2
2851.5
2850.2
2800
2742
2695
2486.9
2231.4
2093.7
1926.9
1761.2
1743.8
1795.3
1807.8
1923.1
2021.5
2250.1
2405.1
2670
2952
3175.9
3395.3
3508.6
3530.3
3493.8
3445
3451.1
3488.6
3577.3
3616.2
3551.9
3488.6
3455.8
3333.7
3143.8
2859.4
2632.1
2528
2429.5
2381.4
2407.5
2444.1
2562.8
2826.9
3060
3391
3761.5
4261
4685.2
5074.2
5544.9
5717.3
5738.5
5574.7
5498.6
5535.6
5499.2
5681.4
5801
5831.6
5605.7
5424.1
5420.7
5196.4
4691.8
4111.8
3699.3
3466.4
3400.8
3380.4
3388
3384.1
3597.3
3808.5
4270.9
4776.8
5339.1
5997.1
6723.3
7278.2
7858.6
8177.6
8234.5
7938.7
7651.7
7727.9
7773.9
8073.5
8333.5
8363.2
8152
7627.1
7741.2
7478.1
6973.3
5773.9
5103.6
4674.9
4740.6
4742.4
4684.5
4575.7
4617.5
4971.7
5375.1
5906.7
6555.3
7346
8230.8
9214
9911.6
10567.5
10922.5
10949.6
10315.8
9882.3
9922
10342.7
10627.5
11154.6
11340.7
10980.4
10076.4
10258.5
10213.9
9504.2
7761.6
6346.8
5788.6
6039.1
6154.1
6014.9
5887
5846.3
6187.9
6672.8
7421.3
8180.4
9105.2
10258.7
11383.4
12645.6
13563.8
14468.7
14912.6
14691.4
13749.1
13117.6
13359.9
13994.7
14339
14991.1
15385.1
14710.3
13560.5
13352.8
13960.6
13088.4
10540.6
8161.9
7647.6
8074.8
8950.4
13856.8
19883.5
21188.1
17175.6
11730.6
10212.4
10880.6
11894.9
13164.4
14698
16356.8
17726
18814.1
19839.2
20455.1
19649.5
18254.9
17348.2
17829.9
18860.2
19218.6
20089.9
20683.8
19725.5
18096.7
17441.8
18789.9
17342.7
13778.4
9662.9
8917
9197.4
9412.1
9247.6
8772.5
8263
7996.7
8334.8
9134.9
9796.3
10886
11797.1
13168.4
14466.4
15865.2
17103.3
17946.2
18864.2
18865.4
18089.2
16663
15966.8
16488.3
17268
17536
18384.8
18699.5
17946.9
16291.1
15473.1
16635.1
15494
12328.8
8423.2
7348.5
7387.2
7451.5
7320.5
6926.8
6410.4
6039.5
5948.6
6364.4
6619
7260.7
7794
8540.2
9469.9
10349.1
11274.9
11981.5
12502.4
12945.4
13008.5
12376.9
11587.5
11060.7
11447.4
11706.3
12023.6
12407.6
12602.1
12174.6
11194.6
10603.4
10994.1
10420.5
8655.4
6126.2
4897.6
4607.9
4525.3
4322.6
4068.9
3742.1
3371
3044.3
2980.7
3067.8
3221.9
3508.6
3669.9
3973.4
4280.6
4658.2
4885.2
5176.7
5400.9
5543.1
5524.2
5357.9
5013.9
4835.5
4858.9
4989.4
5086
5162.2
5258.6
5134
4775.8
4633.6
4548.2
4397.5
3751.5
2920.9
2250
1970.5
1794.8
1685.9
1592.5
1430.7
1230.9
1077.4
938.8
822.5
806.8
768.7
723.7
777.5
692.4
715.4
689.6
706.2
722.2
686.7
742.5
701.9
721.1
710.2
684.5
681.1
710.4
690.7
724.4
718.1
694.7
706.8
731
802.7
819
813.5
802.5
803.1
820.7
743.2
830.8
789.1
794.1
828.5
860.4
877.7
932.8
999.6
1057.6
1079.2
1083.3
1070.7
1025.4
1039.6
1021.1
1061.4
1097
1149.7
1187
1178.1
1223.8
1269.5
1328.9
1357
1408.5
1510.5
1601.3
1714.4
1824.1
1977.6
2110.1
2344.6
2466.5
2753.9
2942.2
3138.5
3359.6
3924.6
5365.2
6555.4
6028.4
4198.5
2354.5
1612.7
1591.2
1622
1671.4
1784
1880.3
2020.3
2188.6
2384.1
2670.7
2934.3
3298.9
3682.8
4099.2
4645.8
5229.7
5873.8
6629.3
7431.6
8292
9310.9
10283.1
11444.9
12690.7
13826.9
15063.5
16184.6
17588.5
21208.9
31488.6
36600.4
31773.2
17622.7
6160.8
4394.3
3825.9
3477.3
3206.5
2978.4
2843.5
2691.7
2617.6
2594.2
2526.7
2484.3
2518
2642.8
2671.8
2825.1
2915
3119
3269.4
3477.9
3755.1
4080.7
4292
4700.7
5052.8
5526.3
5961.8
6339.1
6769.8
7161.4
7477.8
7710.7
7876.8
7971.1
8083.4
8051.7
8093.5
8167.7
8328.6
8389
8345.3
8273.9
8288.1
8285.7
8206.9
7995.6
7785.1
7584.5
7236.5
6909.9
6572.9
6258.8
6004.9
5632.9
5299.2
5078.7
4887.7
4789.1
4788.2
4835.7
4973.5
5103.1
5325
5674.7
6025.9
6477.6
7049.2
7588.9
8160.4
8791.2
9539.3
10326.6
11122.8
12040.3
12983.8
13841
14435.6
14898.6
14988.4
14920.3
14874.1
14897
14701.8
14749.7
14735.1
14952.2
14899.6
14727.6
14615.5
14545.2
14562
14264.8
13905.2
13586.4
13225
12882.2
12307
11824
11382.1
11137.2
10816.4
10466.9
10255.9
10195.2
10291.7
10595
10951.1
11166.6
11373.9
11269.1
10939.7
10621.8
10451.8
10360.7
10352.4
10476.2
10794.4
11356.8
12110.6
12940.6
13920.7
14826.4
15852
16854.8
17746.9
18527.6
19155.2
19798.7
20455.9
20940.9
21410.7
21834
22273.1
22976.9
23316.3
23774.2
24012.8
24590.4
25127.1
25475.8
25931.6
26517.6
26822.9
27215.6
26716.2
26082.9
24665.5
23083.6
21065.6
19291
17493.9
15589.7
13872.6
12185.7
10634.6
9480.2
8738.9
8366.1
8268.7
8256.1
8371.5
8609.8
8959.8
9416.3
10013.7
10736
11554.4
12475.2
13408.1
14458.6
15609.1
16754.7
17904.3
19261.9
20506.8
21667
22793.3
23839.6
24926.4
26097.1
27244.5
28717.8
29976.8
31179.9
31985.7
32338.8
32244.7
31814.2
31186.5
29961.7
28492.3
26972.6
25567.9
24030.4
22081.7
20244.2
18323.7
16427.9
14693.8
13301.2
12145.2
11235.6
10437.1
9606.6
8948.9
8406.8
7876.7
7412.2
7100.8
6975.1
6884.9
6804.8
6884.5
7022.1
7161.4
7484.7
7786.1
8125.3
8668.5
9256.6
9808.6
10352.1
11008.7
11798
12534.1
13272
13829.1
14391.5
14968.9
15311.1
15611.6
15898.8
16137.7
16289.2
16495
16651
16564
16699.6
16704.4
16439.1
16188.6
16031.3
15912.5
15522.8
15214.1
14647.4
14214.8
13746.1
13437.5
13055.8
12893.9
12787.4
12877.5
12868.3
12866
12744.4
12422
11989.5
11429.2
10691.4
10041
9461.5
8947.8
8332.9
7732.4
7158.6
6541.4
5945.3
5354.6
4862.4
4269.3
3675.8
3216.4
2844.3
2600.5
2433.2
2276.8
2243.3
2191.5
2143.9
2148.4
2213.4
2243.1
2310.5
2412
2453.5
2612.9
2639.4
2786.5
2885.5
3033.4
3188.8
3297
3438.4
3636.8
3942.8
4071.9
4263.4
4314.7
4373.2
4428.5
4597.9
4476.1
4386.1
4210.8
4039.9
3897.6
3729.2
3560.2
3383
3257.6
3044.8
2721.4
2518.1
2352.1
2145.6
2000.8
1705.6
1587.7
1453.6
1421.9
1378.5
1373.3
1365.4
1386.9
1407.6
1441.9
1483.4
1574.9
1632
1705.9
1790.8
1916
2075.8
2196.8
2341.5
2497.1
2696.8
2896.3
3111.7
3425.3
3729.2
4031.3
4268.6
4487.3
4672.7
4806.8
4899.9
4920.3
4945.5
4884.9
4824.9
4808.5
4655.9
4477
4252.5
4081
3891.1
3671.5
3406.6
3027.2
2799.4
2598.5
2384.7
2063.2
1868.7
1681.9
1558.8
1432.8
1366
1301
1231.9
1241.2
1174.2
1157
1151.4
1121.9
1171.6
1157.9
1174.9
1182.8
1210.6
1252.9
1317.3
1343.3
1429.5
1523.2
1565.4
1680
1812.4
1847.3
2004.9
2187
2377.5
2604.2
2818
2971.3
3104
3166.1
3146.4
3222.7
3155.2
3109.6
3186.1
3146.6
3043.1
2918.7
2825.4
2752.3
2649.5
2538.9
2183.8
1936.3
1793.7
1684
1497.2
1278.5
1129
947.2
854.2
766.5
737.7
697.9
689.1
668.4
688.2
688.4
651.7
650.4
673.4
632
632.8
631.5
612.5
627.4
536
561.8
561.9
539
546
482
433.5
427.9
397.3
404.3
343.4
288.7
288.9
244.5
239.1
221.6
240.6
232.7
240
206.1
233.5
227.8
252.9
232.3
264.7
231.8
284
320.9
335.7
326.3
370.3
387
428.5
474
495.8
539.9
512.4
520.3
511.5
487
487.2
497.1
480.6
445
461.6
387
385.3
348.7
334.3
332.8
269.1
233.9
223.6
212.3
189.8
157.7
167.4
111.6
132.4
174.3
111.2
103.4
109.5
110.2
110.4
97.2
114.5
67.6
99.5
105.9
90.5
115.3
153.4
147
97.4
127.4
165.3
166.9
193.9
183.4
197.3
195.3
236
257.2
231.6
301.6
352.8
363.5
370.3
393
378.3
365
366.7
375.4
375.5
336.3
283.5
297.8
286.5
294.7
250.9
232.9
201.6
165.4
139
144.3
157.9
166.2
201.8
282.1
391.7
430.2
501
566.1
545.1
493.5
504.3
515.4
510.9
517.5
487.4
510
480.3
427.4
388.5
379.7
329.9
292.3
257.9
234.6
233.9
243.6
219.1
246.4
243.1
231.2
243.5
235.3
239.2
260.7
254.6
261
238.4
269.5
318.8
293
289.3
290.6
286.3
308.8
356
307.1
346.2
320.1
315.5
286.1
293.5
242.9
280.7
209.8
171
131.4
117.1
92.4
55.7
20.5
39
38.4
0.4
NaN