7477.1
6788.5
4873.3
3130.6
1717.8
1467.2
1745.9
2083.1
2526.5
3126.5
3919.8
4960.9
6362.1
7908.6
9832.9
12110.9
14941.5
18262.7
21178.8
21904.7
18511.9
12209.5
6385.4
2669
2236.4
2387.4
2675
3161.8
3869.8
4704.6
5810
7405.9
9110.2
11375.3
14098.9
17452.1
21215.3
26301.3
31393.4
35454.9
35036.2
27202.9
16751.7
7347.4
2129.2
1489.4
1312
1184.1
1150.7
1214.3
1053.5
1030.3
992.3
1182.6
1143.7
1258.4
1478.5
1664.6
1944.3
2308.5
2505
2831.7
2725
2321.6
1706.1
1301.7
1053.4
1144.4
1287.5
1574.6
1963.6
2512.6
3241.1
3965.7
4808.3
5856.4
6594.5
6966
6309.8
4753.2
3078.8
1812.1
1463.7
1737.9
1765.8
2073.3
2193.1
2347.4
2838.3
3531.6
4578.3
5941.3
7601.7
8987
10919.4
13431.4
15440.2
16538.6
15057.1
11296.4
7095.3
3489.6
2082.5
2091.6
2308.6
2505
2862.2
3315.5
3936.7
4680.7
5694.9
6833
8292
10173.3
12394
14781.8
17792.2
21349.6
26416.5
30381.5
31937.4
29710.9
22306.6
13847.4
6687
2577
2032.9
2111.6
2101.7
2387
2571.8
2972.8
3471.5
4082.8
4907.2
5741.1
7088.3
8426.3
10058
12117.7
14624.2
17221.4
20132.1
24475.1
29302.6
31942.9
31910.2
27317.1
19235
11238.3
4966.2
2679.6
2608.5
2686.6
2887.4
3241.9
3665.3
4282.7
4939
5579.8
5834.4
5525.3
4583.2
3443.9
2354.3
1732.8
1592.7
1667.7
1790
1947.8
2325
2592.4
3130.8
3767.1
4500.5
5226.1
5945.1
6833.1
8176.2
9170.8
9519.6
8838.6
7060.4
4771
2854.3
1548.6
1344.9
1371.3
1370.1
1476.1
1634.7
1697.2
1802
1966.7
2260.1
2677.2
3346
4134.8
5160.7
6226.5
7217.8
8347.4
9968
11914.5
13428.7
14019.9
13177.6
10577.1
7131.8
3990.1
1990.4
1631.9
1538.7
1616.2
1696.4
1710.1
1803
2036.7
2072.2
2234.2
2498.2
2825.6
3210.7
3652.8
4291.6
4930.2
5692.8
6700.2
7732.2
8997.7
10344.8
12409.6
14489.6
15516
15238.9
13232.5
9781
6028.5
2878.5
1329.2
1029.4
942.7
872.6
949.7
914.8
1087.7
1150.3
1219.6
1283.9
1415.9
1541.1
1778.8
1912.5
2237.7
2487.4
2848.3
3276.4
3714.2
4320.1
4990.5
5754.9
6629.5
7837.2
9375.7
10536.7
10938.8
10631.2
9338.8
7558.1
5796.9
4197.5
3425.7
2971
2243.4
1595.5
1258.3
910.1
953.5
898.2
914.9
942.1
948.2
1033.8
1137.1
1274
1390.7
1541.9
1789.5
2084.8
2330.2
2585.4
2944
3461.6
3995.9
4340.2
4537.8
4191.3
3596.2
2594
1611.5
846
551.1
502.3
461.7
520.2
538.9
526.3
607.4
650.5
668.6
949.6
762.4
778
873.9
1028.9
1290.4
1334.7
1661.5
1985.1
2254.5
2648.3
2970.7
3432.3
4172.2
4965.7
5487.6
5761.2
5385.3
4641.1
3524.3
2381.3
1462
1136.5
1146.4
1164.9
1093.8
1061
1022.5
846.9
811.9
760
801.5
808.1
849.9
883.5
994.6
1016.7
1099.2
1221.3
1506.9
1504.2
1695.8
1943.3
2174.6
2456.7
2815.8
3123
3689.4
4213.9
4934.9
5459
5571.2
5196
4644.5
3698.3
2470.6
1475.5
840.4
655.1
596.6
637.2
684.5
664.9
696.2
735.3
773.1
755.6
797.2
863.3
888.6
906.2
930.6
980.3
1067.8
1161
1384
1477.8
1658.7
1882.9
2185.8
2489.4
2812.2
3024.1
3177.5
3156
3067.9
2994.3
2931.3
3067.7
3218.4
3203.9
3018.5
2765.9
2271
1707.6
1214.3
800.3
693.2
666.3
700.2
791.6
778.3
838
939.2
1008.2
1166.6
1299.1
1440.3
1527.1
1650.4
1947.3
2214.4
2536.9
2612.1
2591.6
2415.8
2107.2
1675.3
1172
785.9
545.9
575.4
531.5
482.5
497.3
531.7
510.8
630.7
514.6
567
613.6
620
622.7
696.4
659.6
614.1
661.5
735.8
705.2
761.4
862.3
986
1090.5
1368.5
1420.9
1607.1
1739.4
1980.5
2233.4
2544.1
2967
3164.5
3217.6
3197.9
3072.8
2801.9
2383.9
2080.5
1752.6
1690.1
1644.2
1584.4
1357.6
1229.3
1040
777.9
656.8
542.1
582.2
550.7
703.6
881.8
965.2
1041
1110
1230.6
1068.8
968.2
856.7
789.4
908
933.7
1015
1041.5
1145.8
1185.8
1340.1
1425.4
1454.8
1645
1722
1824
1985.2
2184.1
2350.6
2367.1
2242.7
2137.9
1961.9
1601.7
1275.8
964.7
694.1
608.5
604.7
584.8
560.6
565.3
523.3
591.7
587.3
623.6
623.1
667.3
785.1
835.4
850.3
922.8
1010.7
1025.6
977.5
903.1
920
743.3
655.9
534.4
497.3
471.6
460.4
484.7
637.2
592.8
580.7
673.6
666.3
711.7
744
802.6
854.7
879.6
959.2
997.8
1068.4
1138.9
1095.9
1063.5
1066.3
1097.3
1027.9
930.4
867.7
907.5
920.9
1011.7
1030.7
1129.9
1218.2
1304.3
1317.9
1287.4
1222.1
1177.1
1165.5
936.8
826.7
767.8
696.8
709
593.1
547.3
589.3
573.4
545.5
486.5
603.4
506.9
500.3
498.5
469.8
503.7
537.1
572.9
740.7
654.9
685
688.6
713.9
787.8
852.7
880.6
899.8
949.2
1015.2
1061
1115.7
1143.7
1176.7
1357.1
1326.9
1454
1480.6
1618.1
1710.5
1857.8
1937.5
2085.1
2131.6
2121.4
2108.7
2142.3
2129.8
2008
1910.3
1793
1681.9
1575.7
1422.2
1227.6
1090
959.5
893.1
855.8
788.4
701.1
670
712.1
633.9
595.3
504.9
506.6
508.7
537
628.5
653.4
732.9
599.3
536.2
566.9
520.9
520.2
514
526
507.6
491.1
523.6
538.5
513.7
513.6
526.9
525.6
508.9
502.4
598.5
539.2
496.8
511.8
560.4
552.1
586.5
739.7
771.1
705.5
731.6
730.6
636.9
642
669.7
606.6
651.1
749.5
792.7
933
1000.4
1178
1208.2
1296.2
1466.7
1612.4
1722.7
1765.2
1845.4
1959.4
2008.5
2028.5
2096
2110.6
2140.9
2090.3
2082.6
2153.4
2223.6
2153.5
2146.4
2145
2159.2
2218.8
2250.5
2238.1
2292.8
2343.7
2324.2
2323
2260.5
2180.4
2107.8
2075.2
2043.1
2116.6
2029.7
2161.8
2111.3
2137.4
2150.6
2161.6
2233.9
2227.5
2264.4
2208.7
2156.6
2209.6
2179.1
2154.7
2139.6
2136.1
2091.7
2125.5
2067.9
2069.6
2055.4
2062.9
2005
1942.6
1924.8
1869
1707.7
1633.4
1541.6
1536.4
1529.3
1463.1
1572.8
1531.3
1596.3
1623.6
1704.3
1751.7
1768.5
1735
1734.7
1651.4
1626.4
1583.3
1497.5
1459.3
1390.2
1345.3
1299.2
1273.5
1259.3
1215.8
1293.6
1368.2
1348.9
1365.5
1405.3
1369.9
1337.3
1321.9
1341.4
1319.8
1263.7
1329.6
1264.7
1290.1
1238.4
1219
1191.4
1214.9
1274.6
1393
1424.5
1454.3
1479.6
1459.8
1471.4
1501.4
1393.6
1322.1
1196.9
1258.7
947.4
841.2
831.5
693.3
697.4
657.3
675.9
686.2
707.8
758.8
708.9
804.5
813.1
774.6
803.9
806.2
872
923.1
907.3
915.6
946.2
1060.8
1067.8
1116
1131.5
1185.2
1220.7
1284.1
1295.1
1320.3
1391.8
1363.2
1400.8
1371.8
1481
1563
1633.1
1781.4
1858.1
2029.9
2218.4
2404.7
2724
3091.8
3570.1
4011.7
4616.6
5182.9
5656
5867.1
5988.8
6071.7
6215.8
6356.6
6428.4
6537.9
6758.7
6771.1
6516.4
6126.5
5791.6
5559.1
5498.7
5478.9
5750.2
6295.1
6983.5
7579
8199.5
8680.3
8800.8
8987.2
9102.4
9064.6
9272.6
9265.9
9366.4
9519.4
9425.4
8671
8002.6
7351.5
6962.4
6664
6592.9
6898
7502.8
8058.5
8713.7
9478.9
9798.3
9948.7
9964.7
10043.4
10112.8
10311.5
10352.9
10523.6
10721.3
10585.1
9887.8
8866.5
8014.9
7382.8
7033.5
6777.1
7151.1
7709.1
8296.1
8971.3
9730.8
10208.8
10564.9
10605.5
10535.9
10496.2
10585.6
10947.5
10979.2
11040.7
11137.9
10690.3
10062.1
8721.9
7769.5
7115.1
6548.7
6415.9
6714.8
7123.1
7636.7
8211.3
9000
9558
9782.3
9899.8
9484.8
9395.2
9409.8
9712.1
9865.3
9956.6
10043.1
9664
9318.1
8220.9
7173.9
6370.9
5833.1
5609.1
5986.4
6251.9
6784.3
7373.8
7992.8
8767.2
9276.9
9527.5
9441.1
9075.6
8991.9
8914.6
9334.4
9601.9
9779.5
9843.6
9642.6
9258.7
8314.8
7186.3
6231.7
5734.1
5577.4
5773.7
6028.5
6307.5
6858
7297.2
7882.4
8560.8
8796.8
8743.8
8314.3
8001.8
7919.3
7990.1
8344.8
8357.5
8345.4
8306.5
8187.5
7532.4
6280.3
5288.6
4368.6
3781.1
3622.9
3656
3577.6
3444.6
3541.6
3721.9
4181.5
4319.7
4536.6
4513.7
4306.6
4099.3
4083.3
4116.9
4512.6
4593.8
4758.3
4515.9
4443.5
4276
3729.7
2996.3
2542.6
2309.1
2297.2
2366.6
2436.1
2489.2
2526.2
2684.4
2900.8
3067.1
3190
3249.4
3105.3
2957.2
2822.6
2766
2909.5
2914
2917.4
2860.8
2794.9
2673.1
2582.9
2232.1
1892.2
1754.7
1672.9
1623.3
1675.9
1801.6
1836.3
2009.2
2251.3
2461.3
2846.3
3115.7
3400.9
3647.2
3813.4
3809.1
3680.1
3604.8
3546.2
3689
3744.6
3811.1
3848.2
3619.3
3515.1
3535.8
3424.3
2986.4
2496.1
2316.8
2437.2
2477.1
2472.2
2469.3
2614.7
2880.8
3254.2
3674.3
4089
4611.1
5240.4
5696
6195.7
6386.8
6438.5
6112.2
5804.7
5873.9
6041.5
6175
6409.6
6460.4
6172.5
5857.9
5872.1
5749.2
5228.3
4182.5
3542.8
3499.3
3634.1
3681
3527
3629.5
3730.1
4155.3
4581.4
5225
5896.4
6681.5
7465.8
8197
8756.6
9199.2
9205.2
8800.4
8223.2
8283.4
8682.1
8888.9
9228.5
9343.5
8932.9
8493.9
8208.4
8447.3
7740.4
6305.2
5059.8
4959.4
5225.2
5251.6
4996.5
4970.9
4911.4
5317.5
5974.7
6537.7
7366.5
8097.5
9252
10293
11245.2
11906.5
12489.3
12233.1
11676.8
10963.1
11043.6
11588.3
12019.2
12510.5
12632.7
12165.7
11396.4
11023.8
11425.5
10547.7
8629.9
6673.4
6488.3
6620.1
6787.2
6618.8
6520
6424
6813.4
7515.4
8185.6
9236.5
10280.4
11432.8
12844.6
14212.2
15292.3
16157.8
16533
16250.2
15383.3
14664
14857.4
15717.6
16068.1
16735.3
16863.9
16192.2
15200
14946.7
15160.5
14182.5
11820.3
9212.8
8862.9
9297.7
10992.4
15740.1
19948.8
21190.1
18140.3
13277.8
11952.2
12427.3
13509.3
14839.8
16605.6
18165.6
19737
20995.2
21989.4
22193.3
21625.8
20559
19869.7
20196.4
21064.1
21671.3
22467.3
22478.3
21732.8
20490.6
19975.7
19973.5
18426.8
15175.5
11899.8
10656.5
10369.6
10443.8
10192.3
9677.5
9339.1
9172.2
9425.9
10109.5
11017.3
12119.9
13267.4
14718.7
16009.2
17571.9
18767.6
19955.8
20430.7
20363.8
19847.5
18960.9
18446.8
18816.2
19060
19641.7
20206.7
20054.2
19452.2
18628.8
18024.7
17524.5
16159
13483.9
10736.2
9200.5
8530.4
8243.4
8086.2
7566.7
7273.5
6816.5
6863
6969.3
7440.5
7917.6
8610.4
9475.6
10366.4
11335.1
12147.8
13056.4
13562.2
13974
13888.9
13598.7
13027.2
12831
12774.2
12960.5
13313.6
13510.4
13512.8
13142.6
12678.2
12138.7
11573.3
10626.9
9085
7504.6
6285.1
5459.8
4936.9
4701.1
4298.6
4009.9
3696.2
3454.4
3334.5
3306.4
3526.6
3701
3929.9
4324.1
4529.8
4892.7
5179.3
5425.2
5651
5787.2
5774.8
5620.8
5484.9
5412.5
5418.6
5363.5
5551.9
5479.3
5499
5329.3
5245.1
4974.9
4723.5
4374.2
3767.4
3269.2
2749.7
2238.1
1938.5
1697.9
1520.8
1347.8
1185.7
970.9
922.6
721.8
648.3
615.7
533.5
550.8
523.2
561.1
543.3
509
530.1
485.6
454.6
467.6
479.4
476.4
510.4
440.5
474
488.4
551.1
500.6
482.9
524.6
548.1
581.2
547.6
718
615.8
581.3
584.4
618.7
587.7
667.4
635.7
651.4
634.3
678.5
776.1
803.2
870.1
915.3
932.9
937.3
907
888
845.4
890.4
921.3
1057.2
996.9
989.4
1057.5
1098.4
1200.5
1180.3
1231.1
1335.6
1437.6
1488.3
1739.8
1820.2
1933.7
2097.7
2418.6
2598.1
2797.6
3016.4
3187.2
3524.3
4687.8
6423.7
6333.6
4946.6
2439.2
1464.8
1440.2
1597.3
1537.6
1618.6
1748.6
1927.9
2105.1
2380.1
2566.5
2862.4
3304.7
3611.3
4134.2
4624.9
5257.6
5918
6659.1
7422.4
8320.8
9271.1
10318.4
11527.5
12753.7
14140
15277.9
16610.1
18369.4
22550
28923.2
33234.8
31716.9
23050.8
12571.9
6797.7
4528.1
3892.5
3576.2
3318.3
3055.5
2858.1
2847.9
2730.3
2795.3
2732
2833.3
2712.9
2824.9
2938.1
3089.9
3190.8
3458.4
3707.5
3978.4
4318.7
4639
4987.3
5434.8
5892.7
6336.6
6793.5
7213.9
7690.2
7916.1
8301.9
8390.5
8721.6
8843.1
8983.9
8990.6
9121.1
9241.5
9315.4
9204.6
9175.3
9233.9
9199
9073.8
8840
8629.8
8366.8
8087.6
7789
7436.3
7130.7
6805.5
6506.1
6174.6
5911
5703.5
5476.5
5557.3
5463.3
5574.1
5825.7
5940.6
6338.3
6647.4
7225.7
7670.2
8273.6
8918.7
9699.1
10468.3
11286.7
12277.2
13232
14026.2
14835.3
15470.4
15916.4
16248.1
16379.4
16658.8
16615.7
16568.9
16573.9
16682.8
16726.1
16686.2
16433.4
16426
16414.9
16402.3
16030.8
15658
15130.3
14930
14651.2
14088.4
13593
13229.1
12759.5
12467.5
12076.3
11909.7
11896.9
12104.8
12078.2
12184.8
12208.3
12304.6
12284.1
12187
11962.6
12013.2
12049.1
12023.4
12317.5
12477.5
12880.1
13660.8
14320.3
15241
16238.8
17297.6
18348.5
19194.5
20079.5
20926.8
21632.8
22458.6
23027.6
23634.7
24287.4
24896.8
25403.3
25851.8
26344.6
26832.3
27135.2
27860.3
28328.2
28898.2
29170.9
29461.4
29477.3
29037.6
28412.2
27174.8
25703.6
23993.6
22239.8
20496.4
19103.1
17222.2
15720.9
14131.7
12756.3
11458.3
10569.3
9922.7
9753.7
9865.4
9956.8
10284.7
10698.7
11192.7
11950.6
12837.2
13599.7
14626.6
15792.3
16974.3
18209.7
19453.9
20878
22012.7
23211.4
24613.1
25664.4
26933.9
28184.3
29774.5
31003.1
32316.4
33769.8
34558.3
34759.2
34769.4
34616.2
33984.8
32850.7
31810.1
30430.8
28954.1
27427
25977.7
24270.2
22537.1
20596.8
18668.4
16995.6
15369.6
13892.1
12862
11880.9
11055.6
10354
9688.3
9198.3
8766.3
8348.2
8119.3
7956.2
8021.8
8099.7
8291.5
8515.4
8744.4
9098.6
9582.4
10284
10816.9
11428.2
12138.7
13074
13759.5
14383
15071.2
15748.9
16267.3
16669.8
17151.2
17446.2
17821.7
18112
18248.7
18375.9
18631.8
18771.3
18781.2
18798.4
18602.9
18410.5
18069.8
17841.5
17421
16846.8
16409.6
15949.4
15568.1
15329.5
15237.6
15097.9
15181.8
15127.6
14905.2
14893.5
14554.2
14534.7
13476.5
12752.9
11991.2
11334.9
10665.3
9964.4
9331.9
8791.3
8201.6
7518.5
6913.6
6228.1
5762.8
5217.6
4626.3
4041.5
3463.6
3145.1
2845
2652
2490.1
2449.8
2377.9
2450
2396
2472.7
2545.5
2631.7
2707.3
2864.7
2894.5
3045.3
3206.4
3236.2
3487.2
3654.3
3835.7
4045.6
4315.9
4460.9
4506.8
4538.9
4596.1
4692.5
4724.6
4675
4561.1
4496.3
4279.6
4056.8
3947.7
3817.1
3600.7
3620.1
3238.6
2983.2
2715.6
2596.6
2345
2169.9
1973.1
1759.5
1676.7
1502.9
1472.1
1474.4
1506.8
1412
1417.9
1456.4
1620.1
1624
1711.3
1777.2
1907.8
2007.7
2212.2
2315.2
2536.6
2738.5
2859.7
3115.2
3369.6
3697.2
4073.5
4320.5
4534.1
4691.2
4882.4
5077.8
5020.6
5088.9
5080.8
5071.8
5053.4
4947.8
4926.3
4712.9
4486.1
4321.9
4212
3973.8
3716.4
3392.3
3032.2
2900.8
2688.8
2374.6
2072
1928.4
1689.4
1571
1453.7
1351.4
1324.9
1266.1
1266.2
1200.7
1244.6
1181.2
1156.2
1183.5
1189.4
1208
1241.4
1335.6
1358.5
1329.7
1464.8
1496.7
1641.3
1688.5
1787.3
1938.1
2155.2
2393.1
2528.8
2776.3
2929.1
3051.1
3312.8
3280.3
3226.2
3193.4
3181.1
3231.9
3227.4
3470.7
3091.6
3086
2936.3
2887.5
2740.9
2635.8
2464.5
2114.7
1879.8
1771.3
1747.8
1454.8
1273.5
1093.4
995.6
857.7
711.6
681.5
719.5
714
688.9
696.5
698.6
708.9
516.5
658.4
618.4
560
618.5
559.9
485.5
502.7
453.8
494.1
451.1
436.1
365.3
310.5
333.5
320.2
343.7
242.9
290.7
207.3
217.3
184.1
194.7
111.3
215.8
86.8
140
152
158.2
141.5
187.4
201.9
247.7
219.4
262.1
296.5
306.1
389.8
461.7
414.5
461.8
479.7
471.7
405.3
468.7
423.9
498.4
426.4
411.4
450.1
360.9
354.8
356.9
360.8
340.1
293.3
363.1
197.3
213.8
354.2
137.5
132.5
158.1
56.1
101.1
69.4
37.7
4.9
0
28.6
56.4
74.2
208.4
64.1
0.9
12.2
25
94.7
41.6
46.1
61.2
85.2
112.7
87.2
63.8
133.9
172.5
175.8
155.3
196.9
246.7
266.6
298.6
284.5
377.3
373.2
372.2
324.1
386
362.5
388.3
336.4
362
325.3
232.9
209.7
261.3
213.5
192.2
240.9
173.9
110.1
138
118.4
119.8
180.1
336.2
495.9
548.2
612.3
624.9
629.6
575.9
556.9
549.6
670.1
654.6
585.8
534.9
565.9
467
534.5
408.1
380.6
378.2
304.8
342
269.4
272.5
268.8
254.8
276.6
270.3
278.1
434.5
285.1
272.9
276.1
251
320.5
356.5
230.4
317.7
316.1
401.7
385.1
358.4
346
402.5
369.7
329.8
344.5
281.7
312.8
268.6
212.6
239.6
238.7
132.3
178.3