6262.2
4613.1
2905.1
1480
1222.5
1478.9
1744.8
2119.4
2677.1
3389.2
4329.9
5567.2
6843.5
8589.8
10561.8
13089.4
15952.6
18346.8
19921.8
17499.2
11988.7
6281.7
2396.5
1902.5
2059.6
2250
2684.2
3352.4
4018.2
4953.1
6433.4
7853.6
9815.9
12209.3
14990.7
18209.7
22412.8
26732.5
30826.8
32019
26127.4
16512
7399.9
1919.3
1256.3
1073
887.3
891.7
1000.7
798.4
735.8
749.1
968.2
900
997.8
1209.9
1351.9
1604.6
1936.5
2042.8
2408.9
2416.6
2162.5
1533
1087.7
838.5
870.1
1009.1
1222.2
1567.6
2046.1
2681.3
3339.1
4053.4
4918.8
5716.6
6287.5
6007.3
4592.9
2966.2
1618.6
1154.9
1434.5
1401.9
1720.9
1906.1
1911.9
2365.8
2865.9
3738.6
4993.1
6566.7
7760.6
9233.7
11287.9
13344.1
14910.7
14679.3
11212.9
7050.5
3327.3
1687.7
1739.5
1899.4
2049.3
2370.9
2706.2
3280.6
3961.2
4837.3
5794.6
7038.5
8674.3
10547.4
12696
15259.6
18068.4
21985.3
26361.2
28934
28677
22148.6
13929
6737.6
2270.8
1662.3
1772.2
1708
1964
2134.5
2474.5
2817.9
3405.4
4175.3
4903.8
6044.4
7169.9
8530.5
10307.4
12447.3
14729.8
17236.6
20411.5
24874.8
28304.4
29844
26683.8
18915.5
11205.6
4838
2268.1
2167.1
2226.3
2421.7
2752.9
3118.4
3688.5
4179.4
4897.8
5323.5
5236
4417.8
3247.1
2137
1389.8
1256.4
1305.8
1401.9
1565
1889.3
2056.2
2493.6
3145.2
3822.5
4506.1
5266.2
5894.6
7052.7
8339
8854.5
8673
7000.8
4706.8
2735.4
1317.2
1050.6
1046.2
1124.7
1114.4
1348.7
1347.4
1499.3
1635.5
1812.6
2210.7
2787.9
3483.5
4447.6
5347.5
6289.6
7394.6
8610.1
10291.5
12075
13222.1
12871.6
10344.4
6993.4
3891.8
1766.7
1297.4
1178.7
1311.9
1374.7
1393
1490.4
1705
1677.8
1821.3
2071.1
2345.4
2721.9
3094
3691.8
4232.7
4956.6
5879.8
6763.7
7914
8979.1
10683.2
12840.5
14370.2
14607.1
12909.4
9563.7
5896.5
2786.7
1091.7
759.6
709.3
635.3
683.6
625.6
898.7
897.8
959.6
989.8
1120.8
1218
1440.6
1570.9
1821.5
2077.3
2386.5
2798.7
3135.7
3705.1
4350.6
4999.7
5728
6632.7
8043.4
9439.6
10093
10000.1
8812
7062.2
5424.6
3964.7
3260.2
2834.4
2057.2
1409.7
1056.7
664.3
672
644.2
572.2
568
646.1
740
779.3
871.1
1043.1
1176.8
1378.9
1644.3
1944.6
2168.6
2470.1
2895.3
3375.6
3899
4287.3
3971.7
3446.5
2372.3
1429.3
633.1
318.1
241.8
250.1
292
317.3
301.2
368.7
403.3
415
767
467.4
496.3
614.6
738.3
1019.6
988.1
1313.6
1622.7
1816.5
2164.2
2452
2837.6
3418.4
4237.1
4848.2
5420.7
5089.1
4376.5
3214.3
2026.4
1115.8
764.9
746.1
764.7
702.6
678.1
697.3
485.5
510.3
469.7
473
548.2
540.3
522.1
626
712.1
761.2
843.7
1150.6
1135.9
1279.2
1510.3
1729.5
1963.6
2283.7
2568.9
3021.9
3428.8
4111.4
4735.9
5080.4
4944
4361.7
3435.5
2252.6
1190.7
574.6
339.2
344.9
327.9
390.1
349.9
379.3
438.9
468.6
467
463.4
581.8
558.5
620.3
610.7
662.4
719.2
862.2
1067
1115.9
1325.6
1482.4
1752.9
2030.8
2378.4
2614.3
2829.1
2795.4
2719.8
2612
2404.9
2506.1
2711.5
2779
2676.5
2467.7
1962.3
1426.1
955.5
506.1
379.6
337.5
331.6
420.6
470
490.4
605.2
665.4
788.7
972
1057.7
1159.1
1255.5
1425.9
1685.7
2061.7
2269.2
2303.6
2182.9
1876.2
1469.2
923.8
472.7
262
267.9
251
197.7
195.2
209.8
198
352.9
190.8
285.7
291.8
308.7
305.4
417
352.4
293.9
323.9
431
367.8
398.4
494.1
620.5
698.6
983.3
1037.1
1210.7
1331.7
1466.6
1661.5
1942.3
2325.4
2610.7
2767.7
2763.1
2592.9
2316.2
1842.9
1517.9
1165.9
1056
1049.7
1070.7
863.1
756.3
595.2
405.4
297.8
238.7
261.8
228.3
267.4
495.6
593.8
728.2
755.4
881.1
729.6
608.7
465.2
428
535.5
549.7
608.8
653.4
728.7
782.2
905.5
999.3
1021.5
1186.7
1257.8
1344.5
1510.3
1692
1862.5
1988.6
1945.6
1830.5
1668.8
1324.1
1008.1
679.4
408.2
308.7
365.6
280.7
229.2
293.8
246.1
308.4
306.7
345.2
319.5
362.4
449.4
511.6
486
599.5
688.4
731.2
719.6
666.5
719.8
491.6
367.3
232.8
218.8
125.9
156.5
180.2
339.4
266.2
261.3
359.1
372.5
397.3
425
489.5
498
562.9
643
640.4
686.3
819.3
797.8
745
766.2
739.2
682
595
529.5
563.8
558.5
639.9
680.1
712.3
843.7
980.2
952.9
932.2
892.9
842.9
823.9
618
494.2
399.1
356
396.3
283.7
264.2
269.4
261.4
253.7
196.6
338.7
216.4
200.3
215.6
174
239.9
282.6
288.1
484.7
332.8
358.1
367.1
432.7
493.4
536.8
557.3
523
597.2
660.3
667.1
766.5
761.4
786.5
1051.1
967.1
1064.9
1040
1233.8
1282.8
1361.1
1488.4
1611.8
1655.6
1655.6
1630.9
1612.3
1618.3
1486.2
1434.8
1375.8
1228
1136.5
1016.5
889.9
782.8
662.6
611.1
595.6
531.9
481.7
413.3
486.5
406.8
363
249.3
233.8
220.3
255.1
341.1
418.1
470.3
297.7
243.8
276.3
215.1
210.3
245.9
234.5
207.2
191.4
230.9
251
202.9
211.4
230.9
254.7
250.4
229.4
367.7
267.4
205.1
234
319.8
234.6
305.7
487
505.6
425.3
442.2
419.4
358.3
343.9
402.6
275.6
346.3
413.7
440.1
515.4
636
826.9
842.8
894.8
1100.5
1218.1
1337
1366.3
1449.7
1552.8
1578.8
1606.2
1670.6
1669
1699.8
1773.1
1700.4
1752.5
1877.6
1769.5
1762.1
1730.1
1776.7
1849.6
1817.4
1873
1891.6
1885.9
1946
1980
1907
1862.4
1748.7
1728.9
1695
1791.6
1712
1826.1
1742.4
1810.3
1748.9
1766.7
1810.2
1899.3
1963.2
1886.9
1800.1
1872.7
1814
1759.9
1749.2
1852.6
1750.3
1795
1706.9
1695.9
1676.6
1704.3
1651.5
1664.3
1615.6
1561.9
1436
1352.5
1262.1
1193.6
1247.7
1159.7
1342.2
1229.9
1231.3
1308.4
1391.3
1421.2
1453
1459.6
1449.3
1363.4
1322
1283.4
1195.8
1153.9
1097.9
1020.4
987.9
966.1
896
872.2
960.4
988.2
998.4
1002
1096.8
993.6
977.6
955.9
945.4
979.7
910.3
971.4
883.6
919.9
877.6
838.1
814.7
822.6
854
981.8
1033
1027.7
987.5
989.8
1006
1042.4
959.2
914.4
830.4
923.3
591.2
548.5
572.6
390
396.7
371.8
364
400.5
360
451.2
349.9
466.5
440.4
425.1
442.7
457
496.7
541.9
563.8
528.4
530.6
680.1
633.8
699.9
667.7
743
768.6
822
820.2
885
950.6
945.2
962.4
960.7
1051.6
1152.8
1169
1345.4
1415.4
1574.4
1737.8
1936.7
2136.5
2469.1
2917.8
3318.3
3912.6
4521.4
5109.5
5303.3
5489.2
5485.2
5648.8
5740.4
5843.8
5932.5
6057.2
6277.4
6093.5
5787.2
5397.6
5094.4
4961.8
4847.3
4990.3
5443.3
6033.5
6666.2
7336.5
7908
8151.6
8270.9
8380.4
8222.1
8458.1
8517
8524
8857.3
8995.6
8349.6
7720.6
6969
6450.2
6070.5
5978.8
6141.3
6667.5
7158.1
7710.8
8575.5
8999.6
9298.7
9353.2
9202.2
9237.4
9412.3
9670.4
9735.4
9941.3
10035.8
9559.8
8803
7714.5
6960.2
6459.2
6134.7
6363
6846.9
7332.8
7950.9
8652.5
9354.6
9819.3
9991.5
9888.5
9669.2
9722.5
9959.3
10228.6
10230
10468.4
10176
9797.2
8723.5
7515.7
6784.4
6034
5799
6005.4
6377.1
6713.1
7316.5
7982.6
8692.2
9076.6
9381.2
8967.1
8649.3
8642
8717.4
9189.2
9270.3
9270.1
9148.4
8948
8227.1
7094.1
6026.8
5341.1
5070.9
5320
5633.9
6000.7
6478.5
6987.3
7670.9
8361.3
8772
8833.7
8396.1
8226.6
8084.5
8211.9
8683.9
8936.5
8913.2
8892.7
8603.6
8138.3
7011.6
5827
5145.4
4879.4
5028.6
5213.2
5494.1
5866
6275.4
6755.6
7483.5
7830.4
7951.6
7610.2
7195.8
6972.2
6907.7
7274.2
7599.3
7548.2
7387.5
7509.9
7003.5
6228.8
4979.5
4023.4
3323
3130.4
3218.1
3127.6
2981.2
3049.9
3175.9
3628.6
3678
3968.9
4044.2
3914.2
3644.1
3598.6
3598.9
3788.9
4012.7
4302.6
4026.3
3926.9
3801.4
3604.7
2871.2
2300.7
1907.9
1856.4
1978.6
2063.4
2106.1
2060
2170.9
2359.8
2553.6
2700.8
2905.8
2793
2603.5
2462.2
2360.3
2507.7
2461.8
2559.4
2490
2430.2
2340.7
2361.5
2105.4
1759.8
1501.3
1387.7
1329.9
1346.6
1436.7
1484.5
1619.4
1794.9
2048
2386.2
2570.5
2975
3179.5
3392.2
3485.6
3401.7
3315.5
3108.4
3241.1
3220.3
3411.4
3465.9
3364.6
3090.5
3139.1
3151.9
2787.2
2320.8
2012.4
2043.8
2146.7
2116.6
2088.2
2252.8
2384.1
2709.3
3066.2
3492
3934.1
4465.2
4978.4
5476.4
5733.6
5986.2
5754.3
5494.3
5299
5439.5
5663.9
5770.1
6018.9
5797.8
5494.5
5235.6
5365.4
5139.5
4319.3
3389.7
3130.4
3222.5
3420.8
3265.6
3305
3276.9
3586
4024
4498.1
5120.5
5828.6
6512
7307
7958.7
8407.2
8662.3
8376.6
7934.9
7616.6
7944.2
8290.5
8318.7
8780.1
8541.8
8221.3
7563
7765.9
7549.9
6564.2
5042
4466
4643.1
4766.8
4678.9
4520.9
4532.7
4626.8
5221.3
5727.5
6392.9
7102.7
8003
9044
10098.7
10706.5
11413.9
11548.4
11192.3
10591.1
10157.4
10488.2
11042.1
11339.7
11800.7
11592.4
11004.1
10234.6
10484.9
10252.9
8996.2
7047.2
6034.3
5966.6
6212.7
6203.1
6060.6
5956.1
6080.9
6626.7
7287.4
8102
9059.8
10007.9
11324
12585.1
13790.1
14661.5
15165.8
15385.5
14866.5
14045.6
13622.6
14265.5
14683.8
15253.6
15771.9
15423.8
14768.6
14054.4
14042.4
13655.7
12161.1
9679.3
8390.7
8345.5
9198
12001.7
16106.4
18768.5
18169.1
14393.6
11789.8
11276
12113.7
13180.6
14601.4
16023.6
17573.2
18802.6
19874
20402.3
20358
19647.3
18730.3
18503.5
19111.4
19730.4
20522.9
20784.6
20453.1
19539.9
18790.8
18457.8
17823.5
15701.5
12660.5
10491.2
9809.6
9675.9
9585
9251.2
8907
8601.3
8633
9089.1
9831.6
10770.9
11848.5
12993.9
14216.8
15668.2
16838.9
18101.4
18673.6
19071.3
18848.8
18112.5
17505.3
17466.9
17536.5
18094
18473.8
18620.4
18354.1
17737.1
17003.2
16519.5
15638.3
13743.9
11420
9344.3
8301.7
7764.1
7701.2
7155.2
6921.4
6489
6329.8
6445.1
6706
7088.7
7641.8
8364.7
9162.7
10019.1
10799.7
11631.5
12229.2
12753.8
12861.8
12760.1
12281.1
12045.4
11910.2
11979.1
12211.1
12439.1
12489.9
12356.6
11916.8
11502.5
10928
10358.9
9044.7
7751.7
6504.8
5445.3
4824.6
4473
4089.9
3806.1
3494.3
3229.5
3049.5
2991.2
3091.7
3220.6
3387.3
3797.7
3926.6
4230.3
4504.1
4740.2
4994.4
5174.7
5284.2
5157.3
5084.3
4957
4930.5
4813.6
5029.6
4978.5
4992.9
4877.4
4808.8
4584.9
4385.2
4082.5
3538.5
3196
2693.4
2160
1782.4
1528.8
1327.3
1154.2
1041.2
780.1
795.8
602.2
481.4
449.9
331.2
342
274.5
378.2
335.1
303
271.2
228.3
275.4
248.6
267.9
263.9
326.4
223
257.5
277.6
383.4
233.8
251.4
298
312.5
374.9
269.6
493.4
385.8
317.4
307.7
354.5
319.4
441.6
342.4
416.4
329.4
384.3
512.2
479.5
573
628
679.2
736.7
662.8
626.2
540.5
634.5
630.8
795.7
687.5
718.4
722.7
773.1
921.6
864.5
951.7
946
1060.6
1093.9
1369.2
1378.7
1441.5
1599.2
1842.5
2025.9
2127.4
2374.8
2577.8
2735.1
3181.4
4616.4
5599.8
5135.2
3410.2
1452.6
1169.6
1327
1191.6
1279.8
1370.3
1516.4
1636
1933.5
2055.8
2321
2680.8
2943.4
3359
3798.9
4343.5
4869.5
5526.6
6171.8
6911.7
7628.8
8538.6
9508.4
10614
11718
12797.2
13865
15293.3
17714.4
22065.4
26918.4
28740.2
25067.8
16799.9
9428.2
5310.6
3808.5
3350.1
3112.1
2776.7
2597.5
2611.8
2420
2529.2
2392.9
2506.8
2394
2485
2549
2646.5
2733.2
3015.8
3189.5
3483.2
3723.6
4017.1
4336
4711.4
5105.8
5516.1
5964.7
6339.2
6783.4
7008.9
7446.3
7551.7
7842.7
7989.4
8065.2
8131.3
8224.8
8434.3
8524.4
8475.2
8384.2
8430.2
8393
8373
8149.8
7965
7725.5
7478.7
7313.9
6963.6
6685.7
6444.8
6134.9
5826.1
5532.6
5368.3
5189.9
5182.8
5043.2
5101.1
5330.5
5391.6
5691.3
5990.2
6479
6797
7348.6
7998.6
8618.5
9266.7
9973.3
10864.9
11760.8
12537.1
13283.1
14088.2
14470
14932
15086.6
15443
15484.9
15487.4
15526.3
15475.8
15649.2
15604.3
15421.4
15316.7
15294.2
15262.4
15134.5
14810.7
14261.3
14037
13760.1
13385.6
12931.8
12586.8
12085.1
11874.3
11466.2
11281
11149.9
11203.6
11304.1
11303.7
11337.8
11336.8
11542.6
11532.3
11376.9
11346
11352.8
11297.1
11521.9
11669.5
11985
12601.7
13066.6
13851.7
14708.9
15645.7
16621
17506.1
18434.6
19176.2
19788.7
20684.6
21201.6
21775.1
22396.1
23033.9
23423.9
23954.2
24399.1
24869.8
25131.7
25652.7
26103.1
26742.6
27046.1
27188.7
27238
27144.5
26622.1
25810
24683.3
23229
21577.4
20064.4
18818.4
17158.2
15760.9
14302.7
12971.4
11709.1
10711.4
9754.1
9373.1
9348.4
9360.1
9632.1
9822
10230.4
10848.6
11670.8
12283.2
13155.2
14224
15233.5
16265.4
17442.1
18746.6
19849.2
20903.9
22252.1
23240
24325.6
25604.7
26930.9
28128.8
29330
30574
31653
31975.2
32192.9
32213.9
31678
31028.6
30099.4
28835
27528.1
26298.6
24996.5
23700.7
22267
20421
18689.1
16977.2
15520.3
14037.2
12814.7
11753.6
10975.5
10196.5
9470.6
9017.6
8556.3
8153.1
7883
7648.7
7564.5
7606.6
7810.7
7849.6
8041.7
8268.8
8760.6
9319.3
9768.2
10269.8
10985.1
11770.1
12354.7
13046.5
13697.5
14275.2
14867.8
15275.9
15759
15998.7
16478.8
16747.2
16843.4
17077.2
17320
17492.7
17501.5
17595.7
17461.8
17343.6
16987.8
16885.4
16638.2
16047.1
15670.5
15140.6
14839
14542.1
14296.5
14141
14235.6
14222.3
14137.1
14064.6
13743.3
13925.6
13158.2
12424.3
11675.9
11048.9
10465.9
9802.7
9124.9
8658.6
8126
7574.3
6890.7
6318
5812.9
5324.6
4836.7
4237.2
3594.3
3217.2
2858.1
2649.2
2380.8
2327.5
2212.6
2242.8
2196.3
2219.7
2258.4
2341
2403.6
2591.9
2598.9
2727.2
2864.9
2917.6
3100.6
3278.1
3398.3
3550.1
3834.7
4011.9
4056.5
4097.5
4152.2
4220
4306.6
4276
4203.2
4196.5
3919.8
3800.9
3687.3
3568.7
3378.9
3450.2
3018.6
2889.3
2628.6
2491.6
2231.9
2098.3
1929.8
1735.8
1598.8
1455.2
1411.1
1348.9
1322.9
1217.8
1216.6
1268.9
1397.2
1405.3
1436.8
1494.1
1616
1711.7
1827.5
1966.8
2192
2413.6
2403.4
2661.1
2815.4
3131.5
3471.7
3729.2
3973.7
4161.7
4351.7
4617.7
4487.1
4553.8
4595.2
4642.5
4581.5
4541.3
4538.1
4329.5
4192.8
4106
3922.3
3706.1
3621.8
3348.3
3003.6
2782.3
2654.6
2371.4
2053.6
1945.6
1653.9
1528.8
1345.2
1232.3
1193.9
1174.4
1163.3
1123.9
1172.4
1102.2
1060.7
1054.7
1050.8
1065.1
1057.6
1155.2
1162.5
1161.9
1303.5
1284.8
1371.3
1473
1585.5
1668
1821.2
2084
2115.7
2338.8
2512
2621.8
2947.8
2900.1
2846.8
2851.5
2887.4
2905.2
2919.3
3246.6
2796.2
2780.1
2739.1
2652.7
2472.4
2486.3
2394.1
2123.7
1829.8
1710.7
1665.1
1467.2
1319.6
1102.7
1024.6
882.1
662.4
689.5
647.7
631.8
631
613.2
653.6
664.8
475.9
606.5
560.1
473.4
605.6
479.9
457.1
455.8
405.4
450.6
401.1
419.2
327.2
278.5
276.7
317.9
304.2
233.2
342.1
155.9
207.4
194.4
196.9
60.3
225.1
63.9
125.3
152.8
152.9
96.4
198.3
191.7
234.3
140.8
207.8
268
273.3
330.7
439.9
351.7
426.2
453.9
402.6
359.3
447.4
402.1
456.3
411.2
373.8
382.7
339.8
344.1
323.1
330.6
355.1
294.7
396.7
210.5
228.1
409.3
156.3
156.2
152.7
90.4
97.1
66.5
28.7
12.5
0
78
39.7
72.8
292
71.9
3.8
11.8
44.2
134.4
16.5
23.2
49.2
103
101
57.5
81.4
143.1
152.7
169
150.7
198.6
245.5
261.3
286.6
242.8
329.2
384.4
380.4
344.2
373.3
377.8
396.7
353.8
380.8
367.7
234.8
237.7
298
227.5
221.8
301.8
250
186.3
162.7
140
128.6
194.3
283.1
450.4
501.4
551
624.7
635
620.5
580.3
544.2
675.6
650
563.9
551.3
655.9
489.3
604.2
460.7
458.7
447.1
377.8
381.7
294.2
297.1
317.4
287.7
320.1
341.7
307
537.1
344.6
280.4
296.7
256.1
374.5
398.1
272.7
361.6
346.1
417.8
449.2
400.9
380.9
438.8
434.1
365.5
425.5
356.7
382.4
303.5
246.9
298.2
312.7
245.4
249.8
NaN