6630.7
4873.3
2959.3
1653.5
1350.9
1539.5
1851.5
2258.4
2736.5
3479.9
4439
5559.1
7101.3
8741.6
10757.5
13284.9
16102.8
18984.8
20293
17624.8
11874.7
6399.8
2577.4
1892.6
2111.9
2417.9
2728.9
3280.3
4138.1
5068.2
6288.9
8136.7
9987.5
12369.7
15132.9
18584.5
22840.7
27698.1
31321.5
32110.6
25756
16016.7
7455.2
2067.9
1281.5
1176
1083
983.4
969.6
1062.3
902.9
900.6
915.9
1159.5
1139.2
1328.3
1554.9
1744.5
2097.1
2515.5
2591.5
2685.4
2228.6
1749.1
1227.5
1050.4
1010.9
1187.9
1410.6
1795.6
2363.9
2951.4
3696.2
4437.3
5394.9
6274.9
6726.7
6264.7
4696.1
3147.8
1829.1
1343.3
1378.3
1676.2
1737.8
2028.5
2269.6
2421.7
3167.7
4096.7
5319.3
6755.8
8402.9
9858.5
12137.9
14205.3
15480
14651
10965.7
7053.7
3624.9
1850.6
1812.5
2069.9
2255.6
2516.8
2999
3494.9
4214.5
5065.2
6183.7
7341.6
8971.1
10961.6
13192.3
15810.3
18932.6
23215.5
27481.4
29424.8
28042.9
21608
13615
6707.4
2486.1
1865.1
1780.5
1913
1966.4
2311.4
2557.8
2968.9
3541.5
4249.4
5151
6036
7441.4
8783.3
10529.9
12586.1
15063.4
17721.5
21011.3
25648.7
28759.1
28987.2
25569.6
18241.8
10947.6
4910.8
2494.6
2305.8
2477.5
2649
2954
3403.5
3889.8
4708
5313.1
5672.8
5481.4
4603.6
3361.8
2279.7
1547.7
1413.8
1456.9
1544.6
1672
1934.8
2390.7
2732.5
3365.3
4084.5
4797.8
5557.5
6394.9
7605.7
8756.5
9225.3
8728.1
7119.9
4881.9
2815.6
1523.1
1206.2
1192.8
1234.5
1317.1
1393.6
1554.3
1625
1723.6
1997.8
2346.8
2954.3
3736
4598.7
5638.3
6583
7574.5
8885.7
10831.5
12446.5
13166.9
12663.8
10363.9
7021
3983.3
1855.7
1394.2
1412.3
1372.1
1448.2
1566.9
1581.8
1690.3
1951.2
1974.7
2223
2454.3
2814.1
3236.7
3698.3
4372
5073.1
5898.5
6857.2
7919.3
9264.4
10885.6
12917.7
14164.7
14072.3
12634.9
9296.1
5834.7
2773.2
1149
882.4
772.2
755.4
730
815.5
794.8
1025.1
1090
1144.5
1239.7
1307.7
1486.7
1713
1865.3
2215.5
2460
2824.8
3290.3
3774.9
4333.7
5073.8
5792.4
6810.2
8169.7
9383.5
9943.5
9709.6
8708.9
7122
5417.4
4162.2
3350.5
2778
2213.1
1475.6
928.7
894.3
709.5
770.4
722.7
721.8
719.2
780.4
859.2
1011.6
1157.2
1334.2
1537.4
1772.2
2085.7
2336.8
2653.7
3097.4
3711.2
4103.5
4229
4204
3438
2573.7
1511
785.8
451.7
384
340.5
374.2
410.7
434.3
437.5
511.5
533.5
555.3
856
662.7
680.6
794
1001.9
1291.3
1368.5
1734.5
2053.4
2290.8
2672.3
3037.7
3602.5
4407.5
5075.8
5209.8
5151.4
4367.7
3257
2125.1
1192.9
839.5
834.4
816.1
770.4
735.5
687.1
687.4
574.6
596.1
572.6
633.2
643.9
672
703.6
822.3
889.6
957.4
1052
1376.8
1383.9
1561.6
1804.9
2065
2392.4
2727.1
3090
3625
4209.3
4892.5
4997.6
4809.3
4295.5
3383.3
2282.7
1299.5
660.7
528.7
451.3
448.7
461
518.1
496.4
508.9
590.6
595.4
602.1
622.5
721.1
739.1
798.9
806.8
897.7
971.9
1107.3
1339
1416.3
1657.9
1886.9
2267.9
2594.5
2763.7
2882.8
2905.5
2818.2
2660.2
2598.4
2631.5
2762.5
2774.6
2602.2
2364.7
2017.7
1429.6
958.1
688.7
495.6
453.6
474.3
490.9
607.2
660.5
694.1
851.5
910.4
1055.7
1203.4
1331.3
1442.4
1598.8
1927.6
2226.3
2399.6
2361.5
2237.4
1981.3
1509.7
1054.1
601.5
373
311.9
355.2
332.7
318.7
295.9
357.6
320.6
449.9
310.2
380
418.4
447.1
441.8
515
457.7
424
452.8
543.6
528.1
588.6
703.5
855.2
983.5
1202.6
1277.6
1458.5
1592.8
1786.4
2068.8
2441.3
2732.5
2763.5
2710.8
2597.6
2303.1
1904.5
1457.3
1281.1
1070.5
1037.6
954.2
955.5
730.6
649.8
495.6
402.6
370.5
333.5
411.7
432.7
563.2
676.6
699.8
770.2
824.6
863.6
692.3
589.4
550.4
582.1
694.7
741
792.2
860.3
954.5
971.3
1163
1194.3
1231.4
1436.4
1530.6
1628.7
1787.2
2001.8
2033
1998.3
1841.1
1704.7
1451.8
1071.7
810.5
550.1
448.2
410.5
436.2
386.9
397.4
446
382.4
443.9
437.8
470.9
496.6
562
637.3
705.3
754.8
827.2
865
801.2
772.6
690.7
678.5
484.8
333.4
296.3
308.4
285.6
311.6
331.7
464.8
411.2
421.9
495.6
490.4
535.1
585.3
668.2
696.5
724
851.6
842.5
902.3
931
907.4
832.3
809.4
788.7
724.7
682.5
670.2
757.2
755.7
817.9
831.7
954.3
1061.5
1104.3
1064.4
987.1
949.3
885
795.5
609.9
490.4
469.5
442.6
471.7
389.1
360.4
400.3
382.2
348.8
321.6
406.9
334.8
336.8
338.1
278.3
377.1
421
440.9
596.3
507.3
510.9
510.7
555.7
621.7
691.2
720.4
704.7
799.7
833.9
875
918.7
933
1016.4
1209.3
1175.3
1263.7
1273.2
1421.8
1519.4
1649.3
1700.5
1746.2
1774.5
1681.1
1679.5
1650.7
1633.8
1439.2
1343.9
1243
1199
1115
1015.5
877
821.5
790.1
708.8
690.4
638.2
540
506.8
528.4
498
491.3
399.7
390.7
388
386.5
414
494.6
580.9
424.9
365.9
361.6
329.4
327.5
345.8
351.7
317.1
309
357.2
372.9
329.1
343.3
354.3
363.2
350.4
317
450.4
403.7
334
373.5
441.7
437.2
466.8
600.8
609.6
504.7
557.1
543
439.9
434.3
534.2
443.1
531.2
632.4
691.7
797
890.4
1060.6
1086.3
1200.4
1388.7
1452.2
1539.3
1591.5
1648.2
1762.2
1787.9
1791.8
1882
1867.1
1896.3
1884.3
1839.1
1904.9
2018.2
1933.9
1905.7
1892.3
1965.9
2061.6
2019
2033.7
2113
2135.4
2166
2079.3
2014.7
1974.2
1896.3
1862.3
1838.1
1864.7
1882.6
1972.6
1960.9
1994.5
1957.6
1969.3
2033.9
2073.4
2049.5
1968
1948
2037.3
1975.7
1923.7
1922.6
1953.2
1917
1944.1
1841.5
1827.9
1848.6
1861.5
1817.8
1775.8
1690.9
1595.8
1497.1
1426.5
1346.9
1355.3
1385.7
1352.2
1482.5
1422.3
1478.4
1537.6
1588
1625
1610.2
1541.6
1555.8
1518.6
1463.4
1374.5
1292.6
1263.5
1198.9
1138.3
1057.6
1081.3
1029
1018.1
1083.7
1148.2
1187.1
1123.9
1200.7
1092.4
1091
1056.7
1080.9
1068.9
1012.1
1065.3
1022.1
1024
956.3
944.8
948.3
980.6
1002.2
1080.9
1149.2
1154.8
1101.3
1072.7
1075.3
1043.7
972.6
902
810.6
905.7
614.6
563.6
580.7
495.5
505.7
508.6
500.5
530.6
517
564.6
503.7
611.1
598.3
550.5
579.5
586.4
690
714.7
693.4
706.6
729.2
817.4
769.7
821.3
835.3
914
916.2
952.6
957.5
1057.6
1051.3
1071
1134.8
1142.2
1229.6
1373.1
1448.7
1627.6
1705
1920.1
2145.3
2403.7
2740.8
3214.1
3720.4
4261.8
4888.8
5292.2
5621.4
5742
5836.6
5929.5
6066.6
6156.6
6211.3
6459
6505.7
6367.2
5904.2
5596.5
5331.6
5168.1
5224.6
5351.2
5886.2
6477.7
7231.8
7820.7
8181.6
8464.3
8556.7
8661.3
8778.1
8792.8
8956.7
8998.3
9133.9
8981.1
8694.6
7726
7182.1
6644.5
6370.3
6260.6
6512.6
7027.3
7693.8
8329.4
8920.3
9456.8
9622.8
9613.4
9616.1
9658.2
9953.1
10050.8
10115.1
10324.1
10131.2
9699.7
8734
7832.2
7206.7
6702
6519.6
6681.6
7206
7798.9
8452.1
9146.5
9762.5
10036.9
10138.5
10016.4
10083.4
10052.9
10340.2
10500.4
10549.2
10690.7
10354.9
9707.3
8696
7493.7
6758.9
6354.5
6065.7
6334.6
6701.7
7160.8
7715.6
8375
9015.9
9385.5
9382.5
9228
8904.2
8915.9
9089.3
9449.5
9416
9612.2
9421.8
8874.4
8143.6
6887.5
6253.1
5531
5357.1
5511.6
5924.9
6308.8
6857.7
7398.4
8026
8613.4
8868.6
8870.8
8499.6
8309.3
8344
8563.2
8945.6
8990.2
9215.4
9019.1
8693.3
7908.8
6720
6052.9
5194.3
5064.6
5225.2
5442.6
5589.2
6023.6
6590.9
7000.6
7608.3
8019.1
8065.9
7672.2
7288.9
7055.5
7078
7499.3
7616.1
7616.4
7544.6
7242.7
7109.4
5841.3
4749.6
4023.7
3346.4
3245.8
3105.3
3193.7
3152
3191.5
3334.8
3595.9
4089.4
4045.8
4169.5
4024.3
3793.3
3691.5
3717.9
3971.5
4243.6
4180.7
4338.3
4005.6
3906.4
3496.8
2809.2
2365.5
2054.3
2022.6
2110.5
2152.3
2268.6
2305.6
2349.8
2588.9
2792.1
2985.8
2958.8
2937.9
2715.7
2641.9
2534.2
2606.7
2754.9
2705.9
2598.8
2621.8
2545.1
2387.8
2169.2
1786.3
1597.5
1578.5
1541.5
1554.2
1584.4
1744.6
1853.8
2063.7
2269
2608.5
2960.4
3191
3480.4
3608.7
3642.7
3553
3380.4
3486
3462.3
3596.3
3624.5
3680.9
3521
3323.4
3308.7
3251
2971.4
2431.8
2150.3
2205.8
2302.3
2280.2
2277.8
2384.9
2669.2
2946.2
3334.8
3795.9
4230.8
4809.6
5376.2
5741
6151.4
6141.5
5976.8
5642.6
5558.9
5827.1
5889.9
6144.4
6212.6
6001.7
5618.2
5570.6
5619.1
5136.1
4249.5
3435.7
3326
3463.8
3446.1
3494.7
3412
3555.3
3906.9
4337.8
4884.9
5538.1
6227.9
7126.4
7808.4
8327.2
8870
8942.7
8605.1
8024.5
7819.7
8322.6
8514.4
8849.9
8986.8
8650.6
8171.9
7897.8
8038.1
7633.1
6270.7
4910.9
4663.9
4835.7
5023
4801.2
4640.2
4659.2
4950.3
5476
6050.4
6868
7624.7
8506
9581
10470.9
11190.5
11744.7
11664.1
11266.1
10574.8
10412.7
11038
11356.3
11756.3
12038.5
11671.2
11043.6
10396
10714.9
10250
8573.9
6557.7
6023.8
6205.8
6377.9
6328.3
6151.1
6182.2
6340.8
6968.5
7570.7
8475.8
9480.5
10617.4
11876.2
13171.1
14210.2
15070.8
15728.4
15421
14834.2
13860.3
13989.8
14534.9
15075.7
15570.2
15950.7
15574
14572.2
13860
14272.6
13622.9
11621.6
9100.1
8170.3
8509
9506.7
12676.7
16588.5
18088.5
16591.6
12514.7
11020.5
11339.2
12249.9
13609.6
15172.7
16765.5
18106.5
19291.8
20312.9
20763.8
20332.5
19451.4
18541.1
18730.8
19345.3
20057.7
20688.1
21027.9
20504.2
19320.1
18600.2
18575.9
17619.7
14939.1
11788.5
10134.4
9724.2
9764.1
9598.4
9318.8
8823.3
8594.8
8861.8
9369.6
10134.2
11121.8
12247.2
13559.9
14889.4
16125.1
17437.4
18392.1
19177.8
19229.6
18678.7
17932
17303.9
17452.6
17900.4
18310.1
18769.9
18824.1
18247.9
17468.5
16985.7
16483.8
15391.7
13207.5
10508.9
8825.4
8060.9
7710.4
7492.4
7325.4
6759.6
6576.1
6377.5
6554.7
6937
7336.2
7926.7
8688.3
9597.8
10316.4
11249.9
11948.5
12596.9
12940.8
13108.5
12703.3
12347
11874.6
11938.7
12118.6
12419.7
12584.6
12650.9
12273
11898.8
11404.8
10936
10104.6
8805.5
7320.6
6024.5
5284.8
4714.1
4364
4074.6
3756.4
3478.3
3255.5
3083.3
3033.4
3116.1
3392.9
3548.6
3796.8
4226.2
4405.2
4712.3
4963.6
5179.9
5310.1
5333.2
5247.7
5094.6
4994
4918.8
5005
4953.1
5135.4
5046.8
4994.8
4778.8
4639.8
4399.5
4090.5
3581.1
3023.6
2548
2164.1
1771.2
1526.7
1354
1188.7
1075.3
925.1
677.2
701.7
548
503.5
491.2
390.5
446.1
408.8
466.3
440.5
398
399
355.2
340.4
356.4
362.1
367.5
416.8
309
358.6
357.7
459.2
382.4
377.3
423.6
450
489
397.4
579.1
451.7
404.9
440.7
510.7
438.6
572.2
504.9
547.7
520.2
557.6
656.7
696
805.4
771.4
750.5
722.7
715.5
725.1
698.9
785.6
789.9
965.6
837.6
876.6
913.5
950.9
1076.4
1089.4
1117.5
1186.2
1293.1
1385
1630.3
1710.1
1795.7
1970
2222.6
2413.4
2576.8
2784.9
3058.5
3799.8
5451.1
5794.4
4873.5
2629.4
1378.4
1253.8
1330.3
1495.4
1423.3
1519.9
1676.2
1866.2
2065.6
2302.7
2520
2832.2
3269.2
3605.8
4105.1
4577.8
5183
5876.9
6582.7
7314.4
8164.6
9057.8
10038.5
11108
12308.6
13510.7
14531
15843.1
18909.1
24294.2
29162.2
28994.6
22708.1
13302.1
7108.6
4472.1
3659.4
3300.9
3070.9
2923.3
2651.8
2558.1
2578.8
2512.4
2577.8
2515.1
2678.1
2565.5
2698.3
2793.4
2979.1
3114.5
3381
3620.2
3918.8
4255.6
4600.5
4933.9
5374.4
5788.2
6188.9
6585.2
6988.6
7329.5
7545.6
7857.1
7954.6
8177.2
8260
8306.8
8404.5
8517.2
8562.5
8576.1
8495.9
8516
8577.4
8399.9
8244.8
7916.6
7841.5
7509.8
7259.7
6955.9
6605.3
6391.7
6069.7
5806.4
5513.2
5330.7
5183.4
5061.7
5177.4
5148.3
5308.2
5673.3
5856
6198.2
6537.6
7109.7
7653.3
8217.9
8935.5
9688.3
10401.8
11262.5
12189.4
13020.9
13750.7
14350.6
14860.6
15142.1
15350.1
15475.2
15682.2
15578.6
15531.4
15630.2
15610
15633.7
15548.2
15361
15348
15325.2
15075.7
14642.3
14280.8
13926.5
13787.4
13344.8
12797.1
12361.1
12051.2
11697.5
11443.4
11213.9
11170
11321.6
11404.5
11470.1
11435.9
11489.6
11592.7
11497.5
11402.8
11283.3
11322.8
11473.2
11541.1
11857.5
12146
12587.3
13514.9
14167.8
15094.9
16055.1
17040
17961.4
18686.8
19442.7
20244.7
20817.6
21661.4
22047.6
22578.1
23121.5
23796.1
24171.1
24423
24886.9
25403.3
25822.2
26334.3
26785.9
27125.5
27253.3
27363.9
27057.3
26466.7
25496
24094.4
22594.8
21031.4
19413.7
17868.8
16570.2
14876.6
13526.2
12149
11078.3
10071.2
9467.9
9137.3
9145.3
9339.9
9589.1
9991.6
10371.7
11004.7
11760.3
12673.1
13392.4
14442.8
15593.6
16724.7
17805.2
18986.3
20271.3
21323.6
22467.5
23682.3
24721.8
25809.7
27009.6
28495.1
29562.2
30587.7
31585.1
32074.4
31942.9
31745.1
31432.4
30668.1
29372.6
28309.6
27025
25591.4
24156.3
22843
21066.5
19508.7
17796.1
16130.5
14535.3
13304.9
12171.4
11336
10448.2
9730.4
9172.5
8654.1
8233.1
7929.3
7588.1
7489.9
7455.8
7551.5
7697.2
7962.5
8151.8
8406.9
8847.8
9371.3
10067.8
10624.1
11215.9
11923.1
12725
13369.8
13928.2
14558.1
14996.6
15599
15873
16249.7
16464.5
16799.3
17079.2
17173.9
17340.6
17461.2
17575
17421.4
17382.8
17196.6
17039
16620.8
16342.9
15929.2
15383
15010.8
14692
14426.8
14373.9
14459.9
14564.4
14581.4
14567.4
14429.6
14381.6
14051.5
13847.4
12824.1
12111.6
11418.9
10801.9
10182.7
9504.9
8964.9
8390.6
7807.7
7083.5
6394.4
5902.3
5373.1
4712.2
4106
3591.3
3103.4
2880.8
2582.5
2432.7
2294.4
2324.9
2249.8
2343.6
2304.4
2343.5
2418.6
2542.3
2635.3
2821
2820.5
2957.5
3092.7
3169.9
3377.5
3597.9
3755.6
3930.5
4158.1
4209.5
4312.5
4293.4
4367.3
4394.1
4302.8
4293.5
4117.4
4057
3871.1
3654.4
3544.7
3410.5
3195.5
3235.7
2794
2566.1
2354.3
2267.3
2055.6
1866.7
1680.3
1512
1462.7
1342.6
1328.1
1322.9
1370.1
1264.7
1304.4
1386.3
1501.3
1532.5
1609.2
1660.5
1821.8
1936.5
2080.2
2246.7
2421.3
2715.8
2778.4
3051.7
3297.5
3602.3
3919.9
4096.2
4317.2
4452.5
4535.8
4694.9
4622.4
4657.1
4666.3
4624.4
4567.8
4479.3
4392.2
4140.2
3964.2
3840.6
3733.3
3440.5
3162.8
2899.3
2688.2
2521.8
2298.7
2035.8
1733.2
1640.7
1445.1
1344
1245.6
1191.8
1179.7
1129.5
1138.2
1062.3
1153.9
1100.1
1068.8
1060.5
1040.6
1137
1132.7
1217.9
1221
1248.7
1373.7
1402.9
1518.5
1603.3
1721
1825.9
2052.8
2336.2
2448.6
2628.4
2716.3
2761.9
2978.9
2932.2
2840.4
2813.3
2834.8
2900.9
2874.3
3125.8
2706.1
2624.9
2545.9
2527.4
2408.7
2203.9
2040.8
1754.7
1586.4
1529.7
1431.6
1159.5
1063
884.4
865.2
719.6
617.8
626.3
661.5
667.6
659.9
639.3
654.3
652.1
471.8
608.2
584.1
523.3
617.1
498.9
465
464.2
460.6
437.2
423.2
393.3
306.6
264.9
318.9
280.6
294.4
190.1
255.1
161.9
183.6
158.9
189
78
192.7
93
125.2
152.3
152.4
162.4
217.8
198.9
247.1
191.4
267.7
312.2
287.5
418.1
460.4
416.3
479.8
472.2
419.6
383.7
473.8
412.5
474.1
398.5
390.7
404.7
350.7
295.7
292
334.8
293.6
253.1
349.1
176
176.2
310.7
94.7
113.1
137
47.7
66
62.4
27.7
0
9.5
25.6
66.3
87.3
244.7
74.9
12
24.8
45.4
109.4
47.4
69.9
93.6
88.9
123
94.6
77.2
173.3
164.8
204.5
141.7
220.9
253.6
253.2
286.8
287.1
380.8
367.3
357
322.4
382.4
375.5
366.9
273.6
322.7
305
227.6
205.5
264.2
189.6
179.9
215.8
172.5
118.2
160.2
171.6
189.4
286.4
463.1
634
718.8
702.3
673.2
595.6
592.4
598.9
635.7
735.6
710.1
600.5
564.3
560.5
437.5
537.5
406.4
416.6
375.3
317.2
299.1
264.9
259.8
281.9
243.9
302.1
277.7
255.7
454.4
317.8
264.6
299.5
243.3
315.5
360.4
255.9
328.1
311.5
359.6
422
384.5
361.3
412.2
342.7
303.7
344.3
270.1
324.6
237.5
179.5
216
225
152.4
179.8