NaN
4633.7
2827
1501.5
1394.3
1575.8
1833.1
2288.4
2811.7
3460.6
4406.1
5571.7
7033.1
8851.2
10781.7
13281.6
16004.4
18607.2
19706.6
16893.4
11136.7
5854.5
2466.3
1913.4
2037.9
2427.5
2850.7
3377.1
4117.1
5112.2
6325.2
7949.2
10137.2
12346.7
15143.4
18568.4
22795.3
27482.2
31226.9
31311
24795.7
15043.7
6666.8
1919.6
1277
1152.8
1099.9
1038.3
990.6
946.1
1049.1
923.2
941.8
980
1248.7
1293
1506.9
1744.1
2066.1
2356.5
2636.8
2486.2
2139.4
1567.1
1189.5
978.8
1086.2
1162.5
1396.2
1810.8
2287.5
2923.9
3544.9
4339.9
5209
5935.6
6423
5880.1
4396
2834.9
1656
1346.1
1395.6
1537
1844.4
1884.4
2253.4
2597.1
3076.4
4136.1
5302.3
6624.1
8148.3
9881.8
11882.8
13831.9
14868.4
13795.6
10288.4
6446.4
3294.3
1947.6
1813.6
2001.2
2237.8
2627.9
2976.8
3492.7
4175.7
5032.4
6074.7
7428.8
8973.5
10907.2
13213.7
15773.2
18747.8
23181.1
26963.7
28775.1
26880.4
20290.5
12625
6003.3
2232.3
1896.8
1841.9
1877.6
2117.1
2254.8
2657.9
3039.5
3603.7
4292.8
5145.8
6249.8
7401.4
8955.4
10701.1
12732.7
15000
17888.8
21540.2
25801.3
28543.4
28533.4
24362.1
17353.3
10115.7
4445.4
2395
2313.2
2394.6
2669.9
2943.6
3283.2
3805.4
4492.8
5256.9
5452.5
5155.6
4325.6
3164.9
2114
1492.2
1382.4
1533.7
1604.9
1719.9
1965.4
2328.4
2923.4
3394.6
4059.4
4789.9
5472.8
6306.9
7523.9
8438.2
8814.3
8309.2
6507.2
4514.5
2650
1420.9
1244.3
1252.9
1255.6
1332.2
1428.2
1519
1700.8
1770.4
2024.6
2396.1
2982.3
3780
4695.5
5581.8
6618.3
7572.9
8918.9
10817.4
12320.7
12775.3
11983.7
9644
6572.1
3637.2
1783
1412.6
1382.6
1504.1
1480.1
1579.9
1695.7
1726
1856.4
2147.7
2261.5
2513.8
2904.6
3283.5
3815.8
4459.4
5200.7
5980.7
6928.4
8115.4
9305.5
11259
13033.1
14004
13635.5
11922
8816
5402.2
2566.5
1075.6
879.6
876.3
795.8
846.7
809.8
925.7
903.5
1156.5
1233.9
1304.2
1395.9
1555.6
1757.3
2041.5
2189
2611.8
2930.6
3355.2
3879.9
4433.4
5159.2
5987.3
7007.7
8333.3
9378.5
9684.6
9528.8
8391.2
6848.5
5191
3842.5
3183.4
2631.3
1997.8
1494
913.3
794.5
941.8
801.4
868.1
785.4
805.9
844.9
927.5
1068.4
1231.6
1403.5
1662.8
1862.4
2057.8
2344
2639.7
3153.2
3730.4
4110.4
4120.2
3867.1
3364.7
2348.8
1473.3
719.6
493.9
440.9
407
414.5
415.4
459
506.6
536.3
579.1
661.3
650.4
956.1
758.2
837.1
999.9
1230.2
1679.7
1737.8
2095.8
2402.9
2674.3
3188.2
3736.8
4423.3
5010.3
5117.9
4835.4
4314.9
3151.2
2093
1261
909.2
900.8
895.9
861.2
836.8
781.5
716.3
711.1
619.4
668.3
674.7
718.4
751.3
835.2
861.7
991.6
1051.2
1183.8
1328.1
1652.6
1677.3
1884.6
2165.5
2464.1
2832.4
3222.7
3710.1
4402.7
4845.4
4964.6
4615.6
4162.7
3229.1
2184.9
1233.7
659
555.6
563.6
527.1
546.2
578.2
592.1
585
608.2
668
677.3
694.1
728.1
838.5
879.4
916.4
956.4
1033.8
1134.6
1304.6
1531
1687.7
1938.2
2273.4
2648.4
2772
2817.1
2843.7
2811.9
2705.5
2597.5
2723.4
2801.6
2796.8
2652.4
2371.1
1954.4
1470.2
952.8
659.1
656.1
549.7
583.9
608.8
630.7
743.7
809.8
929.9
1019
1072.2
1253.4
1395.1
1516.9
1691
1963.8
2256.8
2352.7
2314.8
2142.5
1948.5
1480
1031.4
648.4
409.2
370.3
381
436.1
419.9
400.3
411.1
439.6
412.1
532
410.8
491.8
502.5
513
518.8
588
518.3
518.4
573.3
686.9
676.4
810.8
943.5
1084
1180.7
1446.8
1514.3
1722.4
1898.7
2226.2
2545.7
2775.8
2821.9
2709.6
2584
2360.9
2011.9
1624.8
1339
1312.9
1229.8
1131.3
1012.7
947
737.7
613.3
486
391.4
407.4
458.2
627
660.4
713.4
781.2
829
902.2
853.1
853.3
660.2
670.7
684
717.3
838.9
849.8
979.1
1015.9
1108.1
1154.7
1296.5
1379.8
1418.8
1599.1
1730.9
1883.5
2048.1
2085.5
1987.9
1827.1
1680.4
1462.4
1134.1
773.3
584.8
503.2
482.9
476.7
516.5
428.7
461.4
497.9
462.1
529
531.6
566.9
571
657.2
773.7
855.3
871.7
903.7
856.4
800.8
684.1
621
574.7
399.8
350.1
358.8
406.6
385.7
397.2
416.3
573.3
551.1
547.2
609.5
609.7
646.9
659.7
758.6
791.8
848.5
1006.4
937.6
931.1
992.1
935
879
802.4
777.6
762.3
749.3
773.9
883.8
884.3
966.2
1036.6
1100.5
1141.3
1112
1029.5
980.6
885
755.1
716.7
558.9
533.5
509
485.9
528.6
445.8
421.3
465.2
465.2
416.6
399.2
501.5
373.8
414.9
418.9
391.6
456.3
501.9
526.6
708.3
588.3
615.4
640.6
702.3
694
782.1
856
807.1
907.1
953.3
979.7
1062.8
1085.5
1146.2
1369.1
1324.2
1404.1
1441.5
1639.5
1694.3
1762.1
1771.5
1827.5
1836.7
1780.2
1729.7
1687.9
1619.4
1395.2
1336.4
1314.5
1178.8
1103.1
945
820.3
775.2
717
700.4
658
612.5
529.4
482.5
563.7
548.7
532.7
450.9
456.2
449.3
441.7
509.9
547.4
614.6
481.4
394.9
433.4
405.6
388.2
449.4
408.3
415
397.3
440.2
424.5
419.8
426.7
426.4
458.5
379.7
409.6
549.1
452.1
427.6
495.2
570
526.4
562.6
667.5
638.7
581.4
562.3
543
485.1
518.2
630
591
686.8
776
865.8
993.6
1081.7
1234.1
1270.5
1385.1
1529.9
1607.6
1642.8
1672.5
1790.7
1880.2
1859.4
1856.9
1878.9
1916
1896.2
1921.4
1916.3
1949.8
2051.1
1936.9
1924.7
1980.9
1986.4
2102.8
2048.8
2071.1
2077.9
2126.2
2055.4
2012.3
2004.6
1959.7
1880.2
1854.7
1842
1912.7
1904.8
2044.2
1975.4
2023.5
1994.4
1998.5
2036.8
1985.3
2027.6
1945.6
1967.2
2021.2
1969.8
1959.7
1915
1965.5
1879.1
1914.6
1833.6
1828.8
1853.4
1836
1767
1613.3
1599.8
1558.8
1402.9
1380.2
1362.4
1365.6
1431.8
1422.9
1551.4
1482.3
1534.3
1590.2
1646.3
1665.2
1579.5
1550.7
1512.6
1423
1375.7
1299.3
1256.3
1262.4
1192.1
1145.3
1117.9
1138.5
1081.1
1109.2
1194.3
1262.4
1223.5
1181.6
1231.7
1197.7
1120.3
1114.8
1121
1122.3
1061.5
1102.8
1008.7
1055
1028.6
1056
1047.1
1096.7
1142
1248.5
1231.7
1273.4
1200.5
1172.4
1114.4
1063.4
994.4
867.3
796
837.8
611.4
602.3
620.4
532.1
563.9
584.2
594.3
600.4
593.6
669.8
599.9
711.3
689.5
661.7
704.1
718.8
796.7
795.4
788.1
815.2
828.9
961.3
894.2
974
1011.7
1052
1057.3
1065.5
1079.3
1156.2
1201.3
1235
1266.2
1293.8
1444.8
1596.5
1691.5
1864.2
1979.7
2227.8
2487.4
2797
3261.6
3776.7
4340.5
4772.2
5227.3
5425.3
5677.6
5710.7
5795.4
5901.2
6034.1
6060.8
6304.5
6300.2
6053.7
5693.6
5392.2
5229.5
5109.9
5045.4
5396.1
5863.6
6454.5
7097.6
7715.6
8042.3
8207.7
8348.5
8432.1
8492.7
8715.2
8583.5
8757.3
8879.7
8568.4
8125
7553.4
6913.2
6543.1
6198.1
6162.2
6455.5
7008.1
7589.2
8280
8847.8
9069.9
9354.1
9317
9363.2
9468.5
9744.1
9774
9877.5
10011.1
9740.8
9212
8304
7556.8
6952.5
6499
6359.6
6649.1
7076.3
7692.7
8359.9
9148.2
9591.2
9841.4
9828.2
9779.3
9796.6
9887.3
10220.6
10207.5
10378.7
10432.5
9991.1
9176.2
8116.2
7359.7
6577.6
6097.1
6076.5
6299.7
6631.4
7178.6
7648.1
8355.2
8870.4
9153.8
9150.1
8868
8894.7
8739.2
9030.6
9256.6
9223.1
9375.6
9158.5
8651.8
7526.4
6679.5
5942.1
5584.4
5302.9
5517.6
5855
6325
6802.1
7428.3
8087.7
8524.6
8705.8
8628.5
8378.8
8232.2
8197.1
8624.8
8782.8
8907.1
8992.2
8943.4
8494.3
7563.7
6461.6
5782.3
5365.3
5057.8
5246.5
5529.4
5729
6101.2
6584.4
7200.8
7694.8
7932.5
8014.9
7601.7
7332.7
7145.1
7107.9
7615.9
7604.5
7539.5
7534.7
7208.4
6684.9
5809.9
4681.9
3914.9
3430.5
3260.4
3184.5
3086
3199.7
3265.7
3409.7
3619.8
3911.8
4256.2
4116.5
3982.7
3804.9
3726.7
3703.9
4013.7
4220.9
4238.4
4132.1
4227.1
3873.6
3352.5
2674.3
2352.6
2071.9
2082.4
2141
2157.7
2222.4
2362
2492.6
2589.8
2811.8
2994.2
2978.2
2801.3
2695.5
2626.5
2618.3
2600
2627.1
2770.9
2605.9
2572.5
2527.9
2398.7
2000.3
1777.4
1589.1
1490.7
1586.3
1584.3
1586
1711.7
1889.1
2058.9
2279.3
2584.6
2900.6
3237.8
3385.7
3563.4
3525.9
3409.5
3328
3353.1
3526.9
3518.5
3645.5
3530.2
3367.5
3281.1
3251.2
3114.7
2768.4
2374.1
2133.5
2196.4
2271.3
2308.8
2329
2413.2
2698.2
3017.3
3391.8
3833.3
4316.5
4834.1
5318.5
5769.2
6021.7
6080.4
5739.1
5467.7
5432.1
5709.5
5866
5992.4
6006.5
5718.9
5472.7
5459.8
5438.5
4871
3939.5
3338.4
3324.3
3427
3394.7
3357.4
3427.9
3537.6
3945.3
4316.8
4921.8
5557.3
6273
7075.9
7775.8
8211.2
8680.5
8647.6
8259
7814.4
7686.9
8159.8
8377
8727
8839.6
8391.8
7850
7660.2
7943.8
7209.8
5871
4702.2
4687.7
4859.7
4878.5
4722.4
4660.6
4643.9
5000.1
5513.3
6093.9
6873.8
7634
8589.3
9525.7
10450.8
11018.1
11566.1
11342.7
10875.1
10209.3
10242.1
10921.7
11156.1
11582.8
11823.2
11349.4
10578.8
10231.2
10618.5
9811.4
8051
6210.1
5971.2
6143.4
6337.3
6161.6
6043.9
6084.7
6390.3
7005.2
7596.3
8574.9
9514.7
10650.3
11970.7
13152.2
14061.2
15010.8
15475.7
15153.5
14358.8
13572.1
13795.7
14534.5
14731.9
15518.9
15605.7
15118.7
14217.6
13619.9
13969.4
13232
10952.1
8482.1
8110.4
8400.7
9681.9
13409.2
17132
18247.6
15856.2
11775.2
10821.9
11352.1
12378.1
13593.2
15236.9
16828.7
18231.3
19227.5
20167.6
20455.7
19978.8
18867.9
18149.1
18543.4
19362.3
19825.9
20653.1
20629.3
20169
18899.8
18310.3
18202.9
17022
14043.2
10904.6
9768.6
9642.1
9524.5
9373.6
9097.3
8677.2
8449.3
8788
9375.6
10170.3
11121.7
12241.5
13600.3
14968.8
16268.5
17239.4
18369
18923.9
19065.2
18288.1
17381.6
16986.8
17160.3
17664
18272
18539.1
18644.7
17980.2
17048.6
16459.4
16254.3
14878.9
12441
9897.8
8391.3
7849.2
7608.9
7373.8
7092.9
6763.7
6312.5
6392.4
6460.4
6903.9
7355.9
8007.9
8703.7
9569.3
10475.4
11265.9
12025
12552.2
12863
12848
12632.5
12064
11810.1
11734.1
11968.6
12256.4
12433.4
12518.1
12120.4
11664.4
11237.6
10734.3
9842.4
8423.8
6968.5
5670.1
5027.2
4649.5
4308.4
3946.1
3705.6
3361.7
3186.8
3101.5
3052
3195.7
3335.9
3676.8
3885.4
4158.8
4572.5
4729.7
5041
5237.4
5363.5
5310.3
5207.3
5060.6
4947.1
4892.5
4966.6
5084
4994.8
5133.8
4926.8
4805.8
4550.8
4396.4
3976.5
3514.9
2963.8
2395.2
2076.8
1845.4
1540.3
1331.4
1210.9
1033.8
917
776.4
598.7
628.1
525.5
498.2
509
397.3
444.3
410.7
488.5
458.5
459.8
455.6
406.7
385
413
413.1
428
471.3
409.2
428.6
446.1
536.8
463.6
459
486.8
511.8
554.8
468.7
642.6
510.4
468.5
497.5
558
524.4
625.5
575.9
614.5
606.9
645.7
814.2
848.8
870.1
753.3
723.3
818.7
811.6
828.7
798.5
867.9
859.2
1026.9
956.9
990.5
1018.2
1081.5
1184
1212.3
1254.6
1313.6
1462.9
1562.3
1862.2
1939.4
2056.1
2249.4
2519.4
2712.3
2875.6
3142.5
4145.1
5768.6
5741.2
4520.3
2208.3
1397.6
1346.4
1328.1
1395.6
1625
1607.4
1714.5
1917.7
2132
2341.3
2657.4
2933.1
3288.9
3824.7
4203.9
4786.3
5342.4
6019.7
6754.5
7551.6
8378.9
9268
10387.9
11430.4
12566.9
13770.7
14900.9
16332.6
19707.8
25465.2
30048.9
28952.3
20927.2
11264
6067.7
4106
3546.5
3243.5
3026.4
2849.3
2704.7
2537.5
2465.9
2531.4
2425.2
2600.6
2578.4
2785.5
2690.4
2812.2
2953.2
3203.2
3364.2
3716.2
3946.9
4314.4
4645.3
4997.3
5403.6
5860.3
6264.9
6652.7
7030.1
7349.8
7617.9
7717.8
8048.8
8154.4
8176.9
8320.2
8331.5
8448.3
8466.2
8482.9
8465.5
8450.3
8486.6
8371.9
8077.4
7896.5
7674.5
7488.3
7140.9
6792.8
6571.1
6214.6
6041.5
5712.8
5461.1
5287.6
5109.6
5040.9
5049.6
5232.7
5262.5
5508.1
5945.3
6216.8
6658.2
7127.3
7714.4
8300
8946.5
9791.4
10507.7
11320.8
12120.9
13068.2
13851.2
14343.4
14747
14975.6
15159.9
15450.5
15467.5
15433.2
15338.1
15393
15494.3
15431.2
15345.4
15204.7
15169.9
15181.5
14885.1
14385.5
14052.4
13798.8
13424
13135.4
12603.7
12081.8
11809.3
11548.9
11198.2
10985.6
10930.2
11131.6
11231.9
11362.2
11345.6
11431.6
11395.9
11262.9
11189.8
11090.4
11185.5
11354.5
11504
11717.8
12104.8
12600.5
13321.6
14315.7
15112.6
16081.7
17038.5
17868.8
18724.6
19378.9
20075.6
20839.1
21422.1
22031.8
22395.2
22850.6
23605.7
24273.4
24370.1
24660.4
25075.9
25764.8
26109.8
26610.2
26834.1
27086
27124.2
26707.2
26024.1
25135.7
23687.4
22090.5
20505.7
18917.4
17389.3
15888.5
14496.2
13027.8
11758
10667.1
9819.8
9251.6
9081
9056
9281.3
9571.4
10010.4
10481.9
11051.7
11794.8
12644
13715.2
14544.1
15629.7
16838.5
18103.9
19152.9
20357.9
21606.7
22575.6
23709
24864
26020.7
27254.7
28597.6
29815.9
30757.2
31514.3
31959.5
32057.1
31654.4
31130.3
30547.2
29084.2
27834.8
26535.4
25271.2
23890.3
22259.3
20564.7
18838.3
17296.6
15607.4
14111.8
12906.4
11903.6
10934.5
10257.9
9514.6
8998.4
8513.5
8104.4
7827.4
7617.1
7467.8
7434.5
7481.2
7673.7
7892.5
8279.4
8541.6
8890.2
9385.7
9997.6
10702.6
11324.6
11916.9
12735.3
13516
14024.2
14626.3
15099
15430.3
15853.3
16202.9
16570.5
16721.7
16964.4
17251.6
17228.6
17308.5
17355.7
17381.8
17212.2
17048.8
16824.3
16589.1
16025.6
15666.2
15180.8
14793.1
14418.4
14296.3
14148.1
14199
14420.3
14416.4
14368.9
14226.9
14043.6
13761.8
13108.2
12757.8
11701.2
11070.5
10514.8
9898.8
9239.8
8632.6
8114.1
7487.4
6815.6
6242.6
5712.5
5107.8
4511.7
3872.3
3427.9
3030.6
2697.4
2531.3
2355.5
2343.2
2257.6
2318.1
2284.1
2381.4
2399.1
2450.1
2548
2631.1
2776.8
2899.9
2976.7
3119
3302.4
3316.5
3578.2
3858.9
3994.8
4077.6
4243.4
4305.9
4351
4356.9
4385.6
4329.9
4227.4
4117.5
3953.1
3897.5
3674.1
3466.9
3317.4
3189.6
2975.5
2974.9
2498.2
2335.3
2147.3
2089.2
1856
1678.9
1502.8
1414.6
1385.3
1343.2
1371
1418.2
1425.4
1387.8
1429.5
1475
1600.7
1715.5
1754
1845.2
1998.5
2135.2
2333.3
2504.9
2698.9
2977.1
3097.4
3440.9
3671.3
3910.3
4173.5
4355.5
4545.5
4560.4
4635.1
4756.7
4690.2
4661.3
4592
4554.5
4481.1
4352.8
4198.5
3913.1
3774.8
3697.7
3458.6
3090.1
2848.8
2641.7
2443.7
2227.4
2002.9
1785.9
1550.5
1512.8
1307.9
1272.5
1195.9
1149.5
1165.2
1125.6
1142.1
1100.1
1169.3
1134.9
1127.1
1142.3
1175
1197.8
1187
1324
1393.9
1389.7
1507.1
1553.3
1680.2
1803.6
1951.5
2065.3
2340.8
2573.1
2769
2877.4
2856.5
2854.6
3088.2
3039.7
2887.3
2854.3
2882.2
2900.6
2931.4
3098.5
2608.2
2596.4
2490.4
2420.1
2170.8
1928.8
1841.5
1667.6
1510.1
1362.7
1252.4
999.1
912.9
797.3
780.1
683.3
620.2
645.2
696
689.6
648.6
646.6
668.9
672.7
487.2
620
586.5
516.1
600.5
522.9
500.6
463.3
444.9
451.9
395.9
385.6
305.9
273.7
283.8
296.2
272.6
188.5
258.3
157.1
205.8
206.4
215.7
111.6
249.3
108.4
184.2
206.9
206.6
182.3
263.9
248.2
319.7
269.6
297.1
385.7
382.7
478
534.6
475.8
497.8
518.2
455.4
404.8
494.1
407.9
469
442.8
413.5
408.5
306.3
308
292.1
326.1
317.9
290
359.4
160.3
163.2
361.6
126.8
107
138.5
68.1
98.5
105.5
68.8
0
32.3
84.4
97.9
117
293.4
111.6
65.9
80.9
110.6
164.8
102.8
109.9
119.7
140.1
175.2
153.5
137.2
220.6
238.8
249.3
252.4
284.4
359.9
358.7
368.6
348
406.5
393.8
401.8
366.6
413.9
376
383.4
295.4
356.8
324.2
244.2
237.5
241.4
201.1
175.8
252
226.1
174.5
224.1
265.6
347.5
495.8
672.7
780.1
753.1
704.8
643
655.5
627.9
667.6
672.5
778.5
708.9
577.6
521.1
536.2
408.2
516.1
371.7
384.8
370.8
328
332.7
308.2
298.6
321.5
263
306.2
336.8
314.5
531.6
340.1
321.9
342.1
302.8
389
402.5
298.8
402.7
345.5
431.4
464.9
443.8
402
422
408.1
331.5
372.3
294.1
325.5
246.8
198
220.7
232.6
153.9