NaN
4507.1
2799
1440.3
1317.2
1467.6
1749.3
2177.2
2682.9
3302.1
4231.1
5384.9
6781.6
8523.4
10368.8
12759.6
15509
18062.6
19389.9
16872.7
11311
6074.5
2488
1896
2038.9
2373.4
2771.4
3317.9
3975.3
5062.9
6252
7793.7
9889.8
12173.9
14894
18255.8
22484.6
27106.5
31132.1
31534.5
25510.4
15746
7180.3
2004.9
1271.4
1104.1
1060.1
965.7
900.7
900.5
1019
847.8
858
914.1
1163.2
1198
1359.6
1596.5
1819.4
2162.8
2442.2
2259.8
2013
1440.8
1132.3
918.4
1027.5
1043.5
1258.9
1565.8
2088.9
2700.9
3271.8
3985
4773.6
5563.6
6011.1
5619.1
4228.6
2759.6
1617.3
1289.7
1292.2
1448.3
1723.1
1751.9
2121
2427.9
2900.6
3891.1
4950.6
6264.4
7653.7
9286.3
11244.1
13134.2
14285.4
13401.9
10227.8
6379.2
3371.9
1869.2
1718.1
1887.6
2173.7
2512.3
2808.7
3358
3986.4
4846.3
5885.4
7157.4
8605.6
10510.3
12724.1
15187.6
18061.4
22360.2
26308.4
28276.3
26690.9
20477.9
12963.1
6319.9
2273.8
1810.2
1768.2
1825.9
2047.2
2206.4
2561.2
2942.7
3493.9
4176.3
5042.2
6134.4
7232.8
8837.1
10523
12531
14907.5
17646.8
21200.6
25493.4
28532.5
28737.1
24852.8
17921.6
10523.2
4649.2
2279.3
2201.3
2235
2483
2731.2
3042.8
3495.6
4125.6
4801.8
5042.8
4840.3
4088.1
2991.5
2038.1
1433.3
1306.2
1459.4
1510.6
1615.9
1840.4
2188.4
2724.9
3155
3758.2
4459.5
5081.8
5810
6957.1
7855.3
8262.9
7762.3
6238.1
4343.4
2505
1367
1191.3
1160.5
1176.2
1221.8
1350.2
1421.2
1579.1
1654.3
1881.3
2277.9
2795.7
3555.5
4444.7
5313.1
6286.1
7192.4
8415.2
10269.3
11732.9
12291.8
11604.4
9456.2
6535.6
3682.8
1770.9
1350
1350
1407.9
1404.8
1502.2
1619.2
1629.3
1810.7
2096.9
2164.9
2427.9
2788.7
3198.4
3690
4274.9
5025.2
5740.5
6716
7809.4
9041.9
10899.7
12696.8
13771.3
13440.3
11878.5
8980.5
5515.3
2683.6
1087.6
837.6
803
754.7
806.3
776.3
885.6
898.2
1118.7
1169.1
1252.2
1383.6
1543.1
1732.9
1921
2183.1
2556.9
2852.7
3269.4
3798.7
4310.1
5043.8
5787
6861.8
8134.3
9230.4
9672.6
9449.8
8387.8
6835.2
5085.9
3661.2
3017.7
2502.4
1875.5
1432.8
913.7
768.3
934.3
756.8
859.4
796.1
763.9
803.9
878.8
1015.8
1142.8
1313.5
1550.5
1719.2
1946.1
2197.9
2448
2837.1
3458.6
3808.4
3911.4
3694.8
3230.6
2253.3
1414.2
690.6
467.4
400.1
384.4
378.8
411.8
426.8
483.8
472.6
548
606.1
622.7
910.3
711.9
807.9
966.6
1184.1
1554.2
1619.1
1998.1
2260
2547.5
2967.3
3481.6
4174.4
4750.9
4971.9
4682
4271.5
3142.5
2088.3
1281.5
926
927.6
959.2
912.3
850.1
760
726.1
704.4
623.4
656.1
652.3
704.7
751.3
795.3
811.6
968.5
1025.2
1130.3
1291.9
1616.9
1612.8
1853.1
2121.4
2412.2
2731.8
3107.2
3653.4
4305.5
4773.1
4893.6
4610.1
4118.9
3290.8
2223.8
1289.7
687.7
540
576.3
475.8
492.8
539.9
588.4
558.8
588.5
644.4
658.1
659.8
683.9
786.3
793.4
874.8
866.5
987.9
1057.7
1214.5
1479.2
1566.7
1837.8
2103.7
2481.9
2569
2675.1
2699.9
2738.9
2628.5
2582.7
2697.5
2819.6
2786.8
2657.4
2418.1
1998.1
1501.6
981.3
676.4
629.8
556.3
558.6
582.5
613.2
727.6
795.7
845.5
939.5
1037.5
1176.6
1303.7
1408.9
1572.7
1827.6
2092
2201.8
2202
2035.2
1845.1
1476.7
989.8
645.9
420.1
370.3
392.2
441.8
396.5
398.3
398
428.8
404.7
508.6
395.7
473.1
499.4
506.4
511
575.6
554.5
550.9
545.4
670.6
677.9
777.7
897.3
1041.2
1122.2
1405.8
1479.9
1719.4
1840.1
2129.2
2490.7
2696.7
2778.6
2695.5
2625.3
2461.8
2092.2
1694.1
1411.8
1465
1367.3
1240.8
1120.3
1031.2
789.6
661.8
515.2
364.8
391.4
433.9
595
657.4
732.2
806.5
833.5
895.3
872.5
865.3
671.6
632.3
655.7
717.9
796.1
869.5
921
1005
1075.3
1097.6
1273.3
1335.5
1384.3
1573.8
1664.7
1846.1
1992.4
2018
1921.6
1844.2
1684.1
1483.3
1130.6
747.1
579.9
493.8
443.9
445.9
439.4
432.8
416.1
440.7
411.4
492.3
517
529
556.5
604.3
735.3
796.6
814.6
819.1
791.6
743.6
688.9
600.9
564.9
387.3
324.5
358.7
407.1
399.4
396.9
425.4
551.3
502.5
498.4
596.3
606.7
607.2
642.4
732
753.8
860.1
968.7
905.7
922.3
932
884
837.1
785.1
766.9
734.7
702
726.1
835.6
812.4
959.7
982.9
1051.5
1122.3
1092.7
1015
959.6
881.1
789.6
716.8
560.2
493.3
481
490.2
510.1
421.8
404.4
421.5
415.4
411.3
362
486.7
362.5
369
377.8
366.3
417.1
463.6
494.8
666.1
538.7
603.9
581
658.8
721.3
747.5
775.5
790.3
861.5
902.7
907.7
993
1010.6
1068
1267.9
1257.3
1312.2
1350.9
1580.6
1636.1
1717
1734.3
1779.2
1804.8
1798.2
1749
1663.1
1662.2
1442
1343.5
1305.5
1198.1
1056.3
894.8
755.2
721.8
636
628.2
584.1
544.7
480.6
435.6
502.6
473.8
494.8
390.1
413.6
400.1
405.4
463.1
522.7
584.7
435.4
381
425.9
354.4
372.8
426.8
401.3
416.5
409
416.8
426.1
367.8
401.6
375.1
410.7
384.8
387.3
499
449.2
427.6
454.5
567.4
520.4
512.6
637.1
623.7
536.7
523.8
504.4
460.4
491.5
595.4
563.3
609.1
765.7
798.7
896.8
995.5
1155.5
1182.2
1304.7
1446.2
1456
1539.5
1561.3
1654.6
1712.4
1745.8
1735.8
1802.2
1774.8
1770.4
1776.6
1786.1
1845
1902.3
1784.8
1812.1
1831.4
1901.1
1949.3
1903.1
1947.1
1961.4
1957.1
1945.7
1876
1821.5
1844.8
1721.8
1713.9
1723.5
1796.3
1756.7
1902.5
1810
1861.5
1849.6
1875.2
1852.6
1830.8
1860.6
1834.1
1805.2
1874.3
1851
1831.9
1745.9
1848.7
1741.3
1777.8
1686.1
1687.9
1711.8
1685.6
1620.9
1499.7
1506.6
1414.1
1319
1284.1
1219.4
1270.5
1303.3
1334.8
1432.9
1371.6
1407
1453.2
1533.1
1508.4
1465.3
1419.8
1415.1
1313.5
1295.5
1223.4
1183.9
1156.4
1141.1
1058.3
1059.8
1087.4
1059
1050
1112.9
1192.3
1133.5
1077.6
1174.5
1119.4
1084.6
1096.3
1113.4
1097.8
1005.2
1092.1
994.6
1064.4
1019.5
1058.2
1060.2
1098.9
1116.5
1234.4
1246.6
1236.3
1223.4
1214.6
1158.6
1112.4
1018.5
897.2
777.9
855.7
557.9
550.9
621.6
542.2
544.5
536.9
560.7
569.1
574.3
639.7
565.6
670.9
643.8
656.3
698.5
708.7
737.2
746.9
757.8
793.1
848.8
937.7
897.2
941.7
1014.8
1041.8
1048.1
1068.6
1079.8
1120.5
1153.7
1148.9
1224.6
1272.9
1376.8
1528.4
1582.3
1745
1832.2
2047.3
2317.2
2589
3006.8
3537.8
3994.8
4406.2
4797.6
4970.9
5228.9
5290.1
5364.9
5509.9
5545.6
5658.2
5772.6
5828.5
5589.2
5372.3
4998.9
4865.5
4726.9
4686.1
4992.3
5448.5
5953.4
6533.9
7173.5
7432.7
7576.7
7746
7765
7896.6
8114.5
8004.3
8158.4
8274.8
7976.2
7546.6
7128.7
6416.4
6089.7
5775
5741.7
5959.9
6505.9
7029.7
7640.8
8210.1
8456.9
8708.2
8717.5
8734.2
8804.6
9028.2
9160.6
9179.6
9283.5
9116.2
8690.4
7849.5
7094.6
6517.3
6147
5992.8
6193.8
6608.1
7218.8
7831.7
8516
8987.3
9219.5
9220.5
9169.5
9207.6
9261.5
9581.8
9620.7
9736.3
9842.6
9468.1
8761.9
7715.1
7012.3
6221
5822.6
5702.1
5891
6255.4
6747.5
7162.2
7830.6
8359.4
8682.5
8702.2
8438.3
8412.2
8216.1
8477.8
8722.6
8736.7
8892.9
8700.1
8245.5
7227.2
6362.9
5671.6
5281.4
5005.1
5195.1
5552.1
5975.1
6436.7
6998.1
7701
8127.8
8342.3
8307.6
7991.4
7875.2
7825.2
8174.5
8443.5
8496.8
8685.8
8656.5
8173.8
7345.3
6284.6
5614.9
5178.1
4832.2
5035.8
5285.5
5499.5
5832.9
6303.4
6913.6
7435.5
7661.9
7752.3
7422.4
7145.5
6933.2
6892.2
7324.7
7403.2
7304.1
7331.9
6980.4
6575.4
5774.2
4596.5
3912.9
3397.8
3173.9
3091.6
2990.4
3067.6
3103
3221.1
3437.2
3752
4103.6
3907.5
3856
3625.7
3573.5
3527.9
3863.2
3980.3
4055.1
3948.6
4043.6
3713.6
3272
2646.3
2284.1
1982.8
1977.3
2042.4
2055.1
2094.8
2228.1
2333.9
2419.8
2662.6
2798.5
2788.6
2636.1
2607.8
2509
2424.9
2439.1
2466.1
2594.4
2424.2
2392.3
2364.4
2249.4
1896.1
1608.7
1470.8
1414.8
1452
1455.2
1448.7
1566.3
1716.4
1900.5
2087.1
2368.2
2666.4
2976.1
3110.1
3308.6
3254.8
3114
3048.6
3087.7
3200.5
3196.3
3335.3
3269.2
3129.7
3032.6
3027.2
2940.3
2600
2243.8
2005.1
2057.5
2097.3
2115.1
2155.4
2230.3
2461
2771.1
3079.2
3534
3961.5
4461.2
4945.6
5303.6
5596.3
5687.8
5353.9
5105.2
5103.5
5252.1
5418.1
5574.5
5612.3
5355.6
5068.8
5054.7
5083.4
4598.1
3668.4
3099.2
3034.6
3164.3
3158.1
3130.1
3184.9
3267.8
3650.4
4024.1
4576.2
5132.2
5801.2
6531.1
7291
7666.3
8129.7
8113.4
7765.4
7360.3
7252.3
7610.4
7800.2
8129.9
8284.8
7838.2
7425.2
7155.6
7455.3
6800.6
5627
4457.1
4344.7
4547.5
4569.8
4446.2
4341.5
4318
4642.1
5184.7
5687.6
6433.1
7129
8064.9
8961.8
9824.9
10396.9
10940.1
10757.6
10390.1
9654
9681.1
10262.5
10555.3
10910.8
11156
10804.8
10113.2
9686.5
10130.3
9366
7826.5
5941.7
5641.3
5885.2
6009.6
5867.6
5743.2
5787.3
6032.8
6561.2
7196.7
8087
8973.2
10063.7
11316.2
12399.4
13393.4
14181.2
14772.3
14511.6
13755.8
13012.1
13163.1
13873.9
14172.2
14735.2
14899.2
14465.4
13675.7
13025.2
13374.5
12779.5
10726.1
8204.7
7734.7
8018.5
9212.7
12908.3
16897.8
18278.7
15996.2
11757.1
10415.9
10859.3
11879.2
12974.2
14546.4
16071
17498
18480.3
19438.8
19802.7
19347.2
18236.9
17531
17841.5
18573.7
19025.1
19870.1
19968.9
19411.4
18325.7
17721
17609.8
16567.9
13780.8
10699.4
9442.2
9240.4
9163.3
9004.5
8717.4
8304.3
8163.6
8380.2
8931.4
9668.4
10592.2
11635.5
12971.8
14256.3
15523.5
16630
17574.1
18182
18441.5
17705.1
16881.3
16396.5
16594
16969.1
17593.6
17880.8
17945.7
17439.5
16484.2
15889.1
15741
14502.1
12335.7
9744.4
8162.5
7595.8
7281.9
7140.1
6795.7
6535
6100.4
6130.7
6126.8
6592.5
7019.4
7669.3
8301
9171.5
10072.7
10831.4
11539.3
12108.3
12450
12405.4
12215.1
11668.7
11419.5
11315
11610
11894.1
12079.8
12119.8
11722.4
11348.5
10916.5
10471.6
9555
8204.6
6860.4
5565.8
4881.9
4546.7
4173.5
3857.7
3562.3
3264.8
3076.3
3001.6
2955.8
3051
3223.2
3513.7
3739.1
4052.1
4457.2
4610.2
4859.8
5032.3
5199.2
5120.6
5064.9
4970.1
4774.6
4755
4824.2
4935.3
4830.9
5002.6
4800.3
4700.2
4470.7
4265.4
3887.1
3438.6
2934.6
2378
2047.2
1778.4
1475.2
1299.2
1155.3
989.7
866.9
735.4
612.3
648
489.2
475
464.8
365.9
446.1
416.2
451
428
394.2
402.4
364.5
370.2
375.5
368.7
394.5
419.5
360
361.8
391.4
466
379.1
431.2
431.1
479.2
499.5
436
610.6
499.1
463
442.4
517.3
478.3
601.4
545.1
580.8
544.1
611.4
775.1
792.8
821.4
707
666.5
748.6
795.7
800.2
751.2
810.2
826.6
972.3
874.1
887.3
946.1
1007.3
1124.6
1129.1
1205.7
1239.8
1411
1489.6
1781.6
1839.4
1977.5
2182.4
2409.8
2612.5
2728.8
2979.8
3911.3
5541.4
5657.7
4530.8
2295.8
1315.2
1295.3
1245.1
1299
1534.5
1507.7
1635.3
1805.4
2014.4
2249.9
2538.3
2802.4
3205.3
3684.7
4035.3
4613.7
5138.5
5839.1
6505.3
7349.6
8206.4
9113.5
10174.2
11091.8
12275.2
13486.9
14675.7
16001.1
19162.6
24978.6
29910
29209.3
21709.8
11752.9
6236.1
4027.5
3502
3144.9
2887.5
2710.7
2582.3
2419.6
2386.6
2397.7
2340.1
2487.7
2432.6
2615
2562.6
2667.2
2800.4
3027.8
3193.6
3519.6
3701.7
4064.8
4404.1
4775.4
5127.4
5602.5
6002.1
6420.6
6784.1
7047.2
7283.4
7467.9
7724.8
7828.8
7946.4
7983.2
8101.4
8136.1
8185.1
8217.7
8175.7
8120.3
8190
8076.3
7865.6
7623.6
7376.7
7231.1
6942.4
6561.7
6317.9
5995.8
5762.1
5479.9
5256.3
5087.5
4877
4826.9
4798.7
4983.4
5069.2
5293.2
5655.7
5919.3
6320.2
6800.9
7408.6
7873.1
8556.7
9271
10020.9
10832.1
11564.1
12422.5
13221.5
13740.7
14128.2
14429.5
14538.6
14855.3
14904.3
14889.5
14848.8
14856.8
14937.4
14902.2
14765.7
14638.1
14618.8
14625
14324.7
13933.1
13555.1
13314.1
12956.4
12712.9
12239.3
11730.3
11335
11137.5
10805.8
10620.8
10520.1
10771
10756.4
10914
10871
10942.9
10958.8
10865.2
10750.5
10712.8
10671.5
10921.6
11017
11202.3
11608.2
12077.9
12731.3
13786.2
14563.2
15442.5
16472.2
17232.9
18024.9
18585.5
19434.5
20116
20647.1
21338.8
21645.1
22206.9
22881.3
23377.7
23646.6
23880.8
24327.3
24907.7
25311.1
25846.8
26152.1
26507.3
26441
26087.9
25527.9
24602.6
23232.3
21641.2
20117.3
18449.2
17051.3
15583.4
14272.4
12757.3
11541.6
10404.9
9543.8
8967
8819.7
8752.6
8997.6
9288.6
9698.7
10183.1
10612.9
11424.9
12220.7
13308.3
14080.3
15202.2
16373
17552.2
18684
19836
21052.1
22055.9
23096.3
24328.6
25468.4
26656.5
28038.3
29226.1
30122.3
31115.2
31506.6
31586.8
31265.4
30703.7
30166.3
28753.1
27481.3
26279
24936.2
23503.4
21952.1
20373.9
18627.8
17052.2
15411.4
13955.6
12587.8
11683.5
10735.8
10003.6
9333.3
8819.4
8300.8
7894.6
7603.9
7419
7228.8
7211.8
7261.1
7435.4
7609.6
8013.2
8181
8611.4
9035.9
9673.2
10364.8
10946.5
11497.7
12223.2
13039.3
13551.3
14099.5
14634.7
15006.9
15447
15712.8
16065.3
16190.9
16479.4
16700.8
16697.5
16820.9
16871.6
16836.7
16608.5
16606.4
16287.5
16122.3
15602.7
15227.6
14858.3
14364.1
14158.9
13837.2
13727.3
13736.1
13878
13930.8
13748.7
13660.6
13474.9
13200.4
12597.5
12212.6
11184.3
10567.7
9977.1
9423.7
8855.7
8199.7
7675.8
7094
6485.5
5941.5
5387.4
4830.8
4286.1
3655.5
3236.1
2909.2
2561.3
2416.5
2259
2178.8
2135.2
2193
2162.4
2242.1
2234.8
2317.1
2388.5
2483.5
2623.4
2777.6
2838.7
2939.4
3121.3
3185.4
3425.9
3635.8
3813
3935.8
4027.3
4083.9
4173.7
4140.8
4187.8
4154.5
4019.9
3916.4
3766.3
3780.6
3513.3
3340.4
3195
3103
2883.1
2872.3
2406.6
2232.8
2055
2004.6
1725.9
1589.2
1449.2
1371
1349.4
1287.2
1306
1325.7
1379.8
1324.7
1369.3
1394.8
1533.6
1622.4
1692.5
1768.2
1916.4
2069.8
2224.9
2383.8
2586.6
2882.1
2994.2
3318.7
3541.9
3816.6
4074.3
4249.3
4406.9
4481.2
4483.7
4650
4534.5
4526.7
4502.6
4455
4317.8
4215.3
4098.7
3831
3687
3601.3
3379.3
3010.3
2790.3
2598.8
2385.3
2161.7
1983.7
1705.1
1489
1451.4
1266.7
1224.8
1153.8
1123.7
1127.5
1096.4
1092.2
1055
1121
1072.7
1063.6
1081.9
1098.6
1157.6
1161.7
1289
1343.9
1329.1
1491
1520.5
1652.8
1748.6
1874.3
2059.3
2280.1
2574.9
2712.4
2874.3
2852
2808
3046.3
2990.8
2845.3
2846
2849.2
2928.7
2881.5
3092.5
2612.4
2521.9
2518.5
2419.1
2173.8
1949.3
1779.3
1658
1491
1339.7
1235.4
964.9
879.4
764.1
741.9
644.9
567.8
558.2
627.7
642.3
608.4
604.2
632.6
648.7
457.1
556.4
527.4
492.7
566.9
456.1
418
422.9
396.7
392.6
326.2
323.6
273.9
224.8
273.8
269.8
261.9
155.4
273.1
123
202.6
167.4
183.8
94.9
194.6
78.9
144.8
194
200.2
155.5
228.1
220.5
268.4
222.4
306
347.5
326.7
455
486.8
448.3
449.2
447.2
405.9
360.4
423.9
360.4
414.9
403.4
362.2
384.7
290.6
258.4
286.4
298
273.2
192.4
328.8
145.4
149.4
343.5
98
88.3
122.1
36.9
90.3
58.9
32.6
5.8
25.6
51.2
50.7
94.5
270.1
91.9
0
38.5
52.5
139.5
74.9
86.9
94.9
122.6
159.5
119.6
126.5
198.2
185.1
220.9
198.2
244.2
297.2
311.7
360
350.2
366.2
360.5
341.8
316.7
374.7
340.6
354.1
240.9
317.1
326.8
221.9
220.4
240.6
138.8
150.6
226.7
200.7
173.2
213.8
243.8
286.7
452.7
604.6
711.8
701.1
648.4
597.5
581.7
562.1
615.7
618.6
717.6
671.9
525
479.1
501.4
384.3
490.6
391.4
374.7
353.4
320.4
336.6
275.6
260.3
281
270.5
311.9
299.4
309.1
485.2
317.1
288.6
316.2
268.7
338.9
384.4
306.2
365.8
336.2
417.3
459.7
425.1
389.9
366
373.9
302.6
343.7
295
303.9
215.9
173.1
196
208.2
148.8