7266.8
6066.1
4082.2
2511.9
1499.9
1518.9
1823.4
2166.3
2611.8
3301.2
4111.8
5241.4
6681.7
8223.3
10211.8
12624.6
15576
18847.1
21051.4
20547.7
15671.9
9710.2
4610.5
2180.1
2166.4
2381.8
2716.3
3211
3956.8
4850.9
6045.6
7701.3
9491.8
11830.5
14691.8
18104
22213.1
27499.2
32034.2
34714.8
31655.9
22489.6
12796.1
4664.5
1640.3
1398.9
1239.5
1131.4
1132.7
1195.3
1038.3
995.7
1044.3
1189
1179
1343.8
1559.2
1728.1
2038.7
2417.1
2583.5
2818.6
2542.8
2094.5
1500.2
1156.3
1033
1204.1
1373.5
1684.2
2156.3
2743.5
3429.2
4160.1
5130.9
6075.2
6704
6695.6
5562.1
4033.2
2564.6
1556.8
1440.1
1690.4
1776.8
2058.5
2180.9
2391.2
2993.6
3780.6
4876.3
6308.1
7949.5
9346.7
11469.9
13820.3
15534.3
15841.5
13299.8
9345
5525
2579.1
1934.3
2100.4
2283.6
2471.9
2891.7
3392.9
4031.2
4827.5
5869.8
7011.8
8558.4
10480.6
12680.2
15253.9
18240.5
22343.5
27206.5
30237.1
30408.2
26350
18462
10711.6
4486.8
2178.5
1951.2
2056.7
2070.6
2367.6
2573
2990.1
3478.8
4126.1
5045.6
5867.5
7163.5
8572.8
10242.8
12346
14814.7
17445.5
20637.6
25361.2
29377.8
30888.3
29515.1
23439.8
15567.1
8408.6
3498.8
2495.9
2528
2662.8
2923.7
3292.6
3705.2
4424.8
5071.3
5592.9
5611
5109.4
4047.6
2983.4
2006.1
1607.6
1551.8
1633
1752.6
1953.5
2376.5
2679.6
3226.1
3935.3
4582.9
5254.1
6070.1
7065.1
8289.7
9100
8992.6
8042
6071.1
3909
2192.8
1381.1
1297
1329.9
1351.9
1439.6
1587.5
1630.8
1808.8
1969.7
2277.3
2793.1
3467
4276.3
5316.1
6265.3
7273.1
8511.2
10245
12076
13165.2
13283.3
11948.7
8972.3
5711.9
2950
1632.5
1509.9
1462.5
1532.4
1647.3
1635.7
1725.6
1973.4
2010
2196.9
2471.3
2825.2
3170.1
3631.2
4250.2
4944.8
5716.9
6702
7765.6
9017.4
10527.1
12615.2
14253.9
14809.1
13998.8
11564.8
7995.1
4628.1
2053.3
1125.6
929
906.4
835.4
923.1
910.1
1097
1156.1
1215.6
1257.2
1405.7
1556.3
1750.2
1896.2
2217.7
2478
2853.7
3248.1
3733.4
4321.7
4999
5808.6
6675.2
7978
9376
10304.7
10288.8
9815.8
8323.9
6660.9
4938.4
3719.5
3148.7
2655.6
1920.3
1326.6
1107.7
902.7
936
883.9
864.9
872.5
916.4
1021.3
1095.2
1231.5
1381.9
1584.2
1786.7
2075.9
2328.7
2598.2
2984.3
3537.3
4019.1
4249.5
4334.3
3844.8
3209.8
2130.7
1289.1
675.3
505.3
463
498.4
506.1
556.4
547.6
592.1
639.9
676.1
915.3
756.6
794
864.1
1010.3
1333.4
1392.1
1702.1
2025.4
2282.2
2648.7
2994.4
3530.6
4260.5
5047.4
5330
5442.3
4926.1
4063.5
2974.5
1895.4
1211.6
1081.1
1070.2
1046.8
988.9
982
910.5
769.9
759.9
717.3
759.8
781.7
816.9
838.9
954.5
1015.3
1119.1
1195.1
1478.4
1480.4
1674.3
1922.8
2149
2451.3
2791.7
3137.5
3641.9
4254.3
4957.6
5235.3
5190.2
4785.9
4141
3131.1
1999.1
1149.4
727.3
597.5
566.5
612.5
668.4
615.6
666.5
699.7
752.3
718.3
749.2
832.6
843.9
886.9
905
966.1
1106.8
1191
1391
1472.4
1675.9
1888.3
2246.1
2555.5
2795
2896.5
3057.6
3068.4
2970.1
2883.8
2854.4
2994.1
3067.8
2975.8
2745.5
2462.6
1957.7
1428.9
1013
699.9
683.6
632.5
655.8
739.2
794.2
836.7
944.8
1013.1
1169.2
1327.7
1417.9
1530.1
1669.7
1929.9
2263.7
2518.7
2496.1
2427.3
2249
1906.1
1479.5
976.9
645.4
482.4
538.6
491.5
497.8
479.6
514.5
504.4
600.2
496.2
538.5
581.6
608.9
596.9
679.3
602.3
597.7
643.5
718.4
683.7
759.5
833.8
964.2
1102.6
1335.4
1433
1603.5
1768.5
1957.5
2254.5
2561.5
2920.6
2998.4
3029.1
2986.8
2804.3
2510.2
2086.1
1808.7
1578.7
1503.6
1449.1
1401.1
1186.5
1042.6
893.2
659.7
578.5
505.2
534.4
594.8
759.9
904.1
972
1029
1096.5
1176.1
999.2
897.6
796.2
758.5
860.8
919.4
960.7
1026.1
1128.4
1144.6
1310.6
1342.7
1433.2
1604.1
1698.2
1777.6
1938.4
2155
2252.5
2211.6
2093.3
1977.8
1772.1
1419
1134.6
830.4
624.3
578.5
587.5
578.2
538.5
568.4
517.8
571
592.7
617
590.4
681.1
733
799.9
844.8
940.9
1013.2
976.2
951
864.4
852.1
701
623.6
497.8
478.2
445
457.9
498.8
623.1
573
560
668.9
651.3
667.7
715.7
789.2
797.8
860.4
968.2
981.3
1054.2
1101.7
1074.8
1024.3
1017.5
979.6
933.9
876.5
832.8
897.7
909.6
954.2
1036.9
1148.5
1194.4
1296.2
1216.5
1191.6
1159.2
1112.4
1045.5
845.2
732.7
657.4
655.6
640.2
571.1
549.5
550.9
521.1
532.3
464.3
581.2
480.5
468.7
481
471.1
491.2
539.9
548.3
718.5
604.8
667.8
677.1
692.8
775
843.3
882.6
834.2
929.6
969.6
1031.7
1089.7
1093.5
1133
1323.3
1312.9
1369.5
1404.1
1585
1665.8
1759.7
1852
1972.2
1995.8
1971.7
1982.1
1984.9
1987.9
1833.1
1744.9
1650.8
1504.1
1410.6
1274.2
1130.8
1028.6
885.3
824.5
783.8
763.9
689
636.6
706.1
619.9
596.7
491
522.6
508.8
537.2
599.3
665.9
685.3
571.4
527.5
530
493.1
502.4
538.1
476.6
480.6
497.7
493.5
528.8
473.1
523.9
514.4
528
495.8
491.8
597.2
528.5
497.6
528.2
572.6
578.6
602.5
750.8
710
653.4
682.2
669
626.7
585.1
658.2
602.5
686.5
756.5
810.9
917.8
1032
1183.1
1205.3
1332.4
1512.7
1567.3
1651.6
1701.1
1771
1837.1
1926.7
1938.2
2002.7
1996.9
2032.6
2045.4
1996.3
2073.3
2131.7
2050
2050.1
2032.4
2062
2152.3
2119.4
2178.1
2199.1
2246.9
2212.7
2193.3
2140.6
2126.8
2035.9
2005.5
1970.1
1990.3
1965.7
2078.8
2037.3
2101.6
2076.8
2084.6
2107.7
2136.2
2157.9
2101.3
2079.5
2122.6
2059.9
2053.2
2024.1
2058.7
2032.6
2042.4
1973.3
1992
1966.8
1945.5
1904.9
1842
1788.5
1737.8
1620.9
1547.2
1467.2
1476.3
1465.8
1437.5
1504.2
1484.4
1552.7
1548.4
1655.6
1702.7
1679.3
1691.6
1638.3
1601.7
1572.7
1479.9
1451.4
1405.5
1354.7
1278.6
1247.2
1221
1184.5
1184.3
1251.9
1304
1328
1270.1
1337.9
1277.5
1258.7
1245.5
1256.4
1265.7
1193.1
1220.5
1163.2
1194.7
1152
1188.7
1132.9
1171.5
1233.8
1326.6
1381.6
1382
1395.2
1405.4
1361
1386.7
1273.6
1219.6
1118.7
1145.5
862
788.5
772.9
676.6
643.6
666.7
666.2
655.8
657.7
734.4
678.6
772.4
756
744.9
753.7
775.5
855.5
869.2
881.1
885.7
895.5
1042.6
981.3
1044.5
1040.1
1117.1
1131.6
1142.7
1200.9
1223.5
1256.7
1264.9
1322.3
1316.2
1426.3
1519.8
1573.6
1725.6
1791.7
1985.6
2185.9
2425.1
2734
3134.4
3581.9
4043.1
4618.8
5126.3
5512.8
5698.3
5784.5
5872.2
6008.9
6105.5
6189.7
6365.6
6468.5
6415.8
6038.9
5746
5477
5292.1
5270.2
5361.9
5681.9
6223.2
6850.7
7541.8
8012.7
8366.7
8477
8587.4
8653.9
8761.3
8867.3
8868.1
8999.2
9071.8
8767.1
7999.8
7414.6
6811.6
6510.9
6300.5
6415.1
6773.6
7374.9
8018.7
8561.5
9175.4
9376.6
9486.5
9517.9
9545
9833.1
9932.6
9923.8
10104.5
10165
9815.4
9054.9
8105.3
7457.7
6900.2
6553
6566.4
6919
7513.6
8169.7
8812.9
9480.8
9886
10065.6
10042.5
10041.2
9964.1
10191.3
10474.4
10439.7
10653.1
10499.9
9961.7
9114.1
7916.6
7066.6
6531.2
6169
6173.6
6519.5
6961.9
7474.4
8075.2
8825.3
9219.6
9383.6
9281.6
8963.5
8915.2
9054.3
9290.1
9394.1
9546.9
9553.2
9061.9
8547.3
7312.6
6577
5833.6
5481.3
5479.7
5833.8
6125.2
6672.3
7269.8
7814.5
8547.7
8912.9
9042.8
8825
8560.5
8549.8
8570.5
9050.4
9125.1
9339
9258.9
9006.5
8481.9
7344
6523.6
5695.2
5314.6
5343.5
5539.4
5735.5
6109.1
6672.6
7088.5
7684
8255.2
8305.2
8120.5
7705.5
7473.6
7396.2
7641
7974.6
7910
7901.1
7677
7645
6671.2
5436.4
4648.1
3873.4
3489.7
3374.2
3402.3
3322.9
3326.1
3429
3626.3
4113.6
4174.2
4332.8
4209.7
4024.8
3888
3891.9
4023.5
4402.8
4371.5
4526.7
4310
4197.7
3919.4
3223.9
2704.8
2306.4
2181.8
2202.3
2278.8
2360.8
2414.7
2427.8
2645.5
2841.2
3057.2
3073.9
3108.5
2886.9
2794.6
2673.3
2672.9
2822.5
2822.9
2743.5
2723.2
2713.6
2581.6
2381.3
2040.2
1761.2
1658.5
1593.5
1612.7
1632.9
1763.8
1852.8
2029.5
2240.7
2502.8
2892
3070.2
3392.1
3644.1
3692.8
3615.9
3460.7
3481.4
3407.8
3584.8
3610.8
3683.7
3590.5
3405.5
3406.6
3340.2
3146.5
2629.2
2295
2263.9
2348.8
2352.1
2344.4
2379.8
2584
2862.2
3252.9
3646.5
4094.7
4600.7
5208.8
5616.2
6040.7
6139
6057.6
5740.2
5576
5729.2
5857.3
5993.3
6190.3
6081.1
5756.7
5528.6
5590
5352.3
4587.8
3657.7
3324.4
3425.8
3485.8
3429.7
3383.6
3498.6
3672.7
4118.7
4614.5
5247
5935.9
6742.3
7440
8073.4
8566.6
8890.9
8725.7
8208.2
7791.6
8048.9
8429.1
8590.6
8946.6
8795.7
8314
7902
7975.5
7862.9
6904.9
5406.6
4664.8
4795
5006.5
4892.9
4678.9
4693.6
4783.4
5314
5821.4
6534.7
7313
8151.7
9209
10164.7
10933
11589.5
11860.7
11498.3
10794.1
10356.4
10720.8
11271.4
11586.6
12025.6
11897
11346.6
10500.4
10692.2
10677
9377
7273.1
6008
6215.1
6361.4
6375.2
6191.6
6169.2
6178.6
6751.7
7403
8161.7
9185.8
10195.6
11465.8
12710.7
13957.7
14950.9
15721.5
15660.3
15206.9
14319.5
13888.3
14434.8
15064.5
15455.4
16065
15904.3
15126
14145.7
14364.5
14332.6
12685.9
10078.6
8312.4
8495.9
9251.2
11924.4
17481.6
20523.4
20125.1
15239.5
11702.5
11410.7
12179.5
13270.2
14773.9
16436.8
17930.7
19262.1
20366.9
21086
20813.5
20129.7
19020.3
18886.6
19425.7
20228.7
20800.3
21505.1
21102
20147.9
19003.4
19023.2
18587.2
16461.1
12932.7
10510.6
9879.5
9837
9758.6
9513.7
9051.2
8743.6
8738.5
9148.3
9896.6
10821.6
11974.3
13169.7
14504.2
15865.3
17165.2
18307.7
19319
19530.3
19298.2
18549.2
17638.8
17545.3
18005.9
18345.2
18885.7
19250.1
18830.5
18121.9
17368.9
16971.8
16396.7
14451
11661.3
9397.6
8275.3
7961.9
7696.4
7524
7032.4
6737.6
6434.8
6544.3
6801
7236.2
7803.2
8561.5
9334.7
10249.9
11143.4
11903.3
12646.3
13091.6
13427.1
13163.6
12686.6
12213.4
12105.8
12194.3
12469.1
12780.6
12961.4
12663.9
12371.3
11873
11359.3
10719.7
9577
8012.6
6533.8
5666.2
4979.4
4605.3
4324.9
3953.7
3697.9
3429
3206.9
3156.8
3201.5
3428.2
3571.8
3825.9
4195.2
4435.7
4789.6
5049.1
5267.9
5442.7
5504.1
5470.4
5295.8
5209.7
5110.3
5140.4
5100.8
5311.2
5218.1
5183.6
4984.5
4897.6
4629.4
4435.6
3947.1
3359.7
2867.7
2404.8
2007.6
1742.2
1541.9
1403.6
1245.7
1063
888.2
831.1
688.4
627.9
615.8
520.2
538.4
517.7
558.8
533.6
511.5
512.4
482.6
478
467.6
491.4
500.4
528
457.4
486.1
475.2
585.2
506.7
467.9
537.1
555.2
584.2
525.5
708.8
624.4
562.3
596.7
610.1
535.3
649.1
617
634.9
619.7
680.9
785.9
769.1
919.2
914.3
927.3
899.9
863
876.6
824.2
900.4
908.5
1024.9
971.9
980.1
1049.6
1086
1214.7
1171.3
1241.2
1297.7
1386.3
1472.4
1719.9
1812.1
1903.4
2100.3
2380.3
2581.4
2766.2
2948.4
3164.8
3700.1
5356
6304
5677
3722.3
1677.6
1399.8
1378.5
1560.6
1506.9
1590.7
1729.7
1903.7
2057.5
2357.3
2571.3
2850.5
3264.3
3627.7
4173
4637.6
5290.3
5856.6
6660.7
7430.3
8302.6
9285.2
10290.7
11459.1
12669.7
13936.9
15065
16295.9
18671.6
23825.5
30199.3
31981.5
27384.1
17135.5
8801.1
5054.3
3923.4
3526.6
3260.9
3092.7
2783.8
2693.7
2672.5
2544
2609.1
2573
2694.6
2592.1
2721
2817.7
3004.8
3132.8
3363.5
3595.2
3926.5
4224.3
4570.3
4917.9
5257
5755.8
6240.3
6613
7031.7
7410.3
7611.3
7961.7
8110.9
8332.4
8388.3
8482.1
8508.7
8657
8734.2
8757.9
8691.9
8726.3
8726.8
8632.3
8529.4
8210.3
8023.8
7767.2
7480.3
7229.3
6856.8
6585.1
6275.8
5971.3
5679.7
5446.2
5280.3
5125.5
5183.2
5130.2
5317.4
5548.9
5751.2
6059
6491.8
7060.3
7450
8088.4
8769.6
9499.9
10265.3
11007
12035.5
12917.3
13723.8
14358
14904.9
15279.9
15527.3
15697.7
15862.7
15740.4
15716.4
15686.8
15783.5
15859.7
15697.2
15626.8
15566.7
15581.9
15449.4
15067.2
14602.6
14227.3
14021.7
13652.7
13121.5
12692.2
12309.3
11893.2
11670.8
11348.9
11230.1
11295.2
11438.8
11459.6
11582
11572
11672.3
11647.4
11496.5
11331.4
11364.7
11448.2
11498.2
11704.6
11967.8
12484.4
13206.3
14004.4
14886.5
15895
16883.5
17907.7
18570
19480.3
20244.8
20821
21692.7
22085.5
22782
23280.3
23964.8
24375.2
24723.2
25124.4
25670.7
26036.4
26602.7
27151.3
27639.8
27739.3
28001.4
27809.4
27521.2
26568.3
25096.5
23672.3
22072.6
20284.5
18634.9
17223.6
15573.7
14099.3
12620.6
11426.9
10306.8
9670.3
9167
9130.1
9306.4
9568.9
9892.5
10309.3
10809.2
11572.9
12423.2
13228
14252
15393.4
16587.2
17770.1
18911.7
20293.3
21437.1
22542.7
23802.3
24935.1
26073.4
27339.8
28850.6
30028.6
31188.6
32336.8
32917.3
33062.4
32880.4
32580.7
31821.8
30695.1
29525.2
28186.5
26712.9
25270.8
23827.8
22180.8
20452.9
18604.9
16834.1
15198.1
13858.2
12664
11706
10835.3
10076.3
9448.5
8876.2
8445.7
8115.7
7729.5
7666.1
7519.4
7575.8
7678.2
7884.3
8081.9
8389.6
8747.8
9272.6
9927.6
10437.8
11051.1
11785.6
12662
13266
13911.6
14553.4
15073.8
15612.2
16025.1
16411.1
16681.2
16956.3
17228.2
17398.2
17525.8
17618.2
17746.4
17652.7
17668.2
17450.2
17267.5
16960.1
16732.6
16284.1
15721.7
15298.4
14932.9
14531.1
14436.1
14415.9
14335.6
14403
14326.3
14073.9
14038
13651.9
13528
12568.9
11777.1
11162.2
10576.5
9933.5
9234.9
8637.8
8141.9
7546.7
6868.3
6270.9
5743.9
5264.7
4671
4073.5
3586.8
3097.2
2872.5
2586
2452.7
2318.7
2332
2268.6
2373.1
2330.9
2388.9
2466.1
2531
2655.6
2803.1
2858.9
2971
3120.3
3193.7
3414.5
3605.2
3748.1
3933.4
4202.7
4291.7
4390.9
4409.4
4454.7
4515.5
4445.8
4451.3
4247.4
4248.4
3965.5
3845.2
3677.6
3546.5
3322
3376.5
2923.1
2727.7
2484.8
2382.4
2152.7
1984.6
1777.4
1637.1
1544.6
1418.6
1430.5
1410.3
1395.7
1363.1
1370.6
1450.5
1524.1
1631.7
1662.9
1743.1
1865.9
2008.2
2125.7
2311.6
2505.6
2694.6
2827.1
3081.3
3357.7
3622.9
3982.1
4203.3
4388.3
4567.4
4676.4
4875.9
4791
4831.3
4837.1
4776.8
4795.9
4641.7
4593.9
4386.8
4178.5
4051.4
3932.7
3654.6
3359.2
3070.4
2818.8
2669.7
2457.3
2165.5
1857.5
1751.6
1512
1450.7
1320.1
1261.4
1210.7
1212.9
1217.9
1149.7
1178
1138.6
1112.5
1121.8
1122.4
1182.6
1191.1
1282.2
1346.3
1313.4
1423.2
1481.4
1581.3
1659
1776.2
1923.7
2114
2341.3
2523.1
2779.3
2880.6
2914.5
3111
3148.4
3052.7
3024.5
3028.7
3078.2
3058.2
3313.7
2934
2866
2722.9
2678.6
2546
2409.1
2186.7
1925.7
1736.9
1650.8
1563.5
1280.2
1145
985.5
922.6
785.1
681.3
665.4
716.8
676.6
646.2
677.5
657.7
684.1
518.5
643.9
591.7
566.1
656.4
539.4
515.1
522.6
457.7
502.8
441.3
432.7
379.9
340.6
324.7
322.5
286.2
227.2
300.1
184.2
210.8
194
212.7
131.9
227.1
114.7
159
169.6
197.9
161.1
230.2
221.4
252.6
238.3
238.8
331.8
335.7
401.7
471.9
455.6
474.9
507.1
462.5
424.2
492.4
436.8
479.8
423.1
434.8
444.2
348.9
339.4
343.7
353.8
332.6
310.4
359.3
213.7
207.5
346.8
139.2
133.6
149.3
67.5
87.4
65.4
44.6
26.6
31.3
65.4
72.5
77.5
220.3
74.7
0
23.6
46.5
145.4
67.6
51
71.8
91
135.8
134.8
125.6
168
190.5
194.4
188
206.5
281
284.9
299.8
330.1
399
395.5
386.8
359
378.3
395.5
395.7
311
342.9
300.3
229.1
243.5
284.5
207.3
192
238.7
171.1
124.1
140.3
148.2
180
267.2
415
556.6
661.4
671.7
629.9
617.2
593
576.4
587.3
679.3
675.4
554.9
537.3
538.1
437.6
510.3
399.1
405.4
388.1
316.2
327.4
265.6
270.3
267.1
243.9
298
276.6
248.7
453
309.2
281.6
312.2
243.9
339.7
364.9
260.8
344.6
315.5
409.7
423.1
398.7
353.4
400.7
393.2
331.8
369
313
339.6
270.8
243.3
217.3
230.7
168.8
190.3