6601.7
5081.2
3157.3
1694.1
1422.4
1594.2
1865.5
2315.1
2885.6
3622.6
4648.2
5775.6
7269.1
9040.7
11155.1
13878
16903.1
19730.9
21320.7
18692.5
12862.3
6933
2873.7
2098.8
2224.7
2493.4
2999.4
3570.1
4338.6
5615.1
6785.4
8492.9
10593.9
13238
16256.3
19829.1
24314.1
29429.7
33624
34776.8
28510.7
18046.6
8564.4
2379.7
1452.2
1252.5
1146.7
1214.7
1001.8
936
905.2
1061.3
949.1
1047.3
1177.6
1313.4
1526.2
1793
1935.9
2295
2499.9
2619.5
2229.6
1685.2
1163.2
960.8
1010.2
1119.5
1382.2
1672.5
2171.5
2809.7
3529.9
4319.1
5160.9
5926.7
6401.1
6123.1
4731.7
3101.8
1779.7
1508
1436.7
1723
1875.8
1879.7
2197.3
2521.8
3090.2
4042.7
5492.2
6698.7
8211.6
9841.1
12041
14311.6
15569.8
15182.6
11550.8
7322.6
3728.2
1986.3
1930.4
2031.5
2275.5
2564.5
3058.8
3620.6
4361.9
5141
6242.7
7634
9299.8
11307.1
13646.7
16324.7
19572.1
23855.4
28438.9
31006.2
29951.8
23294.8
14960.2
7535.9
2677.6
2026.3
1884.6
2083.7
2127.9
2405.5
2736.8
3165.2
3892.5
4501.5
5459
6498
7739.5
9342.7
11372.2
13561.3
15995.8
18795.5
22459.8
27226.3
31051.6
31868.3
28444
20430.9
12373.3
5524.3
2622
2357.5
2399.1
2657.5
2930.8
3381.9
3727.4
4311.5
5048.4
5349.9
5277.6
4531.8
3399.9
2360.7
1608.7
1453.3
1532.9
1638.1
1910.1
2014.5
2319.6
2824.1
3388.3
4024.6
4716
5318.9
6116.7
7228.8
8353.9
8953.1
8655.9
7074.9
4907.1
2874.2
1495.2
1202.9
1247.7
1266.4
1375.8
1391.8
1555.6
1657.2
1787.9
2031.8
2439
2918.8
3688.1
4623.4
5623.1
6678
7741.8
8959.2
10661.5
12650.2
13573.4
13036.7
10706.1
7380.8
4274.3
2049.8
1434.7
1419.5
1474.6
1476.6
1550.5
1742
1727
1810.3
2040.1
2289.8
2532.9
2887.7
3380.4
3868.7
4489.3
5342.2
6158
7204.4
8230.5
9509.8
11331.2
13496.1
15026.3
15092.6
13636.6
10259.9
6467.6
3283.8
1314.2
956.6
841.1
856.4
769.4
962
982.6
1031
1054.6
1143.4
1266.9
1422.1
1511.1
1808
1998.6
2278.2
2646.3
2960.4
3437.9
3974.6
4654.8
5344.4
6198.9
7208.6
8705.3
9982.2
10799.4
10594.1
9447.2
7683.6
5771.2
4138.6
3462.9
2876.9
2238.5
1777.7
1045.9
890.7
805.9
755.6
783.3
818.1
904.4
925.5
990.5
1106.2
1188.5
1383.1
1620.6
1847.6
2103
2350
2652.1
2942
3457.1
4141.7
4176.7
4125.2
3481
2613.8
1624.4
840.7
492.4
433.6
427.8
435.4
465.8
510
550
561
869.4
609.7
636.1
730.2
823.7
1055
974.7
1247.2
1486.7
1723.3
2080.1
2353.5
2699.8
3164.7
3723.6
4400
5315.1
5457.8
5296.8
4649.4
3545.4
2386
1428.4
1069.1
1052.1
1064
1084.2
1032.1
924.7
829.9
745.9
710
697.3
706.4
745.5
795.2
886.5
921.4
1000.2
1249.6
1215.6
1376.7
1543.2
1764
1991.2
2326.9
2571.3
2952
3279.7
3831.2
4471.3
5193.3
5395.4
5274.7
4737
3763.9
2616.7
1527.7
751.1
558.5
545
573.5
542
566.7
597.2
645.6
628.9
672.7
748.3
766.4
764
761.9
806.5
846.6
916.6
1113.8
1127.9
1286.7
1459.4
1727.5
1941.4
2197.8
2489.1
2834.2
2982.5
3007.5
2970.3
2853.6
2732.4
2852.1
3072.1
3128.7
3084.9
2751
2358.5
1783
1082.5
751.3
573.7
571.3
627.6
659
677.1
746.4
764.8
881.6
1013.1
1136.2
1232.1
1328.3
1513.3
1617.2
1938.5
2222.9
2423.2
2449.9
2303.6
2114.1
1663.7
1158
740.1
532
457.9
430.9
417
444.2
415.4
546.3
449.3
493.6
528.3
509
506.5
623.5
560.2
546.4
550.8
626.2
578.5
589.7
658
716.4
822.8
1088.7
1128.9
1319.6
1420
1548.1
1759.7
1982.9
2340.1
2672.6
3014.6
3148.1
3107.9
3018.2
2743.4
2426.7
2028.7
1726.8
1645.5
1683.9
1537.4
1383.7
1237.9
966.7
799.3
575.4
538.3
399.4
425.7
601.5
801.6
960.5
1024.3
1175.2
1131.9
1070.4
935.3
773.8
782.7
776.2
827
848
948.6
959.4
1113
1192.1
1229.8
1374.7
1427.2
1530.7
1620.9
1773.4
1917.4
2197.6
2253.6
2230.8
2071.4
1850.7
1623.1
1279.3
875.7
614.5
522.8
478.7
486
517.8
449.6
492.3
478
509.3
494.3
542.9
590
668
643.1
711.1
799.6
888.6
901.4
899.9
902.9
779.1
703.4
574.4
510.3
376.6
360.1
359.6
517.7
425.1
423.2
568.9
525.8
574.1
620.9
693.3
703
730.3
797.8
783.1
847.3
969.9
1014.3
983.7
998.9
995.3
1011
891.4
811.1
779.5
747.7
799.4
841.8
914.2
991.1
1092.5
1139
1159.7
1150.3
1152.2
1154.5
1006.3
888.6
771.1
675.4
659.8
531.8
490.6
542.7
513.9
486.4
426.3
499.5
423.1
413.1
400.9
376.9
433.9
431.6
450.6
620.2
511.2
538.4
556
584.2
647.6
688.1
775.2
713.1
785
837.7
863.1
925.8
955.8
958.2
1146.9
1104.4
1228
1218
1393.4
1434.7
1517.7
1620.7
1787.2
1893.2
1958.6
1970.2
1970.6
2047.1
1951.2
1994.3
1897.5
1738.3
1614.8
1472.8
1342.7
1200.9
1017.1
890.2
761.4
718.1
631.2
650.9
685.7
632.5
566.7
422.5
420.9
419.2
409.2
497.5
591.4
663.3
525.8
468.7
493.3
446.1
407.8
442.3
396.5
403.3
441.7
413.6
437.8
408.9
448
459.7
463.8
448.6
451.2
551.1
464.9
390
406
474.1
416.5
460.3
597.2
656.7
620.9
655.2
661.2
631.3
599
648.1
491.7
526.8
563.6
579.1
681.1
793.8
946.7
941.7
1038.1
1218
1313.5
1404.8
1543.1
1583.3
1664.9
1738
1764.6
1814.4
1884.7
1900.6
1927
1909.3
1943
1984.6
1899.7
1921.8
1878.5
1938.6
1960.4
1979
2013.5
2051.9
2048.8
2093.3
2086.5
2125
2089.5
1978.7
1928.1
1855.5
1894.9
1858.4
1994
1863.2
1891.2
1904.6
1916.2
1919.8
1963.5
2038.5
2059.8
2008.7
2065.9
1998.3
1927.6
1911.6
1979
1887
1940
1894
1856.9
1871.4
1832.4
1806.9
1800.7
1848.7
1785.2
1669.2
1553.6
1459.4
1420.7
1387.7
1320.2
1398.4
1319
1339.5
1364.1
1485.3
1500.3
1513.6
1580.6
1582.2
1571.5
1481
1443.6
1412.4
1342.1
1322.7
1258.3
1220.7
1225.3
1118
1130.1
1119.3
1185
1165.7
1192.3
1320.7
1239.3
1225.7
1204.2
1180.9
1196.9
1134.3
1203.3
1166.6
1213.8
1171.7
1115.9
1090.9
1066.7
1140.2
1227
1302.9
1305.2
1349
1357.6
1393.6
1413.2
1417.9
1358.4
1283.6
1360.1
995.2
935.4
852.1
653.2
609.9
581.5
578.8
602.5
580.3
677.6
569.7
660.9
638.2
653.6
676.2
679.5
714
759.4
767.1
777.2
804
924.6
875.6
936.4
966.6
1004.4
1029.1
1083.2
1126
1169.2
1187.6
1181.2
1228.8
1202.6
1302.2
1352.5
1331.3
1442.5
1507.8
1641.6
1782
1920
2114.2
2367.9
2693.8
3007
3506.6
4049.6
4682.5
5097.4
5348.4
5458.5
5605.6
5656
5768
5900.8
5942.6
6227.1
6205.7
6135.1
5803.9
5408.3
5264.3
5035
4939.6
5143.5
5608.4
6084
6762.9
7484
7919.7
8189.4
8405
8240
8305.4
8444.4
8463.1
8656.6
9095
8752.3
8376.3
7608.9
6959.6
6494.6
6217.4
6016.5
6259.1
6720.2
7211.4
7904.6
8560.6
9010.2
9278.9
9287.1
9276
9251.9
9460.6
9659.6
9740.1
10000.2
9911.8
9427
8750.5
7691.3
6979.1
6493.3
6274.5
6513.7
6918.3
7416.8
8069.7
8718.9
9509.2
9817.2
10015.7
9851.9
9841.8
9818.6
9975.9
10218.6
10267.6
10442
10381.2
9660.5
8672.5
7517.7
6735.9
6120
5909.6
6089.8
6427
6934.7
7424.2
8098.2
8812.8
9243.5
9230.2
8982.9
8827.4
8708.7
8902.8
9267.4
9329.8
9287.1
9388.8
8925.5
8365.5
6964.3
6120.6
5479.5
5283.7
5396.5
5762
6182.3
6576.2
7243.4
7897.7
8686.1
8985.2
8956.9
8647.1
8374.7
8325.5
8539
9130.5
9112.9
9188.6
9195.1
8932
8445.9
6950.7
6116.4
5402.2
5196.5
5273.7
5553.2
5877.5
6195
6722.8
7266.7
7871.2
8218.6
8293.2
8053.3
7602.8
7425.9
7376
7766.6
8049.4
7900.8
8168.9
7678.3
7392.8
6584.4
5254.1
4386
3623.5
3637.8
3453
3301.7
3232.4
3265
3611.6
3662.6
4000.3
4205.5
4272.6
4148.1
3982.3
3845.6
3964.1
4001.8
4495.1
4344.9
4325.8
4225.9
4108.6
3826.4
3028.1
2504.5
2139.6
2103.8
2239.6
2258.8
2228.9
2317.2
2418.5
2560.1
2729.2
2968.6
3018
2968.2
2678.8
2585.7
2631.9
2597.8
2650.2
2719.4
2661.5
2502
2575.8
2484.5
2242.6
1920.9
1626.1
1455.4
1495.1
1548.4
1545.3
1611.6
1722.6
1942.3
2231.7
2373.2
2708.2
3019.5
3260.9
3502.4
3516.9
3502.7
3210.1
3225.4
3267.8
3319.6
3530
3504.5
3363.2
3208.8
3244.4
3145.1
2868.9
2437.9
2188
2124.6
2276.1
2234.6
2279.1
2334.2
2526.3
2856
3158.4
3612.2
4093.7
4581.9
5173.9
5449.5
5880.2
5994.7
5843.2
5487.4
5286.3
5528.7
5624.7
5915.1
6003.7
5805.9
5519.2
5282.6
5417.9
5042.3
4261.3
3396.9
3148
3364.3
3378.1
3318.9
3239.5
3360.6
3613.1
4080.8
4622.3
5260.8
5841.6
6588.7
7395.1
7934
8499
8662.2
8318.9
7919.7
7588.8
8029.5
8164.7
8484.4
8707.1
8573.6
8066.8
7660.5
7860.8
7577.9
6497.8
4992.5
4595.5
4771.3
4880.8
4766
4612.3
4613.2
4792.7
5389.3
5847.9
6485.3
7330
8153
9329.6
10193.2
10958
11605.1
11595.2
11242.2
10600.6
10153.1
10742.3
11085.1
11484.8
11924.3
11550.7
11026.9
10455.4
10608.4
10296.9
8933.2
6962.5
5998
6108.7
6340.7
6336.3
6093.8
6120.2
6239.3
6747.8
7487.6
8305.7
9239.7
10306.9
11607.5
12994.3
14044.2
14848.6
15577.9
15560.1
15041.3
14121
13966
14526.1
15012.1
15659.5
15864.2
15600.7
15035.9
14246.1
14347.8
13962.4
12194
9827.8
8535.3
8651.7
9848.4
13476.6
18585.3
21304.3
20270.6
15187.3
12098.5
11799.7
12470.7
13643.2
15022.3
16660.9
18181.9
19448.4
20454.8
21092.7
20824.3
20181.3
19077.9
19157.2
19669.1
20456.1
21086.4
21334.1
20912
20134.3
19192.6
19060.2
18175.6
15866.3
12608.2
10636.9
10004
9916.4
9713.5
9367.1
9017.1
8772.4
8820.1
9357.1
10112.2
11122.1
12208.2
13288.2
14792.6
16101.8
17487.3
18408.7
19227.5
19536
19283.9
18536.5
17971.4
17700.3
17967.3
18525
18889.4
19178.3
18947.7
18106.1
17584.4
16999.4
15933.2
13908.6
11413.9
9447.8
8406.3
8121.2
7638.9
7464.1
6938.7
6680.3
6529.2
6597
6892.4
7335.8
7970.6
8687.8
9497.7
10354.8
11236.7
11979.9
12774.9
13117.3
13308.5
12981.2
12671.5
12329.4
12226.3
12299.9
12567.7
12793.8
12915.5
12636.4
12208.5
11736.1
11374.1
10498.8
9272.4
7884.2
6483.7
5608
5018.9
4528.2
4293.5
3962.2
3608.2
3358.7
3189.8
3247.3
3256.7
3410.6
3744.3
3875.3
4184.6
4464.1
4771.9
5050.2
5315.7
5481.9
5447.5
5456.9
5312.9
5243.4
5094.3
5232.9
5185.7
5220.3
5193.4
5150.2
4976.2
4877.3
4627.8
4255.6
3831.6
3364.8
2725.8
2308.4
1976
1703.8
1500.6
1350.4
1112.5
1056.4
826.2
699.7
665
540.4
511.5
468
537.7
507.5
476.3
470.7
405.8
413.8
405.7
411
440.8
466.6
374.4
413.6
413.4
510.8
391.7
454.2
432.8
477.6
509.4
453.4
635.2
530
479.7
512.4
551.5
483.8
621.1
540.9
531.4
514.2
554.4
596.3
611
677.6
717.4
812.6
909.1
864.4
792.6
685.3
730.8
747.2
945.6
840.6
866.5
914
923.7
1033.9
1037.7
1028.8
1093.8
1188.9
1238.3
1473.1
1496.8
1538.4
1693.9
1960
2089.9
2240.6
2495.8
2673.2
2874
3107.6
3668.7
5363.8
6051.7
5417.8
3298.5
1538.2
1438.7
1350.3
1355.3
1483.8
1588.1
1706.5
1924.1
2079.3
2311.6
2624
2870.5
3287.1
3686
4175.1
4757.4
5279.6
5999.5
6663
7500.9
8334.7
9321.7
10452.1
11684.3
12805.8
14005.7
15349.3
16917.8
19576.4
24609.1
30005.4
31209.3
26167.7
16693.6
9026.7
5172
3949.8
3527.7
3127.6
2949.4
2835
2651.1
2702.6
2544.3
2647
2484.2
2557.5
2577
2709.8
2768
2956.5
3141.4
3383
3634.7
3898
4215.8
4571.4
4924.5
5406.2
5817.6
6238.2
6642.8
7023.9
7457.3
7648.6
7906.5
8086.3
8286
8411.4
8494.4
8593
8769.9
8759.5
8778.4
8727
8679
8717.2
8638.6
8520.7
8204.5
7931.2
7767.4
7486.7
7233.6
6912.5
6566.7
6299
5981.6
5695
5453.6
5426.7
5191.5
5183.2
5323.1
5374.1
5580.4
5845.5
6271.1
6535.2
7008.8
7563.5
8254.3
8774.2
9521.1
10344.6
11221.6
12058.7
12887
13678.6
14341.3
14882.5
15217.6
15487.5
15654.9
15779.6
15880.6
15739.2
15866.4
15883.2
15831.2
15802.2
15726.1
15621.6
15574.5
15488.2
15069.4
14679.5
14413.8
14008.4
13677.8
13225.8
12763.2
12353.7
12005.6
11718
11452
11349.6
11399.7
11484.7
11486.4
11560.8
11709.8
11776
11701.7
11646.2
11462.9
11437.5
11563
11641.6
11834.8
12307.6
12659.7
13384
14165.6
15082.9
16161.2
16959.8
17949.1
18900.2
19570.3
20394.9
20972.8
21719.3
22408.9
22967.6
23371.1
24002
24564.7
25106.2
25392.4
25883.7
26439.1
26976.6
27423.7
27847.6
28044.4
28220.6
28019
27421.4
26606.6
25203.6
23633.3
22082.4
20682.6
18883
17522.8
15928.8
14452.4
13021.3
11783.5
10683.1
9965.2
9562.8
9487.3
9566.8
9705.6
10039.3
10518.2
11301.9
11819.4
12621.2
13666
14643.6
15731.5
16842.4
18183.4
19381.1
20581.6
21927.6
23052.8
24210.9
25355.5
26652.3
27859.1
29359.5
30787.4
32079.6
32877.6
33289
33626.2
33345.9
32893.1
32277
31131.5
29699.6
28453.9
27138
25747.6
24375.6
22698.6
20838.6
19017.5
17297.3
15660.7
14218.5
12929.4
11938.2
11059.3
10262.5
9665.7
9146.8
8645.4
8267.7
7968.5
7780.8
7722
7831.9
7805.5
7954.9
8200
8610.1
9112.6
9531.8
10058.7
10650.5
11432.7
12045
12716.5
13481.9
14114
14796.7
15212.3
15765.7
16032.1
16496.4
16846.1
17070.6
17280.7
17566
17774.3
17836.5
18052.7
17952.6
17899.7
17575
17490.4
17250.1
16794.5
16484.9
15957.6
15441
15073.6
14692
14369.2
14209.1
14171.8
14033.3
13820
13475.3
13655.3
12928.7
12486.5
11736.2
11016.9
10323.1
9721.6
9118.3
8552.4
7984
7473.7
6901.3
6338.9
5794.5
5340.1
4922.4
4409
3847.7
3399.4
3032.3
2799.5
2518.3
2427.6
2251.9
2298.2
2211.3
2222
2250.8
2333.6
2407.4
2597.5
2563.8
2691.2
2873.1
2885.7
3048.8
3228.4
3337.5
3467.5
3732.4
3976.4
4105.3
4140.2
4188.5
4297.3
4342
4435.9
4406.9
4445.3
4219.4
4055.5
3934.6
3821.1
3677.2
3657.6
3249.8
3152.5
2954.4
2816.5
2505.4
2335.5
2151.8
1973.5
1809.2
1609.8
1554.1
1463.2
1437.6
1341.8
1343.4
1338.3
1458.1
1486.4
1487.3
1533.5
1631.9
1776.8
1851.5
1999.3
2171.4
2349.7
2419.7
2623.9
2836.3
3080.1
3407.3
3676.2
3977.8
4168.2
4387.6
4720.1
4722
4748.7
4777.5
4866.2
4875.4
4808.2
4854.9
4659.1
4568.6
4512.2
4277.2
4013.6
3952.4
3761.5
3407.8
3091.6
2931.8
2717.9
2428.1
2259.9
1894.6
1732.7
1555.8
1406.5
1384.4
1314.8
1266.5
1220.3
1271.5
1175.1
1140
1113.9
1096.5
1161.8
1119.2
1222.5
1233.6
1196.4
1344.9
1349.5
1455.1
1495.5
1609.9
1694.2
1861.1
2087.5
2171.1
2337.8
2507.2
2665.1
3051.9
3122.2
3025.5
3061
3119.2
3151.2
3146.9
3420.4
3023.4
3051.4
2987.6
2944.7
2765.9
2728.4
2729.2
2510.3
2181.4
1998.8
1913.1
1677.3
1617.7
1374.2
1230.1
1024
851.8
760.7
789
744.3
687.1
671.8
692.4
724.1
526
651.1
621.9
559.4
636.3
555.2
474.4
533.2
493.8
478.9
493.9
474.9
422.4
375.5
367.4
389.6
345.6
312.9
385.2
213
231.5
241
243.4
125.3
229.8
117.2
155.8
180.7
160.2
170.5
226.6
184.5
231.7
193.9
237.3
267
263.7
348.8
423.9
361.7
431
433.6
437.2
380
479.4
449
479.2
429.4
408.9
433.1
372.4
367.1
401.3
416.5
392.4
314.9
425.4
268.7
276.4
462.3
193.9
184.2
217.8
112.7
114.1
98.6
91.2
30.8
44.2
92.6
108.5
108.7
295.2
95.2
0
50.5
72.3
158.8
67.3
54.5
72.9
94.1
133
91.4
90.3
155.8
160.3
191
164.9
204.9
262.6
235.8
277.3
276.7
333.4
393.9
382.7
352.3
394.3
390.2
411.2
364.8
442.7
405.6
262.5
283.5
275.4
280
260.5
328.1
269.9
186.2
195.8
165.3
103.6
147.7
221.4
341.6
370.8
415.5
514.4
575.7
542.5
530.9
510.1
624.2
581.5
485.4
514.4
573.3
471.8
593.5
435.3
456.7
455.1
358.8
359
326.7
293.9
297.8
299.3
341.3
323
293.9
521.2
313.3
302.4
307.9
248.6
358.1
377
268.8
352.4
357.5
421.8
452.3
402.2
354.5
429.5
426.6
374.7
447.2
370.4
394.2
316.8
299
336.3
351.9
264.5
327.5
NaN
NaN