NaN
4569.3
2834.5
1456.3
1338.3
1478
1751.3
2212.3
2734.7
3383.9
4262.7
5458.3
6845
8680.6
10537.6
13052
15744.3
18308.7
19535.4
16936.1
11229.4
5929
2448.5
1882.1
2009.4
2373.2
2767.5
3299.4
3988.1
5067.1
6266
7776.3
9958.7
12093.5
14924.4
18290.2
22532.2
27009.9
30989.6
31433.6
25190.7
15377.5
6766
1878.7
1263.9
1103.2
1052.1
987.4
879.9
939.1
1046.6
858.3
855.3
950.5
1217.7
1227
1385.4
1658.4
1933.8
2297.8
2501.9
2380.7
2064.5
1513.6
1138.9
940.7
1043.3
1092.3
1303.3
1661
2197.6
2775.3
3400.7
4141.9
4962.5
5799.2
6252.9
5822.4
4309.6
2767.6
1602.5
1276.9
1316
1447.2
1786
1800
2174.1
2506.9
2935
3983.7
5082.9
6377.2
7898
9526.9
11476.8
13492.6
14601.1
13709.2
10359.7
6467.4
3255.7
1829
1745.6
1887.4
2175.9
2515
2811.8
3327.5
4023.8
4856.8
5884.5
7211.3
8703.5
10602.7
12885.4
15365.9
18310.3
22620.9
26482.1
28601.1
26933.4
20469.6
12813.4
6060.2
2227.9
1798.6
1728.4
1794.3
2034.1
2192.5
2567.1
2937.7
3455.7
4163.8
5015.4
6059.5
7207.4
8812.5
10498.9
12498.2
14820.1
17549.7
21121.8
25475.4
28369.2
28649.9
24677.6
17567.1
10211.3
4437.5
2289.4
2237.6
2293.9
2555.7
2769.3
3134.8
3630.2
4303.3
5069.9
5275.2
5035.3
4189.3
3051.9
2057.7
1449.7
1304.2
1451
1503.4
1637.1
1859.2
2199.9
2797.4
3230.2
3942.4
4621.5
5283
6114.2
7235
8210.2
8619.9
8135.2
6473.9
4398.9
2528.7
1343.4
1176.3
1144.5
1174.6
1216.6
1350.2
1429
1596.9
1735
1962.6
2289.7
2849.2
3659.4
4541.7
5503.7
6446
7360.7
8689.4
10557.9
12039.4
12656.9
11842.4
9631.8
6579.1
3659.9
1700.7
1355.4
1341.4
1416.9
1391.8
1489.5
1606.1
1614.7
1810.1
2099.9
2196.1
2431
2774.9
3237.7
3694.6
4355.4
5091
5902.2
6781
7893.9
9173.1
11013.4
12897.2
13911.2
13588.4
11972.9
8909.7
5418.4
2585.7
1044.2
827.9
815.9
749.5
787.2
797.3
873.9
866.5
1108.6
1156.8
1252.3
1345.9
1506
1673.4
1959.3
2162.6
2534
2877.5
3274.4
3846
4318.3
5067.9
5884.2
6893.6
8243.5
9348.8
9742
9538.7
8367.9
6866.6
5149.4
3757.8
3091.9
2576.2
1951.9
1411.4
895.1
735.7
915.1
760.7
820.3
756.1
747.5
769.4
832.7
977.4
1153.9
1349.3
1556.9
1776.3
1997.8
2282.3
2573.2
3010
3569
4005.7
4012.2
3781.6
3355.6
2284.9
1432.2
651.9
443.3
393.5
369.5
337.2
396.7
409
453.4
482.3
516.2
590.9
598.2
911.5
692.6
758.5
948
1187.8
1581.7
1638.5
1996.8
2354.4
2618.7
3044.6
3608.9
4370.8
4889.9
5071.8
4763.7
4309.2
3167.1
1999.1
1235.5
847.4
857.4
848.4
853
778.8
698.6
661.1
662.5
583.6
623.9
617.6
665.3
707.5
735
777.8
908.4
1031.8
1086
1248.6
1597.8
1582.5
1799.6
2075.4
2384.4
2714
3143.3
3632.9
4357.1
4792.8
4870.8
4612.3
4156.3
3285.8
2208.6
1245.3
616.9
478.8
530
472.7
453.7
515.3
559.5
523.4
549.7
564.3
661.6
627.1
698.4
786.4
765.2
833.4
881
987.5
1069.2
1229.9
1505.8
1603.7
1877.8
2159.1
2539.4
2676.7
2746.4
2737.8
2756.3
2620.8
2570.7
2687.1
2775.9
2748.3
2616
2359.5
1912
1448.7
890.9
619.2
604.5
525.2
541.6
545.4
551
692.6
742.8
820.6
976.8
1007.7
1162.1
1311.3
1418
1615.9
1820.8
2121.5
2263.4
2265.9
2088
1893.8
1471.1
949.5
610.5
383.4
329.9
347.8
379.7
345.1
346.9
345.9
384.3
369
445.6
358
402
454.7
465
483.6
579.4
489
482
519.1
631.3
660.4
734.4
873.6
1021.7
1117.6
1390.8
1457.9
1669.6
1829.7
2118.7
2455.6
2685
2724.2
2672.3
2574.2
2346.5
1945.3
1555.6
1298.5
1284.7
1194.6
1073
968.1
912.2
701.2
567.8
452.7
312.7
365.9
399.1
567.6
598.9
666.3
760.8
789.8
885.6
851.1
825.6
627.7
564.7
599.1
665.7
774.5
823.4
898.9
934.5
1061.9
1052.2
1245.2
1278.6
1374.2
1539.5
1652.6
1827.1
1989.7
2011.7
1921.2
1802.8
1636.8
1430.1
1091.6
676.7
547.4
489.7
415.1
403.6
435.5
404.5
385
434.6
423
466.8
463.7
526.8
518.1
595.2
707.3
807.8
811.6
838.2
783.4
729.8
665.7
585.8
546.6
346.6
307.7
307.1
356.9
371.9
356.9
381.2
520.4
470.5
456.4
541.1
534.8
576.4
618.6
731.4
752.3
809.6
937.1
879.9
881.2
913.5
871.7
811.6
722.8
706
703.2
671.9
719.7
807.2
806.8
885.7
976.7
1015.8
1083
1085.5
991.8
922.5
847.2
758.9
664.6
505.3
460.3
449.3
433.5
465.1
368.8
357.6
391.1
375.6
388.4
334.1
422.6
345.7
334.8
360.7
337
392.5
448.3
471.6
641.8
558.8
586.8
588.4
636.3
681.8
708.9
767.1
724
830.8
874.7
896.1
994.1
991.5
1069.5
1271.4
1219
1286
1368
1527.2
1622.3
1694.9
1697.6
1768
1754.1
1755.7
1670.2
1610.3
1522.8
1363.5
1287.1
1238
1151.3
986.4
887.6
749.9
717.7
672
613.8
572.6
517.9
458.1
428.4
521.4
491.7
465
406.9
407.4
398.9
393.7
450.4
511
579.7
431.3
327.7
386.6
346.3
361.3
381.2
366.3
331.2
356.6
377.8
362.6
350.9
356.2
358.7
373.9
329.2
345.2
480.6
418.5
366.3
420.4
525.5
502
506.6
617
619.1
530.3
518.9
485.3
423.4
455.1
597.8
523.9
604.2
726.7
789
888.7
985.3
1157.4
1184.6
1293.8
1477.8
1494.1
1559.3
1595
1690.9
1778.6
1784.2
1763.6
1822.4
1801.3
1797.8
1813.5
1788.2
1886.2
1925.2
1869.6
1834
1879.4
1932.7
2000.1
1914.8
1994.6
2012.7
2043.2
1947.6
1910.9
1869.7
1852.4
1781.9
1767.6
1739.9
1844.2
1809.3
1977
1847.8
1906.3
1918.6
1910.3
1938.3
1892.3
1914.6
1886.2
1844.5
1910.2
1871.3
1829.7
1805.3
1878.5
1777.2
1801.9
1752.3
1756.6
1744.2
1736
1646.8
1581.6
1513.3
1455.7
1379.3
1291.8
1285.5
1286.2
1365.8
1336
1491.7
1390.1
1446.2
1469.7
1548
1572.1
1504
1450.1
1444.1
1356.7
1275
1238.8
1195.9
1173.7
1130.8
1049
1012.8
1064.6
1003.5
1027.2
1102.7
1164.4
1133.2
1090.2
1160.1
1064.1
1063.2
1041.4
1075.4
1042.6
976.9
1047.6
951.8
1007.8
959.5
997.8
1019.7
1053
1074.8
1190.3
1219
1159.1
1145.2
1091.8
1079.9
1028.2
933.6
839.6
728.9
792
555.6
533.7
551.2
491.7
519.1
549.8
519.6
529.7
531.2
610.8
554.9
614.5
620.5
590.8
651.6
666.7
718.5
725.9
723.7
743
797
909.9
838.3
885.3
925.7
992.2
990.5
1032.7
1024.8
1065.7
1132.1
1116.7
1164.5
1210.6
1370.4
1539.2
1584.4
1789.7
1884.2
2139
2340.7
2659.6
3091.2
3649.5
4176.8
4570.8
5005.3
5245.6
5445.3
5537.1
5562.9
5683.7
5822.7
5932.2
6098.1
6149.2
5890.6
5607.8
5249.3
5041.2
4933.3
4887.1
5214.7
5666.9
6185.3
6909.5
7486.3
7794.1
7962.1
8140.3
8139.4
8274.5
8477.2
8414.3
8616.9
8669.4
8364.5
7913
7445.9
6641
6337.8
5967.9
5997.2
6250.1
6790.2
7328.7
8026.5
8628.3
8823.7
9065.3
9059.3
9076.5
9127.4
9461.3
9544
9587
9755.3
9507.5
8984.9
8141
7371.2
6812
6355.7
6177.5
6402.5
6894.6
7511
8137.4
8803.1
9360.8
9532.1
9543.3
9488.9
9548.5
9640.4
9931.7
9979.2
10112.9
10191.1
9737
9067.2
7965
7216
6436.8
5921.4
5922
6097.8
6422.6
6937.6
7431.6
8126.6
8680.1
8961.8
8939.9
8700.6
8677.7
8499
8784.7
8986.2
9070.8
9128.1
8955.9
8484.8
7389.2
6540.9
5791.1
5411.5
5113.3
5328.7
5621.3
6191.3
6583.7
7215.9
7905.8
8361.1
8567.8
8447.8
8209.2
8033.8
8005.4
8402.6
8624.1
8685.9
8835
8827.1
8337.4
7459.5
6383.6
5702
5226.1
4937.3
5122.3
5370.5
5637.1
5955.7
6410.2
6991.5
7509.6
7741.1
7829.8
7531.1
7202.3
7014.1
7038.6
7442.8
7465.9
7375.1
7378
7042.8
6569.2
5777.9
4583.9
3819.8
3361.4
3182.9
3096.3
2988.7
3097.8
3140.7
3301.6
3527.4
3822.2
4150.6
4011.5
3878.6
3694.8
3605
3609.9
3858.6
4091.7
4164.4
3975.2
4101
3759.6
3311.1
2651.4
2223.3
2002
1998.4
2050.2
2080.1
2103
2232.9
2388
2500.5
2730.6
2877.3
2921.1
2722
2615.4
2549.3
2481
2534.6
2529.9
2678.6
2483.7
2497.8
2433.5
2317.8
1939.8
1663.5
1489.4
1451.8
1488.3
1518.2
1541.6
1611
1782.4
1988.4
2196.5
2423.9
2813.2
3135.1
3279.7
3451.5
3469.9
3341.7
3203
3235.6
3364.4
3358.4
3482.5
3411.9
3260.9
3159.1
3172.1
3010.5
2700.5
2322
2074.3
2055.9
2170
2185.8
2186.1
2311.1
2519.7
2903.2
3238.9
3660.7
4162.6
4661
5187.4
5567.7
5831.2
5904.2
5589.2
5280.9
5270.1
5477.5
5679.1
5773.4
5805.7
5624.7
5344.9
5294.6
5288.1
4800.2
3793
3251.4
3154.7
3300.9
3299.7
3200
3264.8
3392.2
3847.1
4165.9
4740.4
5287.8
6061
6790.6
7566.1
7939.6
8448.1
8458.3
8106.4
7569.2
7509.3
7934.2
8122.9
8435
8653.8
8190.2
7686.2
7441
7754
7047.2
5768
4574.2
4487.9
4670.4
4697.6
4582.3
4469
4475.9
4856.6
5412.9
5867.5
6645.8
7375.7
8395.3
9305.8
10165
10750.9
11276.2
11066.3
10675.9
9987.9
10027.3
10664.3
10941.9
11283.2
11581.1
11130.3
10419.7
9956.1
10365.8
9596.4
7987.8
6086.9
5830.1
6041.5
6175.7
5968.5
5916.6
5923.3
6163.7
6772.8
7402.3
8372.2
9213.3
10363.1
11692.7
12870.4
13771.1
14633.5
15162.4
14914.3
14106.6
13322.6
13564
14305.6
14569.4
15209
15372.5
14905.3
14022.2
13390.7
13720.9
13056.5
10823.1
8353.2
7898.4
8255.1
9544.6
13307
17480.9
18743.3
16305.1
11890.5
10705.4
11156.7
12070.6
13320.7
14948.3
16462.5
17903
18874.6
19872.1
20240.7
19748.3
18617.8
17871.5
18262.4
19023.2
19516.7
20250.1
20380.1
19894.9
18677.2
18012.2
18070.1
16926
13979.3
10786.4
9656
9467.1
9419
9222.8
8887.8
8505.3
8323.8
8582
9189.8
9933.3
10875.4
11972.7
13278.7
14614.4
16013.2
16978.3
18037.6
18593.6
18820.1
18094.7
17168.6
16745.2
16930.1
17338.7
17966.3
18353.9
18316.8
17741.2
16824.9
16236.1
16014.2
14776.2
12433.3
9864.6
8321.5
7696.7
7482.6
7263.3
6894.9
6668.9
6177.9
6231
6304.5
6722.6
7205.9
7844.8
8510.4
9352.9
10287
11058.4
11853.9
12340.4
12690.7
12627.6
12379.5
11908.1
11641.6
11551.7
11807.7
12122.7
12285.5
12277.2
11894.7
11488.2
11071.7
10621.6
9721.4
8339
6944.3
5636.1
4942.7
4593.1
4243.3
3890.3
3631.4
3280
3086.6
3004.3
2999.3
3105.1
3272.1
3576.2
3780.5
4047.4
4452.3
4660
4924.8
5094
5214.9
5260
5158.4
4981.8
4849.8
4816.3
4856.5
4959.7
4881.8
5060
4836.6
4766.2
4532.2
4311.2
3922.5
3444.2
2897.5
2359.4
2036.8
1743.8
1467.5
1314
1155
984.7
863.3
741.8
575.9
591.2
470.2
431
453.8
364.4
409.2
362.7
457.7
432.1
398.6
411.3
348.2
342.4
348.1
355.2
348.6
416.1
334.7
379.7
381.8
452.7
380.5
391.8
446.7
492.2
499.9
429.9
599.3
486.6
445
449.2
506.6
454.9
587.8
529.5
546.7
515.5
605.7
779.7
770.2
821.6
704.4
687.1
739.5
746.1
765.5
746.2
759.2
824.9
935.8
871.6
908
931.6
1013.3
1140
1118.3
1202.8
1253.9
1369.6
1518.9
1769.5
1851.2
2026.8
2153.6
2420.4
2623.8
2773.8
3002.3
3940
5584.4
5688.7
4528.5
2212.5
1331.2
1326.3
1239.6
1328.9
1526.8
1507.2
1636.4
1829.4
2075.6
2262.7
2576.9
2812.8
3213.4
3702.7
4074.9
4651.3
5180.4
5855.5
6554.1
7350.9
8235.8
9199.2
10126.2
11178.3
12341.2
13490.6
14723.4
16074.9
19239.2
25007.7
29838.7
29015.4
21328.4
11511.3
6110.6
4053.3
3519.8
3166.4
2913.8
2783.9
2657.3
2429.2
2404.6
2459
2386
2523.4
2495.1
2649.5
2621.4
2784.2
2905.1
3115
3286.5
3540.9
3809.4
4226.9
4529.7
4865.4
5250.4
5666.3
6099.6
6522
6896
7148.1
7478
7561.8
7888.5
7920.3
8082.8
8151.6
8190.5
8303.4
8329.3
8305.9
8316.8
8304.9
8332.3
8265.7
7969.5
7676.5
7521
7380.9
7024.9
6711.1
6406.6
6155.4
5925.7
5624.1
5384.3
5133.4
4965.3
4920.8
4897.5
5085.1
5165.8
5408.7
5829.9
6051.5
6474.7
6925.2
7597.5
8084.3
8791.2
9463.5
10299.7
11132
11896
12785.4
13603.9
14056.6
14454
14745.4
14923.3
15153.8
15105
15292.5
15126.5
15149.7
15267.9
15210.2
15085.5
14992.8
14940.7
14864.7
14621.3
14206.1
13850.3
13576.3
13233.2
12934.4
12456.8
12015.3
11579.9
11392.6
10998
10845.7
10768.3
10949.5
11022.6
11176.6
11106.9
11219.4
11227.9
11111.8
11000.8
10925.7
10988
11113.3
11293.1
11378.3
11880.6
12355.8
13049.6
14009.2
14819.2
15847.3
16736.6
17551.9
18357
18973
19837.8
20565.6
21132.1
21684.9
22066.6
22677
23356.5
23876.1
24041.1
24316.2
24796.3
25367.4
25704.6
26317.8
26611.2
26722.1
26813.7
26483.4
25878.1
24899.8
23465.2
21838.3
20426.4
18733.7
17262.6
15781
14462.5
12898
11669.9
10607.8
9696
9086.4
8967.9
8864.4
9121.7
9403.8
9834.1
10317.2
10868.2
11526.9
12416.3
13534.4
14343.1
15395.3
16600.9
17783.8
18886.4
20077.9
21220.1
22298.7
23441.4
24589.4
25655.3
26943.8
28269
29521.1
30506.4
31260.8
31800
31768.4
31446.7
30909.3
30340.2
28906.1
27609.7
26444.7
25154.8
23716.6
22111.6
20445.3
18746.4
17147.4
15483.6
13975.2
12743.3
11723.7
10865.7
10097.1
9407.9
8873.1
8396.6
8002.9
7716.2
7514.8
7328.9
7322.1
7327.1
7507.4
7675.4
8101.8
8301.6
8700
9152.5
9808.9
10548
11080.3
11704.4
12485.2
13228.6
13772.1
14337.9
14894.9
15259.4
15700.9
16005.4
16358.9
16451.3
16696.4
16946.2
16973.6
17067.4
17168
17139.7
16940.7
16874
16632
16388.9
15859.7
15486
15028.7
14574.6
14346.6
14062.2
13972.2
13998.4
14125.3
14169.4
14074.8
13996.1
13744.1
13555.2
12880.2
12455.1
11422.5
10780.6
10230.6
9657.7
9078.6
8429.3
7875.6
7228.7
6667.5
6093.2
5526.9
4988.8
4380.5
3790.5
3309.2
2976.5
2620.3
2448.7
2322.2
2266.1
2166.8
2240.5
2213.4
2339.3
2292.8
2370.3
2455.5
2570.8
2660.2
2875
2901.1
3010.9
3173.9
3261.6
3472
3745.9
3885.5
4029.1
4134.7
4226.8
4244.4
4301.1
4259.4
4257.6
4109.4
4012.6
3867.8
3856.6
3636.1
3405.9
3276.6
3147.2
2924.2
2901.2
2417.4
2268.4
2106.2
2051.1
1796.8
1642.6
1456.9
1362.4
1361.2
1300.1
1301.9
1340.1
1344
1326.3
1363.7
1464.3
1545.8
1666.2
1698.1
1802.8
1971.8
2052.7
2279.3
2402.3
2638.5
2933.2
3026.9
3344.7
3530.7
3848.7
4096.3
4297.7
4462.4
4548.8
4550.8
4714.3
4624.3
4552.2
4517.4
4471.4
4413.7
4292.7
4159.9
3882.7
3687.6
3652
3401.3
3063.8
2798.5
2601.7
2436.4
2215.3
1971.5
1756.1
1527.6
1477.8
1276.6
1261.6
1158.6
1106.1
1147.6
1123
1109.8
1061.6
1149.2
1098.5
1047
1100.8
1087.7
1194.5
1185.2
1258.7
1353.7
1362.1
1498.7
1517.4
1650.2
1747.8
1884.4
2030.5
2320.3
2589.4
2705.3
2825.5
2816.4
2821.1
3056.5
2974.4
2835.7
2841.1
2877.5
2906.8
2890.3
3077.9
2592.1
2537.6
2491.7
2422.4
2153
1941.8
1827.7
1638.4
1471.8
1330.3
1226.5
962.7
887.5
766.7
739.9
651.9
585.9
587.9
687.8
654.8
654.5
643.3
606
668.8
458.3
604.6
544.5
481.4
603
475.3
447.3
467.9
419.2
443.8
370.9
381.1
277.5
241.5
276.3
270.1
265
198.4
264.3
179.4
169.9
181
203.1
88.9
225.6
124
173.5
174.3
192.2
168.6
244
255
279.9
254.2
265.6
347.1
403.7
456.9
511
456.8
491.3
482.5
457.2
403.8
472.2
405.1
469.3
435.6
371.5
372
312.1
261
284
334.5
296.4
243.9
338.1
137.5
175
331.2
91.6
118.4
147.1
82.8
81.7
71.2
33.2
0
21.4
52.7
84.5
118.2
293
92.6
31.5
49.7
87.3
160.4
71.1
67.4
108.6
118.6
162
123.9
133
177.3
239
234.6
197.7
241.6
327.9
334.4
359
330.1
402.6
376.4
358.2
318.4
387.4
369.2
372.3
259
346.5
321.4
211.9
213
245.9
187.4
183.2
237.1
197.1
150.9
210.2
275.4
315.7
448.9
643.9
758.1
701.6
645.5
622.5
630.7
599.4
645.3
669.6
749.4
692.4
560.2
471
530.6
403.3
512.5
390.2
394.6
393.6
301.2
348.5
299.8
298
339.9
280.8
309.3
355.7
313
509.8
343.9
285.8
333.7
281
356.1
384.1
310.5
357.4
350
424.7
482.6
441.4
393.5
458.2
385.5
313.7
381.5
297.9
308.2
262.5
218.3
203.4
249.9
147.1