NaN
4348.2
2625.3
1368.7
1315.5
1477.2
1756.2
2259.8
2720.5
3406.2
4312.8
5458.7
6877.6
8755.6
10678.5
13128.1
15897.5
18349.9
19430.5
16472
10712
5538.1
2331.3
1857.3
2019.3
2380.8
2790.5
3344.7
4029.3
5153.9
6328.7
7959.2
10146.6
12363.6
15256
18652.2
23059.8
27583.3
31401.9
31453.2
24509.2
14697.7
6236.7
1737.2
1191.9
1055.9
1031
952.5
878.6
882.8
995.7
822
842.4
916.5
1141.3
1172.9
1380.6
1629.4
1859
2174.3
2457.5
2252.6
1931.3
1366.6
1048.1
876.6
997
1047.8
1263.8
1614
2141.5
2715.2
3295.2
4008.4
4858
5627.8
5982.3
5470.1
4033.9
2593.7
1505.5
1233.1
1298.3
1427
1747.4
1770.7
2119.1
2470.3
2925.8
3975.1
5058.8
6370
7784.5
9504
11469.2
13301.5
14337.8
13216.4
9852.5
6018.9
2994.5
1791.8
1703.8
1859.4
2134.2
2479.1
2756.1
3358.6
4017.7
4886.3
5929.1
7279.4
8754.3
10709.8
12954.8
15535.4
18470
22938.6
26719
28447.2
26359.4
19722.7
12097.1
5551.3
2062.9
1754.1
1753
1792.3
2011.7
2180.6
2607.6
2970.4
3529.7
4174.7
5079.4
6159.5
7366.8
8988.5
10618.2
12705
15080
17894.2
21586.2
25922.1
28597.1
28649.5
24308.4
17076.4
9759.3
4105
2167.6
2150.2
2225.1
2497.5
2691.9
3072.3
3552
4183.6
4861.3
5047.9
4756.3
3948.6
2841.3
1907.8
1377.8
1254.5
1367.9
1465.7
1610.9
1820.9
2161.6
2713.4
3203
3824.7
4497.1
5144.5
5895.3
7099.6
7936.3
8271.9
7634.8
6050.5
4093.3
2289.7
1245.2
1108.9
1115.8
1155.2
1210.9
1303.1
1363.8
1556.2
1635.9
1886.5
2297.5
2836.9
3621.3
4528.9
5380.2
6429.7
7328
8601
10490.8
11872.2
12363.6
11456.9
9199.3
6129.4
3327.3
1586.4
1286.2
1288.9
1371.8
1364.7
1478
1557.9
1593.3
1739.2
2053
2140.4
2403.5
2776.6
3210.7
3710.8
4278.3
5079.6
5869
6829.9
7979.3
9227.4
11171.6
12895.3
13817.2
13370.4
11625
8639.7
5152.7
2364.5
993.6
778.8
774.5
719.9
746.1
760
855.3
830.5
1066.5
1133.5
1207.2
1327.4
1488.9
1676.2
1921.5
2132
2530.4
2863.8
3289.9
3852.1
4376.1
5089.7
5917.7
6984.1
8307.2
9386.9
9728.7
9377.9
8154
6576.8
4877.9
3529.8
2983.5
2429.7
1805.4
1327.6
868.3
706.7
902.2
728.5
803.3
751.9
734.7
735
829
1009
1172.5
1309.4
1532.6
1705.1
1930.5
2203.5
2512.4
2882.6
3468.5
3874.6
3836.6
3605.3
3131
2134.3
1316.4
615.4
390.2
337.1
345.6
326.5
346.5
406.1
450.9
460.2
517.4
581.2
554.1
881.1
677.9
770.3
949.8
1172.6
1507.8
1650.2
1975
2286.9
2531.9
3020.6
3561.9
4323.3
4848.2
4906.7
4625.8
4108.5
2996.6
1915.9
1148.9
831.5
843.1
858.1
858.1
788.8
700.5
678.5
662.9
560.2
605.8
614.7
680.1
679.4
766.6
763.6
920.6
1008.4
1106.1
1257.9
1588.7
1578.7
1803.8
2120.5
2417.4
2754
3155.2
3662.5
4356.4
4762.4
4852.5
4546.9
4051.1
3122.4
2069.9
1156.6
581.1
460.7
499.4
445.4
454.9
488.5
529.9
501.2
524.3
564.2
579.9
629
651.3
731.9
752.2
808
864.2
954.5
1045.1
1168.5
1426.4
1531.5
1833.5
2124.4
2495.6
2605.5
2674.8
2667.5
2711.5
2576.7
2527.8
2693.5
2772.5
2724.7
2606.9
2326.2
1892
1382.7
899.3
608.5
573.5
470.1
524.1
510.4
518.2
655.4
717.1
784.2
889.2
986.5
1126.6
1224.5
1431.1
1572.6
1781.8
2092.1
2163.8
2153.7
2015.5
1822.8
1385.7
899.9
555.8
325.4
293.6
317.9
358.1
346.9
357.5
323
380.4
332.4
460
368.3
416
453.2
456.5
468.6
522.6
465.9
464.2
514.8
623
634
764.8
846.5
1021.1
1099.3
1350.3
1443.7
1655
1815.5
2108.5
2481.1
2636.8
2738.5
2621.4
2547.6
2372
1904.2
1617.8
1292
1324.4
1246.6
1146.3
1024
913.2
719.9
542.1
438.5
342.8
345.4
373.5
581.6
643.2
723.7
770.1
810.4
899.9
846
845.1
617.6
587.2
617
653.2
748.4
812.7
876
926.8
1059.8
1053.1
1229.3
1297.7
1350.1
1523.2
1664.8
1807.6
1950.4
1976.1
1835.4
1765.2
1582.7
1357.1
1008.9
677
497.3
429.6
388
370.1
391.8
376.8
383.7
438.7
373.9
443.9
451.4
494.9
515.5
554.7
674.4
742.7
771.2
785
723
681.3
649.1
529.7
544.6
328.9
300.2
314.4
339.2
341
303.8
359.7
551.3
464.8
446.9
550
540.4
569.1
602.5
688.4
711.3
784.4
901.9
843.9
846.7
852.7
860.9
796.2
713.5
696
707.1
659
661.8
762.5
779.3
897
926.2
1002.7
1028.6
1023.4
948.9
879
842
698.9
651.9
472.6
458.5
416
405
451.7
356
331.5
371.3
359.1
362.6
319.6
393.9
306
320.3
334
309.6
378.2
415
462
616.6
503.2
561.9
517.6
555.8
624.7
703.6
749
725.4
812.7
801.4
880.7
946.1
962.1
1034
1248
1209.3
1294.7
1302.6
1514.1
1600.8
1650.2
1682.6
1718
1728.9
1696.8
1672.2
1589
1521.6
1344.4
1300.9
1190.7
1125.8
988.3
816.4
732.1
663.7
579.7
573
567.3
490.4
432.6
411.3
480
447.9
452.2
390.3
379.4
356.4
356.3
433.8
493.6
546.3
405.7
334.6
344.6
318.9
362.7
387.2
318.7
348.9
338
334.5
354.2
318.4
341
346.3
349.5
317.3
298.3
474.2
390
363
393.6
504.6
483.7
477.6
576.5
557
487.9
485.6
487.8
397
427.8
579.8
541.9
602.6
719.7
798.7
882.7
939.5
1119
1140.3
1284.7
1420.7
1435.8
1501.4
1519.3
1599.8
1693.9
1686.3
1710.9
1743.3
1729.4
1718.1
1743
1729.8
1787.5
1866.6
1779.7
1767.2
1771.7
1885.2
1908.9
1861.6
1873.4
1938.5
1938.9
1865.7
1847.6
1774
1794.9
1678
1666.3
1688
1761.9
1725.6
1874.1
1799
1835.8
1800.2
1842.5
1797.3
1816.5
1844.3
1793.9
1784.7
1844.6
1775.8
1746.5
1711.1
1763.9
1709.9
1719.2
1655.2
1668.7
1703.5
1658.7
1594.1
1479.9
1438.3
1366.6
1275.1
1238.7
1174.7
1235.5
1284.2
1264.2
1388.4
1332.9
1364.9
1424.2
1514.1
1506.7
1420.8
1368.3
1345.1
1277.2
1207.1
1165.7
1136.6
1120.6
1084.6
1021.5
1001.8
1014.4
1006.7
998.2
1069.7
1140.7
1108.9
1045.5
1115.7
1064.2
1032.4
1035.4
1032.8
1058.2
971.6
1004.8
920
968.6
959.4
968.7
974.9
1053.9
1075.6
1173.4
1204.4
1195
1164.3
1145.2
1075.7
1051.6
919.4
839.9
703.9
791.7
534.8
506.6
562.2
471.2
518
516
509.4
524.3
532.9
586.5
541.9
645.5
610.7
582.8
633.9
652.8
696.9
690.5
699.8
747.6
766.9
901.1
821.9
885.7
939.9
981.6
970.4
1001.2
1006.6
1054.5
1113.7
1097.5
1139.8
1194.2
1273.4
1475.9
1545.6
1704.5
1798.9
2021.2
2273.4
2602.7
2999.8
3515.3
4027.9
4435.2
4817.8
4982.1
5245.1
5299.9
5371.2
5466.5
5574.9
5617.3
5834.5
5826.7
5612.9
5302.5
4948.2
4810.1
4722.4
4670.8
5006.9
5485.2
5976
6557.3
7199.4
7438.4
7570.5
7769.4
7788.9
7882.3
8142.9
8014
8206.2
8214.9
7946.2
7493
7022
6337.8
6072.5
5695.8
5725.3
5955
6530.4
7082
7763
8238
8459.4
8641.4
8669.8
8752
8786.9
9015.4
9113.5
9288.9
9275.1
9059.2
8521.2
7724.4
7025.1
6476.2
6089.9
5955.6
6180.1
6643.3
7293.2
7853.5
8546.6
8977.6
9202.2
9192
9184.6
9192.8
9305.7
9595
9612.1
9754.6
9784.3
9340.1
8597.9
7592.1
6876.1
6130.4
5695.5
5680.9
5891.7
6217.4
6706.6
7274
7870.7
8376.6
8651.5
8610.8
8343.6
8384.2
8243.7
8521
8729.5
8692.7
8914.3
8638
8134.7
7070.2
6225
5527.9
5187.4
4956.4
5179.3
5533.3
5989.5
6440.5
6986.7
7728.8
8096.5
8325.9
8184.8
7939.1
7805.3
7810
8213.3
8433.8
8505.9
8585.9
8549.6
8076.3
7093
6115
5509.6
5055.8
4807.8
4942.3
5227.7
5498.6
5843.6
6286.5
6907.2
7404.6
7591
7671.2
7353.2
7057.8
6867.8
6885.5
7299.9
7394.6
7248.8
7233
6883.3
6416.8
5574.1
4445.2
3757.2
3266.5
3130.9
3028.4
2907.1
3043
3095.6
3223.2
3468.7
3730.6
4074.6
3875.8
3737
3582.3
3543.1
3517.4
3819.5
3944.5
4027.5
3917.6
4038.3
3713.3
3185.2
2537.2
2160.1
1922.2
1939.2
1995.9
2025.2
2061.1
2187.1
2293
2385.8
2631.1
2749.4
2756.1
2571.5
2519.2
2404.8
2404
2427.1
2449.9
2569.8
2375.4
2363.8
2303.9
2216.4
1808.2
1582.4
1424.6
1366.2
1435.7
1431.8
1401.6
1550.7
1704.8
1901.8
2082.9
2362.2
2676.8
3012.3
3096.7
3309.9
3252.9
3113.8
3051.9
3063.1
3245.3
3230.4
3359.2
3216.3
3089.8
3035.6
3024.5
2874
2502.6
2177.6
1959.2
1978.4
2046.4
2096
2097.6
2212.8
2456.3
2817.5
3153.2
3550.9
4021.4
4527.4
4926.9
5374.5
5574.5
5605.6
5272.4
5051.8
5047
5308.6
5384.6
5566.1
5567.6
5356.8
5050.2
5095
5003
4504
3589.3
3080.5
3009.4
3158.4
3127.3
3070.6
3156
3227.5
3654.5
4027.7
4581.3
5130.3
5866.6
6633.6
7315.6
7676.9
8088.8
8094.4
7695.1
7297.8
7240.8
7657.2
7772.1
8102.5
8292.6
7813.5
7344.8
7165.6
7412.6
6715
5437.1
4320.7
4345.2
4509
4552.9
4387.5
4291.9
4312.3
4721.6
5255.8
5724.8
6481.6
7209.4
8157.3
9018.7
9887.7
10452.4
10924.2
10668.3
10259.4
9598.1
9658.8
10311.3
10543.9
10954.4
11151.7
10716.8
9982.7
9686.9
10014.8
9200.9
7500.3
5827.1
5641.6
5786.6
5991.5
5792.5
5707.3
5718.9
6037.7
6644.4
7284.8
8113.7
9025.3
10213.7
11473
12610.2
13491.8
14328.1
14794.3
14517.6
13608.4
12953
13248.4
13945.9
14164.3
14841.7
14891.2
14497.1
13576.1
13112.8
13395.8
12661.5
10330.1
8029.2
7700.7
8144.7
9710.9
14139.3
18336.9
19495.3
16290.5
11687
10521.7
11035.3
12022.2
13162.9
14715.1
16206.5
17658.9
18631.6
19479
19731
19265.7
18118.6
17499.1
17958.8
18659.6
19071.4
19902.1
19945.6
19420.2
18208.8
17684.6
17561.3
16333
13357
10417.4
9390.4
9220.4
9199.1
9006.4
8613.3
8270.9
8100.5
8390.3
9092.2
9784.9
10707.9
11796
13131.1
14421.7
15788.6
16759
17777.1
18289.6
18390.7
17668.4
16778
16385.3
16598
17127.8
17724.9
17979
17967.5
17362.8
16411.5
15870.2
15619.1
14301.6
11925.2
9513.4
8059.6
7505.8
7274.8
7105.5
6716.4
6447.4
6020.7
6114.1
6166.6
6573.6
7098.2
7749.6
8471.8
9288.8
10180.5
10919.5
11595.3
12129.3
12436.3
12331.3
12128
11631.3
11461.6
11342.8
11566.4
11916.5
12058.2
12118.2
11690.8
11254.5
10819.6
10321.3
9457.3
8002.4
6676.2
5456.8
4790.9
4423.7
4100.3
3768.8
3541.4
3171.8
3043.1
2929.8
2941.5
3033.6
3191.5
3536.5
3773.6
3973.2
4426.1
4568.9
4889
5024.5
5144.4
5081
5003.7
4892.7
4685.3
4744.1
4746.5
4917.5
4836.3
4921.3
4758.9
4654
4416.5
4226.1
3824.7
3341.6
2818.4
2239.5
1977
1718.9
1415
1243.4
1095.9
928.2
815.4
728.3
552.9
566.4
449.4
425
435
344.6
392.8
359.7
452.8
437.6
394.5
358.9
346.3
308.4
333.2
332.3
372.9
388
305.4
337.2
350
443.8
367.3
386.4
423.3
452.3
479
415.4
552.4
465.7
382
413.4
485.8
458.1
571.1
470.9
538.9
530.6
558.7
735.2
726.7
781.1
682
645.6
696.5
738.8
769.9
712.4
753.6
776.1
917.3
832.3
877.4
925.2
963.3
1075.9
1085.5
1161.3
1226.2
1371.7
1460
1743.7
1816.7
1947.8
2090.2
2422.7
2594.6
2781.2
2987.5
4015.3
5614
5580.6
4331.9
1999.3
1284.7
1232.5
1201.8
1291.7
1530.3
1489.4
1590.5
1822
2025.5
2242.7
2536.4
2830.4
3173.9
3711.4
4051.2
4634.6
5200.2
5848.1
6595.2
7432.1
8217.8
9206.1
10207.7
11297.2
12404.7
13637.8
14853
16191
19614.2
25697.5
30141.5
28567.6
20290.4
10743.1
5714.2
3857.2
3415
3048.7
2848.6
2652.5
2526.8
2368.1
2317.7
2326.5
2268.4
2446.6
2430.2
2560.9
2543.6
2707.3
2794.2
3012.7
3182.7
3490
3755.9
4103.2
4440.4
4827.8
5179.7
5557.3
5997.2
6376.9
6764.1
7005.1
7352.8
7410.9
7751.7
7744.5
7942.3
7937.3
8020.6
8138.3
8173.1
8121.5
8135
8086
8133.4
7985.7
7753.6
7535.7
7326.9
7181.5
6830.2
6477.4
6251.2
5902.1
5703.9
5441.4
5185
4977.9
4884.4
4774
4778.5
4976.4
5003
5235.7
5681.3
5902.1
6368.5
6781.3
7467.6
7938.7
8608.2
9336.3
10076.3
10885.7
11633.3
12626.1
13346.1
13759.8
14170.9
14453.2
14599.4
14911.8
14916
14941.4
14810.4
14841.4
14972.3
14849.9
14771.6
14611.2
14629.3
14566
14346.1
13868.7
13543.8
13254.7
12934.2
12648.8
12189.8
11670.7
11312.6
11077.5
10708.6
10611.1
10521.6
10716.2
10751
10936.6
10875.7
10992.7
10899.8
10829.3
10704
10656.6
10644.5
10830.4
11049.2
11193
11619.3
12172.8
12887.5
13863.5
14640.6
15582.5
16556.3
17403.5
18164.1
18671.6
19543.3
20203.2
20825.3
21412.7
21691
22314.2
23008.7
23440.6
23675.4
23961
24409.4
24998.1
25438.9
25912
26163.5
26471
26443.8
26082.8
25438.8
24501.5
23066.2
21449.7
19926
18296.3
16841.1
15379
14025.2
12557.1
11336.6
10222.2
9419.2
8874.9
8750
8687.7
8890.1
9278.2
9672.2
10218.9
10730
11406.9
12334
13428.7
14173.4
15281.3
16510.1
17661.7
18707.2
19887.2
21134.1
22109
23285.4
24469.8
25541.1
26763.9
28176
29380.5
30246.6
31031
31543.1
31499.6
31128
30715.5
29900.1
28562.1
27295.7
26015.1
24781.8
23303.3
21792.7
20048.7
18358.8
16819.4
15174.2
13679.7
12492.5
11546.7
10558.2
9855.2
9244.5
8749
8194
7808.8
7536.6
7338.8
7209.3
7137.7
7212.4
7386.8
7596.7
7993.6
8234.2
8601.9
9089.9
9655.5
10361.9
11016.3
11612.9
12250.5
13109.9
13583.9
14141
14575.8
15062.8
15438.9
15665.6
16098.8
16210.3
16471.3
16696
16663.9
16885.4
16885.4
16795
16603.2
16552.3
16271.9
16124.2
15554
15116
14691.8
14254.8
14033.4
13688.5
13548.3
13536.7
13562.1
13425
13361.8
13211.8
12936.1
12590.2
11929.4
11566.9
10587.2
9983.9
9443
8853.1
8343.9
7703.4
7177.5
6632.9
6041.8
5531.2
5051.2
4476.7
4003.9
3410.9
3070.2
2752.5
2481.3
2349.3
2171.9
2121.2
2049.8
2154.2
2079.8
2218.5
2207.1
2296.1
2373.6
2493.8
2618.8
2714.6
2782.8
2935.9
3128.7
3156.3
3392.1
3633.3
3778.1
3867.2
4033.4
4101.9
4172
4144.3
4181.7
4135.3
3959.2
3914.7
3758.5
3720.5
3490.5
3262.5
3164.3
3023.4
2838.6
2792.1
2323.1
2185.1
2018.6
1964.8
1706.2
1518.5
1390.5
1361.2
1284
1244.1
1278.6
1313.3
1345.9
1274
1322.2
1406.7
1521.2
1641.6
1677.4
1765.9
1926.1
2068.2
2244.9
2411.5
2602.5
2878.3
2985.5
3325.9
3563.3
3827.8
4086.7
4219.8
4423.8
4481.5
4484
4648.4
4566.1
4536
4477.4
4436
4322.7
4200.3
4055.1
3801.4
3642
3568.4
3356.1
2944.6
2714.6
2558.6
2360.6
2110.7
1911.2
1649.9
1455
1440.6
1211.4
1214.6
1127.2
1082
1128.6
1089.1
1079.1
1038.3
1126.7
1045.7
1047.7
1063.7
1115.5
1159.6
1154
1279.3
1297.8
1346.3
1527.4
1518.7
1651.3
1720.2
1881.1
2038
2280.8
2594.8
2678.6
2843.1
2847.1
2819.5
3040.4
2989.6
2829
2855
2840.6
2932.1
2875.1
3090.8
2596.8
2534.3
2465.5
2353.3
2107.2
1874
1789.6
1630.9
1443.2
1305.9
1178.8
922.1
850.5
751.1
718.1
629.5
568.3
559.6
623.4
619.9
602.9
563.8
589.1
626.4
447.9
579.7
526.1
459.3
578.3
444.7
407.2
419.7
398.3
390.9
342.4
338.1
281
240.4
223.4
230.3
237.5
179
253.5
134.6
170
155.7
167.9
63.2
178.5
83.8
139.2
182.4
184.5
157.8
227
221.9
274.9
211.2
260.5
363.6
335.7
413.1
488.5
433.6
455.6
468.3
405.6
339.8
425.7
356.8
418.8
399.3
378.4
388.3
272.7
242.6
252.8
289
275.1
232.2
285.6
113.9
146.5
313
98.5
97.3
116.9
43.8
55.8
63.8
49.4
0
26.2
47.8
73.6
61.7
240.6
76.2
13.3
40.3
65.7
126.6
61.2
70.2
70.9
99.2
150.2
124.2
98.7
163.1
200.5
212.5
222.4
239
336
299.6
337
334.5
357.6
366.8
338.2
341.7
339.5
366.1
332.7
253.7
336.3
292.6
214.2
204.5
223.3
169.5
130.1
210.6
206.5
145.5
177.9
228
270
395.7
558.8
707.6
632.9
544.9
526.3
556.3
528.2
561.8
559
676.1
617.5
480
417.3
473.7
356.8
464.3
330.8
349.6
353.9
300.1
313.3
270.2
269.4
270.8
259.2
294.1
317.5
286.2
483.9
338.7
278.9
319.1
257.9
345.2
369.8
310.2
347.2
367.6
421.9
432.6
427.2
377.1
401.9
349.7
303.9
341.3
303
306.3
206.9
156.2
198.4
221.2
140.1