6562.3
5519.3
3700.1
2146.3
1277.7
1288.2
1593.5
1903.5
2347.9
2951.2
3737.3
4784
6069.3
7517.1
9324.6
11620
14274.1
16882.6
19158.7
19169.2
14856.1
9108.5
4017
1907.8
1987.3
2188.7
2463.3
2952.4
3663.1
4445.5
5550.6
7072.4
8683.1
10864.8
13435.6
16466.5
19912.7
24526
28758.1
32023.5
30189.8
21664.8
11964.6
3956.1
1378.9
1163.8
1025.1
895.4
883
970
798.1
755.5
764.3
965.8
914.1
1065.9
1238.5
1414.5
1688.6
1980.5
2184.3
2438.1
2208.5
1803.6
1273.4
955.2
822
892.3
1068.7
1335.8
1729.7
2254.4
2946.8
3511
4324.4
5169.2
5837.7
6106.3
5178.6
3668.3
2174.2
1237.9
1167.1
1470.4
1484.3
1805.6
1921.6
2025.2
2569.3
3222.2
4236.2
5513.7
7070.5
8245.4
9923.5
12112.6
13875.7
14812.3
12835.8
8915.8
5085.1
2163.9
1626.4
1783
1968.9
2102.7
2507.9
2930.4
3532.3
4287.6
5273.8
6279.5
7647.5
9437.7
11392.6
13708.3
16369.3
19656.8
24087
27572.5
28849.3
25782.2
17851.5
10103.6
3967.7
1825.2
1655.3
1778
1782.2
2078.6
2242.5
2659.8
3104.3
3740.1
4543.4
5321.2
6509.4
7752.9
9316.9
11275.3
13481
15909.5
18577
22456.1
26940.1
29240.8
28917.2
22936
14887.4
7790.2
2999.1
2117.6
2133.2
2272.9
2479.8
2801.1
3213.7
3832.6
4412.2
4973.6
5173.6
4752.4
3661.2
2599.3
1649.8
1281
1245.7
1316.7
1452.2
1631.2
2011.5
2235.5
2745.4
3352.1
4050.9
4688.9
5381.9
6176.4
7455.5
8386.9
8503.6
7661.6
5700.7
3545.3
1845.5
1077.6
1024.1
1058.7
1127.3
1154.6
1346.5
1433.4
1504.5
1694.8
1919.9
2434.1
3037.9
3771.8
4799.1
5752
6676.9
7780.3
9209.7
11146
12469.3
12814.6
11615.6
8488.4
5289.9
2555.9
1372.4
1267.2
1221.3
1327
1410.2
1363.4
1484.8
1761.1
1734.4
1904.8
2167.9
2556.4
2892.2
3338.1
3918.6
4504.4
5275.7
6270.4
7187.3
8389.4
9636.2
11588.6
13574.7
14333.6
13743.9
11168.1
7669.5
4227.4
1705.3
884.8
743.5
711.7
667.9
740.5
679.5
912.5
943.9
1000.7
1057.1
1193.1
1289.4
1536
1654.7
1952.2
2191.8
2554.3
2983.4
3357.9
3946
4607
5325.5
6141.6
7230.2
8739.9
9841.4
9972.7
9422.5
7901.7
6157.1
4610.7
3427.9
2904.5
2438.2
1684.8
1103.7
910.7
652.3
716.1
635.7
607.2
634
668.5
770.5
839.5
939.7
1101.1
1272.7
1501.8
1741.1
1988.8
2290.1
2644.9
3063.9
3572.7
3947
4116
3623.5
2867.4
1877.4
986.1
457.3
322.6
266.8
255.9
292.8
322.8
352.5
405.7
456.1
470.6
792.9
539
543.2
668.9
805
1138.3
1116.4
1430.6
1776.5
2014.7
2340.1
2626.3
3069
3745.1
4597.4
4970.3
5224.3
4706.3
3751.3
2624.6
1535.2
884.6
756.7
793.6
801.3
734.5
719.5
670
515.4
539.7
495.5
520.8
549.8
628.7
597.2
704.7
759.8
815.2
952.3
1255.4
1239.9
1392.2
1644
1846.4
2096.2
2477.3
2782.6
3221.3
3714
4483.8
4911.6
4982.5
4589.8
3892.3
2822.2
1698.1
827.9
465.4
376.6
329.3
378.1
394.7
371.2
429.8
488.5
516
488.3
517
630.7
619.4
686.4
664.3
697.8
783.8
906.5
1121
1167
1383.6
1585.5
1891.9
2210.2
2470.5
2629
2811.6
2729.8
2625
2508.3
2449.5
2618.6
2789.8
2771.2
2567.6
2268.7
1711.3
1174.1
779.9
483.7
426.5
389.3
413
493.2
476
570.1
638.3
726.8
865.3
1038.6
1138.5
1192.6
1335.4
1549.5
1839
2139.2
2218.3
2184.2
2017.8
1618.4
1208.7
700.7
363.5
243.3
281.6
258
249
239
306.4
247.3
388.3
283.6
314.6
357.6
373.1
366.1
493.7
371.1
350.3
351.1
469.9
449
491.8
583.2
709
807.5
1067
1128.2
1286.4
1376.3
1569.9
1797.4
2111.2
2446.9
2685.4
2758.2
2670.4
2474.2
2112.2
1659.3
1451.3
1227.5
1177.5
1114.8
1093.2
883
757.3
593.2
406.5
276.7
245.6
310
319
444.1
612.2
732.9
778.1
840.9
921.8
740.1
637.5
500.6
448.2
545.6
631.3
676.2
711
836.4
812.4
1029.3
1046.6
1108.7
1261.7
1338.2
1435.2
1580.6
1811.3
1945.2
1981.7
1868
1701.6
1537.9
1137.7
825.9
557.6
379
321
360.7
278.5
294.6
400.7
277.8
323.9
317.4
357.9
330.1
411.2
521.4
567.2
539.5
654.6
705.6
746.1
686.5
616.2
633.4
449.2
320.2
238.8
243.8
199.4
204.9
223.7
385.4
295.2
304.4
403.2
393.3
440.3
461
570.4
574
603.7
704.7
676.7
759.6
847.7
836.4
758.4
746.9
736.7
698.7
592.1
559.4
591.8
601.9
712.2
711
785.3
909.4
1024.8
962.9
937.8
903.6
842.2
784.6
577.4
469
393.3
408.4
425.7
327.3
267.6
328
273.1
275.6
229.2
347.1
225.1
238.5
261.1
189.3
254.9
295.7
310.9
525.9
389.6
399.9
417.3
448.3
530.6
541.1
584.2
572.3
633.7
667.6
688.5
827.3
807.1
834.7
1068.4
1008.4
1120.9
1120.7
1286.7
1324.9
1396.1
1539.7
1623.4
1701.1
1640.3
1606.6
1610.8
1615.5
1466.4
1428
1344.5
1219.5
1135.1
1006.3
849.4
754.5
625.6
585.8
540.5
539.4
422.6
437.3
462.1
395.3
381.8
275.5
282.3
251.1
293.2
361.9
461.1
505.7
341.1
256.2
285
249.9
243.2
320.9
252.6
222.7
242.7
289.9
318.5
242.7
246.2
287
287
262.5
241.3
391.8
314
264.1
278.1
357.6
295.3
340
515
548.9
465.5
470.4
467.6
390.4
350.1
420.4
331.1
407.7
501.2
525.6
619
685
866.6
899.7
997.2
1157.5
1291.8
1324.1
1385.1
1455.4
1528.5
1600.1
1565
1635.1
1655.2
1687.8
1718.2
1662.9
1699
1841.3
1722.5
1727.4
1714.6
1725.1
1825.7
1832
1829.3
1829.6
1915.2
1920.8
1874.7
1852.7
1801.9
1692.7
1685.7
1654.5
1712
1661.5
1811.4
1744.8
1770.9
1715.6
1744.5
1818.9
1888.4
1893.1
1855
1739.1
1863.9
1781.6
1737.5
1699
1789.2
1751.2
1737.8
1687.7
1674.3
1647.9
1653.6
1640.9
1595.4
1551.3
1469.5
1347.5
1250.4
1183.1
1180.9
1195.9
1181.6
1293.2
1191.7
1239.1
1270.7
1377
1407.9
1438.8
1394.3
1382.4
1295.6
1273
1215.8
1168.9
1118.4
1086.8
1033.9
943.4
972.2
888.3
893.7
992.6
1013.2
1058.6
1039.7
1091.8
1031.8
1015
983.5
971.2
1004.4
890.8
979.7
929.2
963.1
884.2
855.9
842.1
887.7
893.1
1016.5
1056.5
1108.4
1087.3
1051
1055
1066.8
992.3
923.3
829.4
908.8
564.9
520.1
539.2
422
388.9
418.2
393.6
426.4
435.9
468
380.9
529.3
479.9
499.2
457.1
472.2
560.3
598.4
581.4
580.2
609.3
736.6
683.3
730.4
737.1
808.6
803.3
860.9
865.7
919.6
955.2
933.3
1017.6
973.9
1058.8
1183
1254.9
1412
1451.8
1658.6
1859.5
1981.2
2263.8
2629.7
3085
3529.4
4074.8
4582
5064
5204.9
5297.8
5377.2
5417.4
5549.5
5662.7
5796.2
5993
6009.3
5745.7
5351.5
5052.3
4799.2
4767.6
4771.7
5101.1
5543.3
6172.3
6794.9
7361.2
7753.9
7893.5
7941.4
8092.5
8044.1
8287.6
8251.2
8313
8550.5
8439.6
7704.9
7040.2
6360.2
6077.5
5776.6
5854.6
6143.3
6667
7286.4
7837.9
8613.5
8921.4
9014.1
8935.7
8910.9
9027.3
9285.7
9340.9
9469.2
9654.6
9440
8867.5
7885
7063.4
6435.7
6094.3
6052.1
6421.1
6880.3
7483.1
8065.9
8843.1
9285.2
9597.9
9554.3
9451.5
9480.2
9507.7
9883.5
9914.9
9954.6
10039.6
9565.6
9048.2
7697.1
6823.3
6204.7
5743.4
5693.8
6033.7
6366.3
6876.5
7364.7
8161.3
8739.6
8907.7
8933.7
8540
8400
8441.3
8708.3
9014.8
9026
9056.2
8690.4
8397.9
7309.8
6327.2
5538
5027.6
4973.2
5341.9
5602.8
6087
6676.3
7152.1
7904.4
8419.9
8595.9
8388.9
7984.6
7971.7
7908.2
8347.5
8582.6
8749.8
8734.1
8533.8
8204.3
7263.3
6237.4
5301.3
4857.1
4864.2
5062.5
5288.9
5489.5
6036.8
6423.5
6961.9
7678.5
7820
7689.4
7270.1
6911.4
6866.6
6977.2
7396.3
7489.5
7347.1
7243.2
7312.9
6583.9
5375.3
4424.7
3613.9
3136.9
3051.1
3145.8
3025.8
2966.1
3076.3
3257.8
3691.2
3755.6
3987.7
3972.3
3763.7
3542.4
3490
3593.8
3928
3998.6
4233.7
3914.9
3851
3698.3
3181.3
2556.7
2039.5
1864.2
1853
1962.7
2035.4
2061.3
2100.2
2239.4
2447.6
2677.6
2732.4
2792.4
2655.8
2484.6
2314.1
2310.1
2505.2
2499.8
2488.1
2425.3
2398.5
2249
2192.9
1852
1525.2
1435.3
1353.5
1340.4
1361
1461.5
1549.8
1632.5
1864.1
2104.9
2461.9
2648.5
2960.4
3162
3352.7
3335
3154.5
3153
3064.8
3204.4
3209.7
3334
3302.3
3134.3
2989.6
3039.3
2955.2
2499.9
2063.7
1918
2035.1
2115.4
2054.3
2079.5
2243.8
2506.8
2828.1
3206.7
3611.8
4076.6
4655.9
5097.6
5517.2
5694.1
5734.8
5404.9
5097.1
5202.9
5399.2
5429.2
5697.5
5771.7
5467.1
5121.2
5143.8
5094.9
4583.7
3628.4
3041.1
3034.4
3212.1
3211.6
3109.3
3195.3
3264.1
3738.5
4085.7
4672
5299.9
6031.8
6796.8
7417
7937.1
8340.4
8337.4
7926.6
7364.4
7411.3
7850.6
8072.5
8282.5
8410.2
8044.2
7576.4
7343
7537.9
6859.6
5520.1
4407.9
4350
4588.7
4581.4
4456.7
4408.2
4407.6
4747.7
5344.3
5915.4
6639.9
7349.2
8380.9
9349.6
10211.3
10746.7
11260.4
11084.2
10518.7
9876.4
10049.9
10502
10868.9
11291.7
11348.9
10952.2
10204
9898.8
10235.9
9428.9
7556
5976.7
5842.5
5950.8
6091
5952.4
5864
5795.9
6156.9
6816
7449.7
8445.9
9372.2
10458
11746.4
12922.9
13957.8
14678.2
14964.4
14761.2
14059
13379
13582.7
14250.1
14553.1
15171.9
15335.2
14715.2
13767.1
13561.4
13713.6
12738.7
10534.7
8425.7
8097.3
8518.6
10272.2
14606.8
18449.9
19500.5
16496.4
12382.9
11041.3
11396.1
12415.2
13654.6
15173.4
16530.7
18021
19045.6
19936.7
20014.3
19622.1
18655.5
18096.4
18361.6
19151.7
19773
20383
20337.4
19707.4
18617.4
18115.3
17896.5
16527.9
13653.6
10958
9682.8
9466.6
9403
9223.3
8801.5
8466.5
8377
8637.4
9221.7
10087.4
11062.6
12198.9
13486.9
14647.3
15987.4
17151.1
18249.9
18633.8
18599.6
18123.8
17340.8
17008.2
17198.6
17459.3
17976.5
18302.8
18104.6
17620
17046
16348.8
15884.9
14412.1
12123.3
9842.9
8420.2
7764.6
7397.8
7336.9
6854.1
6597.5
6234.8
6243
6452.1
6809.3
7246.5
7893.2
8648.2
9433.7
10359.6
11120.2
11876.9
12316.3
12717.8
12586.4
12333
11852.9
11708.8
11709
11868
12174.4
12216.2
12160.2
11896.2
11581.4
10985.7
10492.8
9567.2
8196
6804.8
5776.7
4943.7
4481.1
4162.5
3834.4
3592.9
3280.4
3051.4
2916
2940.7
3174.9
3321
3482.7
3912.7
4049.9
4388.1
4588.9
4885
5092.3
5151.3
5146.6
5044.5
4921.2
4812
4903.2
4754.5
4990.4
4902.3
4950.2
4738.5
4706.2
4424.6
4177.4
3818.3
3284.3
2862.3
2383.8
1910.5
1589.9
1387
1237.9
1072.3
924.5
728.7
729.8
517.5
458.6
422
316.3
350.2
300.8
379.8
347.8
322.1
311.6
253.4
255.4
295.6
297.6
289.9
329.1
254.1
278.9
272.1
361.8
287.9
300.4
338.1
343.2
387.9
311.3
509.5
398.5
312.8
337.9
414.8
366.9
470.1
386.4
431.9
334.5
445.2
532
503.6
639.9
628.5
680
699.5
637.2
618.8
593.6
637.2
668.5
795.6
727.3
765
773.9
813.2
933.8
925.5
957.7
987.3
1113.5
1224.1
1433.2
1475.8
1532
1697.6
1971.7
2126.7
2270.8
2455.1
2722
2909.1
3921.2
5394.9
5442.4
4285.2
2110.8
1182
1157.5
1349.3
1228.8
1306.2
1473.1
1594.5
1759.2
2024.4
2202.4
2517.3
2851.8
3164.4
3595.9
4075.1
4590.8
5148.8
5871.4
6511.6
7299.4
8174.7
9099.6
10155.9
11207.6
12371.6
13420.5
14506.8
16343.3
19982.2
25204.3
28916
27459
20578.8
11648.5
6446.1
4106.7
3405.4
3139.3
2888.2
2626.2
2478.3
2490.1
2379.2
2479.3
2328.8
2517.6
2363.7
2480.3
2548.1
2706.2
2791.6
3034.2
3243.4
3559.9
3835.2
4149
4424.8
4851.4
5279
5708.9
6087.4
6466.9
6849.3
7090.8
7450.3
7514.3
7752.6
7900.7
7995.1
8070.8
8099
8307.2
8409.2
8248
8238.3
8294.6
8242.5
8106.5
7897.8
7743.9
7488.7
7202.4
7008.3
6663.6
6451.1
6089.1
5831.1
5603.7
5291.1
5126.5
4981.7
4995.1
4954
5048.4
5324.1
5427.1
5726
6050.7
6582.6
6928.7
7514.5
8155.7
8830.3
9511.7
10222.5
11133
12070.2
12712.3
13471.6
14025.9
14386.3
14726.9
14890.3
15227.9
15182.4
15130
15231.3
15186
15308.3
15198.9
15071
14964.2
15006.5
14944.8
14599.9
14261.9
13880.3
13662.8
13436.6
12869.3
12419.5
12069.8
11627.9
11399.8
11054.7
10891.3
10860.4
11051.6
11064.3
11142.7
11065.6
11224.5
11245.9
11211.4
11058.9
11054.1
11096
11137.3
11389.4
11574.8
11955
12643.9
13249.4
14052.7
15035.1
15922.6
16866.4
17636.1
18471.3
19220.2
19926.5
20639.4
21091.5
21722.9
22244.3
22937.9
23422.9
23811.9
24145.3
24648.1
25001
25592.9
25910.6
26559.6
26688.7
26862.8
26805.1
26606.7
25934.8
24799.3
23463.8
21872.1
20442.3
18834.4
17668.8
16016.5
14615.2
13159.5
11946.5
10818.9
9948.3
9244.5
9060.6
9167.9
9285.6
9569.1
9832.9
10364.1
11059.2
11908.5
12565.7
13499.3
14564.6
15712.8
16688.9
17851.5
19232.4
20218.9
21322.3
22605
23595.3
24776.8
25872.1
27382.1
28498.8
29599.7
30890.6
31626
31886.9
31756.6
31741.2
31085.9
30141.3
29000.4
27909.6
26580
25226.3
23954.6
22393.1
20900.1
19053.3
17401.5
15817.9
14341.4
13008.8
11987.5
11029.9
10285.5
9578.6
8998.1
8523.1
8184.3
7765.9
7531.3
7382.6
7368.5
7442.4
7710
7848
8039.9
8360.2
8857.3
9455.6
9945.7
10441.7
11196.4
11946.2
12566.3
13207.4
13812.8
14353
14949.7
15302.9
15753.6
15929.5
16314.3
16648.4
16725.7
16915.2
17109.9
17250.8
17243.2
17263.3
17064.6
16930
16592.8
16359.9
16049.9
15479.2
15099.7
14639.7
14333.5
14063.2
13845.8
13740
13671.7
13662.1
13384.3
13280.5
12966.5
13034.2
12018.4
11300.4
10592.7
9991.7
9492.1
8787.3
8204
7749
7237.4
6616.7
6084.5
5525.7
5157.8
4688.8
4194.2
3628
3115.8
2852.8
2567.8
2429.3
2192.9
2194.4
2082.6
2177.8
2121.6
2222.4
2226.8
2340.7
2415
2590.6
2598
2741.6
2889.8
2884
3106.8
3256.8
3428.4
3624.3
3887.5
4019.5
4045.9
3998.8
4107.8
4210.1
4194
4184.8
4106.1
4037.7
3834.9
3643.4
3545.3
3392.7
3196.2
3289.9
2864.5
2739.3
2477.7
2346.7
2130.1
1937.4
1763.2
1581.6
1508.1
1351.4
1358.6
1311.9
1319.3
1236.1
1252.1
1310.6
1418.4
1458
1500.7
1523.1
1665.1
1777.5
1929.3
2054
2243.5
2455.1
2538.3
2761.6
2998.4
3291.2
3640.8
3840.9
4060.5
4217.3
4355
4600.8
4499.9
4551.2
4597.8
4584
4508.8
4493.2
4466
4249.3
4105.9
3952.8
3805.7
3613.7
3401
3083.8
2789.8
2625.6
2477.7
2232.4
1870.2
1797.2
1513.8
1425.8
1265.1
1202.9
1190.5
1153.6
1166.9
1092.5
1133.1
1087.4
1044.2
1027.3
1052.5
1119.3
1091.9
1197.6
1223.6
1196.9
1316.4
1330.7
1475.5
1512.6
1616.9
1762.1
1949.4
2182.2
2290.2
2478
2633.1
2695.5
2985.6
2970.6
2868.6
2854.5
2853.4
2935.4
2951.7
3226.6
2785.6
2796.1
2686.9
2561.2
2481.9
2394.3
2285.1
1969.1
1743.3
1661.2
1588.8
1374.1
1203.2
1019
942.1
814.4
637.4
637.6
655.7
663.5
644.5
609.3
653.5
647.9
441.4
587.1
545.3
483.1
623.6
484.3
438.5
446
418.4
436.7
409.7
426.1
345.7
271.9
290.5
316.8
322
225
324.6
171.9
193.9
185.1
207.8
82.1
231.7
90.6
136
147.9
161.5
167.3
211.4
197.9
248.6
185.8
234.3
294.7
283.5
393.2
449
393.2
457.3
448.2
407.6
368.4
476.2
398.5
446.1
402.9
361.4
408.1
328.2
309.2
325.6
351.7
340.2
275.3
371.3
223.8
209.2
416.4
164.2
161.6
178.2
68.3
85.7
73.2
29.9
0
31.8
64.2
98.6
90.5
290.8
106.3
34.8
42.8
67.7
147.8
63.1
57.1
76.2
96.2
135.9
104.9
102.1
159
189.4
183.7
205.1
210
275.9
261.4
292.3
311
367.1
387.2
372.8
318.1
361.9
373.1
417
347.1
383.5
356.6
242.1
242.6
302.2
244.4
242.8
301.5
239
170.7
174.9
169
113.4
203.6
336.4
493.4
553.7
586.3
588.4
607
510.2
514.9
540.9
640.7
646.3
521.4
507.5
559.2
462.3
562.8
434.9
441
397.7
327.1
395
323.8
317.5
337.3
288.4
351
330.5
320.4
550
354.6
304
310.4
293.3
364
395.9
285.4
391.8
385
434.8
494.6
435.2
407.9
444.1
432.2
373.1
399.2
333.5
378
333.5
292.1
302.3
323.6
258.1
264.5