6267
4746.3
3069.1
1552.3
1116
1369.9
1581.8
1894.4
2456.2
3124.6
3944.7
5131.6
6319.6
7945.7
9864.8
12183.9
14856.8
17327.2
18967.6
17454
12369.3
6773.1
2561
1786.2
1922.1
2083.2
2419.4
3049.7
3649.6
4536.3
5949.4
7189.1
8933.6
11184.9
13754.9
16670.5
20618.7
24721.2
28753.2
30668.3
26159.8
17168.3
8232.6
2131.6
1195.5
1022.4
856.1
840.7
936.7
728.9
674.5
671
871.8
804.2
924.6
1107.8
1249.3
1519.2
1848.1
2021.2
2334
2396.5
2206.9
1565.8
1108.8
742.5
792.3
940.7
1112.2
1434.7
1871
2482.9
3144.7
3855.8
4649
5503.6
6139.3
6044.7
4720.6
3103.5
1650
1051.2
1350.3
1260.7
1615.2
1736.9
1804.2
2196.3
2629.8
3442.6
4639
6105.5
7230.8
8747.8
10608.3
12694.5
14429.8
14569.6
11555.6
7400
3660.7
1638.3
1594.6
1743.9
1846.5
2177.6
2480.5
3029.1
3648.6
4491.8
5368
6481.9
7972.8
9777.8
11758.5
14271.5
16889.7
20370.6
24729.3
27638.6
28105
22627.5
14576.4
7437.4
2495.5
1544.7
1621.1
1522.7
1780.9
1915.1
2229.9
2557
3066
3831.6
4469.5
5493.9
6539.1
7847.2
9465.8
11476.8
13604.5
15939.4
18784.5
22896.9
26523.1
28443.9
26320.9
19330.4
11684.4
5354.3
2231.3
2055.1
2114.3
2263.4
2644.2
2998.2
3544.2
3953.2
4728
5224
5308.6
4538.4
3315.6
2191.7
1397.8
1139.5
1200.4
1270.9
1412.5
1738.6
1851.8
2272.7
2915
3565
4243.1
5004
5672.6
6743.4
7963.7
8681.7
8715.7
7241.5
4912.5
2890.1
1333.5
987.4
938.5
985.2
1031.8
1177.6
1248.7
1364.1
1509.2
1668.1
2022.9
2534.7
3136.3
4087.7
5059.9
6012.8
6996.2
8144.2
9705
11565.3
12867.9
12710.9
10618.7
7264
4144.3
1807.2
1150.3
1073.4
1184.6
1243.2
1199.1
1295.9
1532.5
1532.2
1706.1
1859.9
2165.5
2482
2862.2
3415.2
3933.1
4569.6
5462.6
6271.6
7385.9
8486.4
9905.9
11922.2
13678.8
14103.4
12821.3
9741.4
6130
2988.8
1124.6
683.8
634.9
544.7
580.2
550.2
781
800.2
838.8
864.7
963.9
1069.4
1274.2
1360.1
1650.2
1855.2
2132.9
2517
2921
3366.5
3911.9
4569.8
5278.5
6197.5
7366.6
8797.2
9514.7
9640.6
8711.8
7037.7
5505.5
4013.4
3232.2
2883.1
2093
1401.9
1043.1
572.1
594.3
529.5
468.3
505.3
552.2
575.9
678.1
717.9
884.1
1015
1219.1
1530.7
1794.1
2108.7
2360
2727.3
3158.2
3762.5
4215.5
3927.8
3501.7
2511.6
1509.7
671.7
256.1
162.9
197.6
209.9
230.3
235.8
293.9
316.2
336.5
678.3
404.4
443.9
497.8
583.9
896
857.4
1183.1
1490.1
1697.7
2055.4
2287.8
2667.5
3193.2
3948.5
4645.6
5194.9
4928.5
4322.3
3246.3
2063
1064.4
627.3
588.7
575.3
531.2
539
520.4
377.7
401.5
355
340.8
379
414.6
402.3
529.9
579.2
635.2
741.4
1034.7
974.6
1111.5
1358.8
1524.4
1805.5
2094.4
2354.8
2738.8
3141.2
3725.8
4420.2
4820
4735.9
4261.4
3396
2278.5
1227.6
538
271.7
238
244.4
262.4
229.7
278.8
331.8
388.7
327.7
360.7
456.1
434.6
528.7
508.5
569.9
630.9
736.8
941.7
986.1
1205.9
1341.9
1635.1
1883.5
2214.9
2483.9
2706
2699
2598.3
2444.5
2252.1
2253.2
2484
2561.7
2508.6
2332.7
1895.1
1322
880.9
385.8
287.1
252.3
215.6
312.7
328.9
349.3
440.7
531.7
656
837.2
961.1
1011.6
1128.6
1318.4
1544.8
1892.5
2148.9
2223
2102.1
1835.3
1473.9
894.8
455.8
176.9
164.9
122.1
110.5
67.4
142.5
108.9
271.6
90.6
164.3
222.9
210.3
218.4
320.9
226
213.2
215.7
314.3
270.3
298.8
341.4
481.4
569.5
819
863.2
1064.9
1141.6
1282.1
1468.3
1709.9
2075.4
2376.5
2546.2
2577.8
2368
2109.3
1679.2
1323.7
950.5
792.4
781.6
832
652.4
544.2
448.2
284.1
198.5
100.5
173.3
85.2
160.9
347.6
516.2
600.3
632.4
811.7
643.6
537.6
381.1
314
419.7
402.5
496
520.4
611.5
627.5
808.1
823.4
849.2
1057.8
1104.5
1180.6
1304.7
1491.4
1646.7
1822.9
1766.5
1712.4
1530
1195.1
926.3
595.7
323.8
216.9
250.5
186.8
170.1
193.8
154.4
185.8
196.8
220.6
232.6
269.1
342
413.4
412
498.3
564.4
660.4
618.2
579.1
602.2
408.8
302.4
179.7
134.5
45.5
52.3
85.6
223.1
125.4
162.5
232.1
233.9
269
266.9
393.5
379.8
450.4
547.5
487.3
560
722.8
684.5
639.1
633.6
619.2
631
495.8
401.7
464.2
465.3
505
545.6
593.1
723.2
839.8
816.9
813.1
800.3
750.2
706.5
509.2
405.7
289
254.1
285
187.9
144.6
175.8
164.9
172.4
90.7
234.2
110.6
123.1
121.5
92.7
135.5
162.1
192
402
231.4
259.3
237.6
336
371
399.2
452.8
428.2
506.4
532.9
556.9
645.1
643.6
670.2
900.9
861.1
937
935
1118.5
1138.7
1202.2
1299
1424
1499.6
1479.3
1469.5
1434.6
1429.3
1284.1
1240.9
1196.9
1048.6
970.8
878.6
756.8
673.8
618.5
553.4
534.3
483.8
404.1
363.2
436.3
357.4
302.6
201.7
163.6
150.2
176.1
272.5
345.7
404.8
245.9
181.4
189
123.6
119.9
145.5
108
87.9
87
150.2
165
119.2
148.8
182.2
153.1
134.3
152.5
285.9
185.5
121.4
172.8
233.2
147.7
211.2
405.9
407.4
325.8
326.8
350.3
292.5
269.2
333.1
187.2
236.5
302.3
324.5
404.4
533.2
697
685.1
797.3
982.6
1085
1177.8
1228.6
1337.1
1433.6
1505.8
1449.5
1505.8
1551.8
1621.6
1660.1
1598.5
1677.4
1756.8
1629.9
1649.6
1618.2
1643.2
1720.6
1681.6
1707.8
1799.5
1779.4
1823.8
1861.7
1815.2
1774.3
1670.1
1633.7
1591.7
1658.3
1585.2
1714.6
1628
1643.7
1654.8
1685.9
1698.7
1789.9
1837
1791.1
1747.5
1803.3
1709.4
1637.9
1588.7
1710.3
1635.3
1721
1648.7
1616.4
1648.1
1578.7
1556.8
1580.6
1546.2
1496.8
1350.3
1263.6
1179.5
1133.2
1191.2
1113.9
1208.1
1092.6
1155.8
1199.3
1301.1
1316
1371.1
1358.2
1336.5
1249.4
1232.6
1189.5
1137.9
1072.4
1067.2
961.9
907.8
893.3
788.2
768
837.3
889.5
891.4
910.3
995.4
898.7
859.8
824.7
872.5
846
777.2
841.2
779.9
794.1
727.8
712.7
648.8
686.9
701.7
843.6
899.4
889.3
843.7
804.8
868.5
839.3
818
766.4
691.6
828
493.3
419.7
484.4
294
305.8
276.6
253.3
303.7
267.6
372
234.3
335.3
308
320.1
318.2
328.3
354.3
372.9
431.9
416.2
423.4
569.3
461
527
512.1
514.8
601.2
621.1
637.6
696.2
787.9
742.2
819.7
813.2
919.1
958.3
1020
1206
1225.5
1439
1547.3
1750.4
1975.6
2360.9
2681.9
3082.9
3677.3
4274.9
4884.7
5161.9
5362.7
5384.1
5534.3
5535.5
5726.4
5849.2
5937.4
6207.9
6016.5
5816.8
5335.1
5002.3
4870.4
4684.6
4799.7
5222.5
5827.4
6443.4
7112.5
7735.9
8031.1
8150.7
8150.9
8061.1
8265.3
8403.5
8446.4
8670.8
8899
8305.8
7716.8
6881.7
6347.3
5982.3
5764.1
5928.6
6433.3
6957.8
7436.3
8324.4
8870.7
9120.2
9206.6
9119.7
9157.1
9199.3
9467.3
9562.3
9817.2
9968
9496.8
8814.1
7785.5
6925.6
6350.2
5976.6
6139.1
6620.8
7056.7
7700.2
8287.4
9096.4
9625.6
9827.8
9658.1
9484.3
9437
9740.2
9965.3
10039.1
10182.2
10156.6
9770.6
8762
7473.8
6663.3
5977.2
5625.8
5800.4
6040.5
6485.8
7008.6
7653.3
8378.4
8829.5
9107.5
8792.8
8548.4
8487.5
8487.2
8948.1
9043
9068.7
9002
8830.8
8192.7
7074.7
6015
5313.7
4945.9
5116.4
5362.2
5706.3
6194.3
6639.3
7307.3
8006.6
8454.3
8591.7
8226.2
7961.3
7804.5
7865.8
8305.6
8666
8590
8645.5
8322.5
8005.2
6913.5
5694.3
4960.1
4593.3
4768.2
4896.7
5136
5519.2
5891.5
6349.2
7045.7
7420.1
7649.3
7371.5
6903.3
6681.9
6635.2
6826.8
7254.7
7222.6
7072.2
7324.1
6707.5
6135.3
4896.6
3887.7
3184
2884.3
3065.4
2979.7
2811.5
2849.3
2981.8
3368.9
3428
3809.9
3867.1
3792.1
3534.2
3425.2
3390.7
3607.1
3806.3
4120.9
3870.6
3785.4
3684.8
3537.1
2870.4
2238.8
1838.4
1716.4
1837.9
1902.2
1978
1892.3
2060.6
2226.2
2433.5
2560
2740
2671.8
2491.3
2347.8
2239.8
2379.7
2347.6
2460.2
2413.8
2355.4
2244.3
2246.9
2045.4
1712.7
1506.4
1294.7
1233.9
1269.3
1349.1
1427.3
1531.5
1720.5
1936.3
2253.8
2446.4
2821.7
3050.1
3245.9
3417.3
3341.3
3288.4
3062.3
3173.6
3136.8
3327.9
3384.9
3321
3078.6
3031.5
3058.2
2792.1
2327.5
1947.9
1923.5
2028.3
2071.2
2039.8
2087.1
2186.4
2568
2862.9
3296.9
3676.6
4272.5
4762
5317.3
5526.5
5852
5724.1
5459.4
5220.1
5277.9
5461
5662.9
5897
5783.9
5514.9
5184.4
5223
5122.7
4381.3
3444.9
3015.3
3141.4
3289.3
3134.9
3161.2
3134.4
3400.5
3816.9
4310.9
4906.2
5649.8
6298.5
7069.9
7689.9
8210.6
8569.8
8277.9
7877.7
7430.8
7663.3
8105.2
8147.6
8561.3
8421.8
8086.3
7467.3
7577.7
7529.2
6711.9
5161
4290.4
4473.2
4582
4575.5
4404.6
4367.6
4381.8
4990.6
5446.3
6123.2
6808.3
7675.7
8650.8
9709.1
10346.1
11061.3
11309.6
10976.9
10507.4
9955.2
10164.3
10762.4
11046.1
11468.2
11379.9
10843.2
10072.5
10145.1
10167
9034.9
7172.2
5850.3
5781
5990.7
6069.7
5916.1
5769.1
5834
6295.4
6888.5
7666.6
8642.5
9549.5
10711.5
12105.6
13291.2
14187
14770.8
15087.6
14661.7
13826.5
13273.7
13808.8
14258.4
14699.6
15301.4
15076.1
14435.2
13799.5
13704.8
13474.4
12190.1
9828.7
8207.8
8082.7
8729
11175.4
15428.2
18514.4
18619.3
15033.9
11809.6
10951.6
11615.2
12592
13901.4
15246
16773.3
18136.4
19214.9
19818.6
19837.2
19276.1
18288.1
17984.4
18474.9
19064.1
19800.6
20212.5
19988.8
19187.1
18374
18070.4
17550.1
15781.4
12855
10472.9
9612.1
9407.1
9397.8
9011.5
8666
8413
8370.3
8708.5
9418.6
10280.3
11270.9
12435.3
13639.7
15006.1
16200.8
17377.2
18067.4
18534.5
18418.7
17796.1
17211.1
17043.1
16972.8
17470.2
17940
18156.9
17925.4
17356.1
16704.9
16204.2
15454.3
13745.7
11467.5
9425.4
8257.9
7583.9
7417
7011.8
6780.4
6326.2
6157
6186.6
6417.3
6811.1
7295.2
7985
8725.4
9563.2
10368.3
11163.4
11793.9
12450.1
12499.1
12480.7
12029.2
11794.8
11558.5
11664.1
11813.1
12055.8
12129.4
12011.7
11653.3
11290.7
10687.6
10181.6
9049.5
7708.6
6496.4
5422.5
4765
4354.5
3967.2
3723.7
3391.6
3103.1
2943.8
2856
3012.7
3069.2
3204.8
3550.2
3724.6
4051.7
4275.2
4558.4
4751.2
4958.2
5039.9
4949.7
4870.9
4769.1
4736.7
4587.6
4813.8
4783.2
4831.2
4694
4632
4430.1
4274.1
3982.3
3504.9
3135.4
2661.1
2060
1765.1
1479.7
1306.8
1137.9
976.4
748.6
712.6
526.5
404.7
380
253
273.4
220.1
297.7
281.3
225.2
198.2
164.6
165.5
183.2
205.5
206.6
229.4
148.7
203.5
206.7
299.4
166.7
172
232.4
235.4
274.7
201.6
388.2
290.2
226.6
207.6
298
255.6
364
298.6
337.1
251.4
308.6
413.5
371.1
474
473.8
546
634.7
573.2
540.3
453.4
516
513.5
706.1
618.8
598.7
624.7
691.5
821.3
799.7
793.5
840.6
920.9
1001.7
1242.9
1291.4
1317.3
1466.6
1706.2
1884.2
1970.7
2196.8
2374.4
2512.7
2890.1
4066.8
5279.1
4962.7
3624.7
1529.4
1055.5
1198.9
1112.9
1129.8
1224.7
1390.3
1540.2
1770.6
1872.3
2139
2491.3
2696
3136.4
3529.7
4062.3
4499.1
5104
5695.5
6361.3
7145.1
7922.8
8874.2
9927.1
11006.7
12024
13020.8
14208.9
16341.7
20173.7
24908.8
27384.7
24844.5
17582.4
9916.2
5588.3
3793.9
3260.6
2991.6
2695.6
2529.1
2482.9
2347.4
2434.4
2266
2397.7
2259.6
2329.3
2364.4
2560.3
2591.2
2829.6
3009.6
3269.3
3520.5
3773.5
4083
4434.5
4793.4
5262.7
5665
6038.4
6454.6
6701.2
7106.7
7222.8
7536.2
7653.4
7805.5
7845
7934.6
8050
8225.4
8153.5
8147.2
8117
8114.8
8081.8
7871.6
7766.9
7462.2
7247.2
7084.6
6774.7
6540.8
6257.5
5972.8
5686.5
5400.1
5189.4
4931.6
4964.7
4811.5
4857.2
5069.1
5130
5422.1
5702.5
6146
6511.7
6974.1
7633.2
8247.7
8903.9
9553.6
10502.4
11303.1
12100.8
12846.6
13525
14050.9
14456.9
14668.2
14923.5
15058.6
15030.9
15066.3
15025.2
15159.6
15126.3
15011.7
14927.9
14880.5
14927.7
14717.7
14461.3
13969.9
13709.2
13518.1
13054.3
12656.1
12317.4
11840
11576.8
11233.5
10993.1
10802.6
10955.4
10944.7
10997.3
11066.8
11044.7
11193
11201.4
11153.3
10979.5
10933.7
11015.1
11167.5
11296.4
11667.3
12143.7
12632
13307.8
14098
15051.4
15956
16832.6
17741.9
18450.8
19166.3
20000.4
20484.5
21144.9
21691.8
22231.3
22651.3
23166.4
23648.4
24044.9
24264.3
24831.4
25284.1
25880.7
26173.9
26424.2
26419.8
26416.1
26052.5
25198.1
24112.4
22697.9
21194.6
19617.8
18481.2
16931.9
15561.9
14040.3
12766.1
11514.3
10528
9594.1
9112.6
9011.3
8995.7
9260.1
9403.6
9839.6
10343.4
11137.5
11668.2
12501.4
13525.6
14528.1
15480.2
16636.9
17910.8
18979.4
20011.2
21185.4
22288.1
23317.7
24471.6
25687.3
26883.6
28043.6
29346.3
30321.4
30727
30914.6
31049.6
30660.4
30078.1
29112.9
28023.6
26733
25499.1
24369.8
23084.4
21764.1
20091.4
18289.5
16707
15239
13794.3
12598.7
11557.6
10740.9
9926.5
9278.9
8765.5
8329.6
7846.9
7611.1
7329.8
7280.4
7321.3
7449.8
7487.9
7684.9
7952.7
8345.3
8885.7
9328
9802
10496.9
11287.7
11780
12466.3
13097.3
13753.7
14274.2
14666.3
15151.2
15402.1
15776.1
16166.1
16187.2
16458.3
16709.7
16902.8
16935.7
17008.6
16910.1
16788.9
16399.8
16370.6
16042.9
15589.4
15257.3
14780.3
14273.5
14039.6
13784.8
13669.3
13619.8
13742.4
13524.9
13421.4
13116.8
13356.5
12608.1
11917.3
11275.9
10644.6
10013.6
9377.1
8788.7
8256.8
7810.9
7236.9
6596.6
6015.9
5589.4
5104
4702
4080.3
3485.3
3107.1
2743.7
2535.1
2304.7
2251.1
2079.8
2154.2
2131.7
2124.6
2134.8
2222.5
2278.4
2486.3
2453.3
2641.9
2751.5
2753.1
2920.8
3162.5
3231.8
3349.8
3690.2
3894.2
3931.9
3934.5
3996.7
4103.3
4150.4
4146.4
4127.9
4071.7
3879.5
3686.1
3594.3
3481.6
3262.5
3363.4
2944.9
2833.5
2588.8
2439.5
2164.8
2023.9
1829.8
1713.7
1550.2
1360.4
1336.2
1278.3
1230.6
1137.4
1139.7
1201.6
1301
1312.7
1316.7
1381.8
1494.5
1613
1753.2
1836.3
2034.3
2282.1
2308.2
2509.6
2706.4
2911.4
3314
3539.5
3773.2
3922.2
4106.7
4410.1
4345.9
4383.3
4413.7
4464.5
4447.4
4393.9
4386.1
4203.8
4092.3
3985.9
3809
3609
3489
3275.8
2921.4
2719.9
2566.9
2354.6
2000.1
1912.7
1604.1
1475.4
1310
1187.5
1205.1
1108.1
1110.6
1056.3
1122.7
1031.7
971.1
992.3
955.3
1025.8
972.2
1107.7
1092.5
1043.6
1225.4
1179.3
1316.1
1351.9
1434.8
1541
1728
1940.9
2008.8
2197.2
2323.4
2487.3
2797.9
2798.2
2686.7
2707.5
2668.1
2738.4
2772.4
3139.1
2660.8
2658.9
2644.4
2497.5
2429.8
2389.6
2337.2
2081.8
1789.2
1622.6
1633.7
1407.3
1324.8
1117.4
1002
857.9
684.3
633.5
641
645.4
620.8
582.3
648.3
659
477.2
610
549.6
483.7
605.4
497.7
405.5
448.1
413.8
428.6
411.7
432.2
358.4
268.6
295.8
322.8
317.8
235.8
318.8
171.4
190.8
153.9
208
67.2
212.3
63.2
111.1
139.2
133.1
109.2
164.8
153.2
230.1
139.5
212.9
251.2
249.1
315.3
396.3
362.7
439.1
425.1
371.1
327
426.9
392.1
489.7
418.3
366.2
371.8
327.8
314.2
333.7
369.4
341.4
279.8
410.6
217.4
239.3
420.1
149
153.7
149.5
43.9
65.3
52
40.1
3.1
9.6
65.9
49.8
101.4
327.2
100.1
0
35.1
38.9
110.4
45.7
25.7
24.6
76.6
110.3
77.9
91.3
151.8
141.3
175.2
151.9
183.5
256.3
242.7
276.8
262.7
339.6
385
345.5
345.6
386.7
363.9
414.7
334.7
409.1
378.6
252.1
238.2
275.8
237.2
241.5
303.6
265.2
147.1
204.2
145.5
120.2
181.3
271.8
426.5
459.5
518.9
572
609.9
572.4
558.1
534.5
655.4
632.9
550
537.1
579.8
487
639.3
481.9
465.3
442.7
353.8
398.8
315
314
305.6
280.1
338.4
347.2
338.3
544.6
338.2
273.7
329.5
254.9
366.4
383.6
283.4
348.7
337.1
435.8
485.8
432.3
381.4
413.4
414.2
356.9
416.1
347.8
384.9
317.7
263.5
309.1
321.1
244.9
296.6
NaN