7502.6
6601.6
4618.1
2858
1678.5
1549.4
1874.5
2218.1
2689.5
3378.8
4193.8
5296.4
6774.3
8305.5
10340.7
12758.9
15756.8
19152.4
21823.4
22057.5
17789.3
11347.8
5701.4
2476.6
2356.1
2532.6
2868.9
3368.9
4119.5
5047.8
6227.9
7968.1
9806.1
12180.9
15077.3
18561.3
22614.5
27992.8
33166.3
36672.9
35124.9
26224.3
15494.9
6228
1919.5
1542.3
1348.9
1199.8
1172.5
1230.2
1093.5
1042.3
1031
1208.4
1191.1
1331.6
1509.2
1701.8
2008
2386.5
2532
2795.4
2604.7
2188.4
1631.2
1259.5
1085.4
1171.6
1339.5
1620.3
2103.2
2613.5
3298.1
4010.8
4874
5892.5
6637.4
6785.2
5945.4
4359.7
2887.2
1719.1
1467.6
1785.2
1819.4
2098.8
2293.4
2439
2978.8
3768
4802.2
6218.5
7895.2
9307.8
11335.2
13784.2
15697.7
16473.2
14471.4
10494.8
6452.1
3080.3
2097
2194.1
2361.1
2590
2990.7
3495.4
4156.4
4927.6
6051.8
7174.6
8720.2
10728.5
13031
15513.2
18634.7
22487.2
27658.9
31356.4
32275.2
29169.7
21151.3
12704.9
5760.4
2474.2
2123
2179.8
2258
2482.3
2732.8
3187.9
3703.4
4375.2
5260.4
6173.1
7546
8998
10751.2
12885
15388.1
18255.9
21471.4
26099.2
30787.5
33054.9
32330.1
26666.1
18281.3
10329.6
4327.2
2650.3
2636.4
2721.9
2961.1
3314
3715.5
4354.5
5003.4
5567.6
5717.9
5328
4318.7
3241.5
2219.2
1738.5
1655.2
1786.5
1888.5
2087.4
2447.4
2754.7
3280.3
3946.6
4640
5272.9
5980.4
6936.8
8222.6
9054.2
9200.6
8369.1
6558.2
4380.2
2515.3
1500
1381.2
1378
1457.3
1516.1
1680
1749
1886.3
2075.6
2364.7
2891.4
3557.9
4349.6
5415.6
6400.4
7499.1
8626.8
10346
12250.9
13629.4
13988.4
12830.8
9959
6562.2
3573.1
1879.9
1653.9
1559.6
1648.1
1731.2
1744.4
1841.3
2098.9
2136.5
2348.7
2595.4
2971.3
3320.1
3840.2
4478.8
5169.8
6017
6998.4
8052.7
9368.6
10874.2
13046.5
15001.3
15867.7
15276.1
12920.2
9326.1
5572.6
2605.4
1299.3
1049.1
977.6
953.3
1011
975
1165.8
1220.7
1273.3
1333
1468.4
1632.3
1875.8
1999.8
2356.8
2639.3
3013.1
3504
3934.1
4551.6
5316.3
6078.8
7010.6
8302.3
9862.4
11007.4
11204.5
10642.4
9195.9
7370.5
5525.1
4032.6
3327.5
2905
2142.4
1532.6
1252.1
1022.1
1013.7
1022.2
982.8
1023.5
1046.7
1152.5
1278
1381.2
1515
1668.8
1867.6
2155
2408.1
2653.2
2990.7
3542.1
4036.6
4376.1
4509.2
4077.3
3407.5
2424.7
1491.1
809.3
587.1
571.8
574.3
573.3
585.3
626.1
684.5
712.4
740
1029
841.3
879
972.9
1116.8
1404.2
1456.4
1799.5
2118.7
2396.2
2767.7
3123.8
3655.6
4371.4
5210.5
5587.8
5784.4
5327.1
4557.4
3410.6
2267.3
1518.5
1307.7
1320.7
1313.2
1282.9
1229.9
1166.8
1002.5
928.5
848.5
891.8
920
968.7
996.8
1093.7
1170.3
1240
1356.6
1632.2
1665.6
1876.2
2106.2
2337.7
2663.7
3009.8
3373.3
3895.8
4465.8
5243.4
5647.2
5735.6
5229.9
4649.5
3633.3
2391.8
1430
865.9
718
676.2
710.5
780.3
713
760.6
802.4
855.5
867.7
885.8
964.4
925.5
1017.8
988.7
1078.4
1126.2
1262.7
1450.1
1537.1
1712.9
1973.3
2307.6
2606.4
2896
3078.2
3228.5
3218.8
3179.1
3131.7
3106.9
3316.1
3364.2
3319.9
3144.4
2839.6
2353.7
1691.3
1254
861.6
801.9
767.9
783.6
888.8
919.5
944.5
1048.3
1111.6
1242.7
1370
1535.9
1612.6
1755.3
2038.6
2320.1
2582.8
2600.9
2585.6
2390.2
2114.5
1698.4
1194.3
801.2
642.7
642
637.5
600.6
586.1
646.3
616.9
714.2
637.1
657.5
727.9
746.7
753.7
813.7
777.7
752.5
761.3
852
843.4
886
980.9
1121.1
1259.3
1495.5
1561.3
1807.3
1927.7
2123.4
2421.7
2810.1
3210.2
3372.4
3391.7
3409.6
3264.6
3015
2669.6
2383.8
2129.4
2064.9
1985.3
1906.3
1655.3
1446.3
1213.5
938.4
766.4
620.8
665.6
707.3
878.2
1066
1143.4
1199.1
1306.6
1393.2
1230.6
1110.7
960.8
934
1032.8
1118.9
1161.5
1187.9
1301
1330
1493.8
1555.3
1593.9
1778.3
1856.6
1986.1
2144.6
2378.4
2479.3
2476.3
2345
2212
2006.5
1672.7
1299.4
1008.8
756.1
685.5
695.3
674.5
639.1
686.3
643.9
666.3
655.9
706.3
700.5
755.4
848.9
899.2
908.8
1015.7
1096.2
1115.5
1030.4
967.1
1000.6
838.9
715.6
618.3
588.7
568.2
587.6
592.2
738.4
682.2
666.6
807.4
786.8
801.3
846.6
905.5
937
958.4
1068.8
1090.7
1167.1
1246.7
1200.7
1157.5
1163.3
1163.5
1093
1044
949.1
1010.7
1029.8
1111.4
1149
1251
1369.2
1426.1
1412.2
1367.7
1332.5
1317.2
1263.3
1071.1
959.1
846.3
806.4
800.6
704.4
679.6
697.3
656.9
647.8
598.7
703.8
597.7
570.7
581.4
559.8
607.9
645
663.9
836.8
715.2
775.6
782
858.9
903.4
986.3
1041.5
963.3
1054.4
1121.7
1156.5
1224.4
1234.2
1263.1
1483.5
1490.4
1578
1596.1
1742.4
1831
2007.1
2116.9
2228.6
2320.3
2290.4
2334.1
2377.2
2407.1
2279
2183.9
2037.1
1886.4
1728.8
1526.8
1329.9
1142
1023.5
907.4
863.1
835
763.2
703.6
760.2
715.1
672.4
579.2
590.1
597.5
615.7
688.5
730.1
765.7
676.2
620
655.5
607.5
600.5
612.6
624.3
612.3
608.3
641.1
653
583.7
620.6
619.7
641.4
573.6
597.2
694.1
614.1
566.6
583.6
668.8
651.5
698.1
852.8
855.3
790.7
811.1
836
769
724.1
786
698.9
787.8
870.3
929.9
1038.3
1106.4
1305.7
1312.5
1424.9
1630.2
1743.1
1811.5
1862.5
1912.5
2025.8
2070
2067.2
2136.7
2163.9
2142.1
2122.4
2120.6
2199.3
2274.7
2209.9
2155
2164.5
2220.7
2238
2280.2
2289.1
2315.1
2361.8
2357
2314.1
2226.4
2238.9
2125.5
2124.5
2062.1
2104.5
2071.1
2167.1
2144.3
2164.6
2179.3
2187.3
2233.1
2311.2
2290.6
2255.2
2182.7
2272.8
2189.9
2209.8
2128.3
2197
2152
2134.7
2058.4
2098.5
2058.6
2055.8
2004.4
1960.2
1935.4
1861.1
1737.8
1646.2
1564.5
1550.1
1541.3
1508.1
1604.3
1576
1617.7
1659.3
1735.3
1786.7
1799.6
1786.8
1739.4
1691.3
1661.9
1596
1538.1
1513.8
1461.8
1417.1
1369.2
1367.6
1338.8
1289.3
1403.9
1480.4
1479.2
1446.9
1515.2
1472.2
1422.9
1422.2
1424.5
1423.1
1380.3
1455.1
1366.5
1377.8
1366
1378.1
1345.6
1426.8
1464
1572.4
1633.9
1682.3
1664.7
1708
1707.5
1755.4
1621.4
1520.4
1386
1369
1044.3
926.4
936.3
807.2
780.6
782.7
783.7
805.6
828
872.4
800.9
935.8
952.1
932.9
930.9
937.5
993.8
1045.7
1047.4
1044.7
1088.2
1239.2
1218.5
1246.4
1329.1
1369.5
1398.2
1439.6
1440.7
1522.2
1521.1
1504.9
1563.3
1547
1588.1
1726
1790.5
1945.4
1966.5
2139
2321.1
2515.5
2813.7
3216.8
3645.2
4138.6
4725.5
5234.2
5629.2
5817.3
5953.8
6035.2
6143.1
6258.2
6341.7
6511.3
6657
6653.9
6284.5
5991.3
5757.3
5505.7
5497.9
5470.2
5792.7
6342.3
7013.3
7637.3
8173.1
8567.2
8708.4
8786.8
8962.4
8928.6
9141.6
9045
9254.3
9327.4
9144
8371
7785.6
7186.3
6777
6548.4
6614.4
6932.9
7492
8139.2
8692.3
9380.4
9677
9782.1
9822.5
9806.9
9984.4
10150.8
10132.6
10354.2
10526.5
10220.6
9580.8
8585.9
7858
7202.9
6868.6
6735.4
7123.5
7730.1
8357.2
8928.4
9755.4
10140.8
10456.8
10471.2
10359.7
10415.5
10544.5
10864.1
10849.9
10965.4
10981.5
10478.8
9715
8378
7586
6949.9
6509.9
6404.6
6755
7155.9
7670.8
8278.9
9060.1
9530.8
9748.6
9790.4
9382.1
9307.1
9347.9
9657
9790.6
9877.5
10042.8
9495.9
9062
7945.7
7017.8
6223.1
5778.5
5658.6
5998.1
6319
6884.2
7486.1
8071.2
8913
9309.5
9468.1
9373.9
9033.9
9049.7
8992.3
9477.9
9601.6
9821.6
9887.3
9609.3
9158.7
8093.5
7062.7
6186.6
5740.4
5702
5968.3
6146.2
6479.4
7087.6
7547
8193.2
8793.9
8950.5
8861.2
8378.8
8108.4
8036.6
8180.3
8577.9
8526.2
8509.3
8453.5
8304.4
7474.4
6183.5
5316.1
4439.5
3923.7
3702
3756.4
3616.7
3559.4
3670
3878.1
4326.5
4380.8
4626.1
4570.9
4393.8
4170.5
4187.9
4242.2
4636.4
4671.8
4856.8
4630.5
4489.6
4315.7
3628.1
3042
2602.1
2392.9
2402.4
2440.4
2540.2
2568.2
2594.9
2764.4
2980.4
3179
3233.6
3278.2
3097.8
2945.2
2789.5
2820.5
2952.4
2920.3
2922.4
2862.9
2838.4
2683.2
2578.6
2219.6
1888.6
1754.5
1716.5
1690.4
1717.3
1826.4
1904.8
2040.7
2276
2520.4
2877.6
3112.4
3434.9
3662.3
3802.8
3746.6
3605.9
3575.3
3513.5
3570.6
3735.9
3764.6
3746.2
3533.9
3461.9
3474.6
3336.8
2838.3
2466.6
2353
2455.6
2469.8
2491.5
2500.4
2683.1
2960.5
3340.4
3736.3
4215.4
4707.7
5314.9
5722.5
6177.4
6322.5
6311.4
5981.6
5736.5
5824.4
5992.3
6110
6336.8
6333.2
5997.1
5732.4
5752.3
5609
4929.5
3938.2
3447.4
3509
3634.5
3629.9
3513
3615.9
3706.9
4218
4648.9
5314.8
6010
6766.2
7525.3
8155.7
8697.8
9172.7
9021.3
8489.2
8105.9
8253.9
8658.5
8847.9
9158.8
9139.9
8717.7
8251.5
8218.2
8230.4
7453.4
5969.2
5010
4965.5
5227.2
5198.5
4944.7
4926.5
4993.2
5482.6
6013.2
6679.2
7462.6
8243
9385.5
10394
11302.1
11937.4
12351.4
12115.7
11463.3
10888.9
11052.1
11607.4
11909.6
12494.7
12418
11962.9
11169.6
10990.9
11279.1
10192.9
8147.7
6546
6531.8
6671
6751.5
6562.6
6526.3
6429.7
6918.4
7654.6
8394.3
9441.7
10453
11724.9
13047.7
14391.2
15486.8
16337.9
16463.9
16089.1
15250.6
14614.5
15003.2
15773.9
16048.3
16741.5
16678.1
16003
15026.5
15033.4
15151
13836.7
11183.4
9027.7
8963.6
9646.4
12042.4
17936.6
22346.1
22869.4
18288.7
13179.1
12178.9
12712.2
13853.7
15265.1
17001.6
18598.7
20020
21287.9
22141
22142.1
21603
20421.4
19923.8
20365.1
21212.3
21833.4
22620.7
22400.4
21578.9
20327.4
20051.1
19870.6
18058.7
14585.9
11562.8
10520.4
10426.4
10386.8
10126.9
9644.5
9251.9
9165.5
9559.3
10244.4
11218.3
12343.3
13584.3
14988.8
16381.8
17933.5
19029.7
20175.3
20516.1
20407.3
19777.1
18806.8
18504.4
18932.7
19206.1
19878.4
20218.3
20026.1
19310.3
18506.2
17990.6
17430.3
15700.8
12958.6
10365.1
9067.1
8449.7
8202
8063.3
7498.9
7196.6
6836
6886
7125.3
7540.3
8107.4
8834.9
9692.8
10576.4
11587
12407.9
13171.1
13664.3
14042.4
13790.6
13526.8
12954.6
12813.9
12872.3
13093.1
13394.6
13595.6
13455.6
13059.1
12605.5
12084.3
11525.7
10448
8787.4
7225.9
6095.2
5402.9
4935.3
4645.1
4331.9
3973.9
3680.5
3458.5
3363
3383.3
3610.1
3784.1
4069.7
4450.3
4708.1
4996.9
5341.3
5580.1
5747.6
5900.5
5857.1
5676
5549.8
5484.7
5421.8
5420.9
5641.2
5556.8
5574.2
5348
5290.1
5003.4
4769.6
4306.7
3720
3214.6
2659.2
2213.2
1926.6
1681
1573.9
1373
1213
1007
941.3
764
680.4
672.5
594.5
620.4
556.5
640
599.3
580
557.2
528
537.6
525.6
550.7
549.4
562.8
502.4
525.7
555.6
630.4
565.1
558.1
563
638.8
650.8
586.3
793.6
702.2
628.7
660.9
688.9
637
749.3
680.2
702.8
709.5
747
832.8
856.5
969.5
975.8
995.2
968.2
949.1
926
908.7
952.5
976.3
1121.8
1058
1083.6
1149.3
1165.9
1277.1
1288.2
1333.9
1418.4
1516.8
1596.8
1851.6
1919.2
2053.3
2225.4
2499.1
2722.9
2906.1
3125.6
3322.3
3735.6
5250.1
6711.9
6297.9
4593.9
2145.9
1491.3
1516.7
1653.5
1604
1690.1
1860.4
2014.3
2184.8
2496
2689.3
3010.6
3459.5
3781.4
4323.1
4880.1
5505.2
6153.3
6972.5
7766.4
8704.7
9744.8
10872
12090.4
13396.2
14746.6
16029.3
17306.4
19463.9
24416.5
31100.7
34527
31391.2
21398
11185.3
6132.7
4425.1
3853.6
3552.6
3254.8
3059.4
2856.4
2860.6
2727.9
2823.8
2709.7
2826
2780.8
2858.5
2996.2
3176.3
3289
3543.7
3784.5
4115.3
4393.7
4766.1
5127.3
5498.9
5987.5
6474.9
6973.7
7353
7724.6
8059.4
8448.5
8573.2
8803.3
8965.3
8981.6
9051.4
9262.2
9373.3
9358.1
9254.9
9236.8
9315.1
9235.8
9064.8
8836.6
8652.6
8338.8
8070.4
7815
7374.1
7130.1
6780.3
6458.3
6132.4
5906.3
5729.4
5545.6
5550.9
5489.3
5615.3
5905.9
6062.7
6427.9
6784.2
7337.3
7721.6
8368.3
9137
9808.4
10622.4
11490
12426.1
13355.1
14205.9
14984.2
15595.7
15920.6
16281.3
16498.4
16786.2
16719.3
16627.1
16650.4
16739
16765.4
16779.9
16513
16475.9
16483.1
16357.1
15962.6
15548.1
15129.4
14905.5
14570.7
13970.9
13550.1
13142.8
12717.1
12356.5
12001.3
11935.8
11875.6
12092.7
12062.2
12228.1
12168.5
12361.5
12284.4
12128.3
12031
12018.5
12068.7
12127.8
12352.1
12591.3
13059
13765.5
14534
15438.3
16513.2
17617.8
18569.7
19451.9
20310.1
21111.6
21807.2
22711.7
23258.8
23797.1
24385.1
25147.2
25658.7
26071.5
26503.8
27000.6
27487.8
28103.4
28633.6
29178.2
29425.3
29748.7
29598.9
29298.8
28503.2
27096.7
25610.9
23832.1
21994.5
20380
18906.4
17075.7
15534.2
13935
12596.2
11323.8
10474.8
9935.3
9828.5
9892.2
10099.6
10470.2
10871.7
11406.7
12127.9
13104.3
13917.7
15025.8
16192.1
17449.9
18573.2
19951.3
21320.3
22504.8
23843.2
25176.8
26332.5
27540.2
28888.6
30470.7
31691.9
33134.8
34421.7
35209.3
35432.7
35235.9
35059.9
34358.6
33120.4
31928.1
30519.6
28973
27458.2
25990
24179.4
22398
20437.3
18537.1
16753.1
15175.4
13784.4
12724.4
11763.9
10949
10184.6
9644.4
9161.9
8750.8
8356.2
8121.3
8083.7
8107.6
8157.8
8382.8
8602.9
8825.2
9176.2
9787
10465.1
10959.1
11663.9
12445.7
13322.5
13942.9
14615.7
15345.4
15933.4
16456.1
16847.1
17328
17566
17955
18296.3
18385
18597.9
18764.1
18917.3
18869.4
18852.6
18634.7
18498.7
18123.1
17894.9
17409.6
16856.6
16427.4
15887
15494.3
15151.1
14964.2
14818.7
14685
14586.5
14295.7
14089.7
13692.2
13540.7
12524
11751.7
11032.1
10428.9
9805.8
9139.1
8531.5
7970
7434.9
6777.7
6220.3
5672.6
5188.7
4688.9
4182
3662.8
3195.1
2942.5
2696.4
2559.3
2420.9
2414.2
2333.1
2383.1
2407.8
2457.1
2525.9
2607.8
2722.6
2881.8
2901
3089.4
3259.1
3283.1
3484.6
3721.4
3874.2
4098.3
4375.2
4498.9
4503.8
4588
4680.8
4757.4
4669.2
4670.8
4559
4491
4268.4
4050.6
3954.1
3809.1
3593.8
3595
3158.1
2971.9
2695.4
2562.5
2355.1
2166.3
1945.6
1754.3
1661.9
1554.6
1523.3
1526.6
1513.8
1467.2
1481.2
1514.2
1615.4
1682.6
1757.7
1826.5
1981.6
2117.3
2260.8
2381.9
2612
2845
2947.2
3216.5
3495.7
3826.4
4173.6
4440.6
4692.6
4850.9
4955
5218.5
5134.8
5171.6
5194.6
5170.2
5090.1
5000.7
4954.8
4747.6
4512.9
4386.7
4267.3
3984.8
3716.3
3351.9
3070.5
2912
2714.7
2368.9
2038.8
1946.9
1651.8
1549.7
1427.5
1388.4
1342.1
1268.2
1305.1
1212.1
1287.6
1262.7
1182.4
1201.9
1191.7
1244.5
1250.2
1366
1428.9
1393.3
1547
1589
1715.8
1770.2
1898.3
2036.3
2269.2
2510.4
2658.6
2922.1
3093.3
3187
3420
3392.8
3316.9
3280.9
3293.8
3386.1
3333.7
3574.1
3188.4
3133.1
3014.6
2914.3
2772.9
2661
2477.5
2156.7
1916.6
1833.5
1745.3
1468.9
1275.7
1087.2
992.3
859.7
711.9
692.9
740
724.6
680
670.3
708.7
722.4
524.9
629.5
596.6
575.4
639
539.8
510.6
494.8
493.8
479.3
456
448.5
369.4
304.8
330.9
335.4
312.3
254.9
276.5
191.1
234.3
208.8
206.2
120.6
214.2
109.3
179.9
170.8
174.8
165.8
247.2
216.1
261.8
214.9
281.5
312.8
323.8
402.2
464.7
461.8
474.5
500.8
462.6
413.5
495.9
431.9
464
401.5
416.7
429
369.7
349.9
336.6
359.5
336
300.5
387.6
228.4
212.3
329.3
134.9
119.2
149.9
74.1
97.6
95
34.1
10.3
32.3
39.2
73.4
97.2
238.4
80.6
0
39.6
49.5
113.9
46.1
41.6
73.6
73.3
118.1
87.1
68.4
165.2
182.6
192.5
177.4
232.3
270.9
260.5
296.7
333.1
385
384.4
360
371.8
412.9
378.5
392.5
305.9
369.7
315
201.7
241.7
279.7
226.1
184.9
244.5
182.2
109.3
140.6
116.1
126
210.2
336.5
465.9
522.9
537.2
522.3
524.3
487.7
494
475
589.3
608.8
500.2
460.1
474.8
370.6
483.4
364.7
361
330.9
300.3
296.1
264
270.2
270.3
251.3
296.1
284.6
276.8
437.3
305.7
246.5
292
240.4
309.4
368.6
263.2
327.8
324.9
362.9
405.6
405.1
376.6
390.5
415.5
347.7
345
317.5
323.1
277.3
215.7
218.2
220.5
174.7
176.7