NaN
NaN
4018.2
2260.6
1211.3
1312.9
1528.3
1797.6
2331.4
2885.4
3563.9
4543.3
5734.9
7270
9143.2
11066.3
13699.6
16326.2
18504.4
19070.3
15425.2
9535.6
4512.7
2039.2
1834.8
2038.1
2384.8
2823.3
3466.5
4254.5
5294.7
6587.1
8234.9
10487.5
12778.5
15673.5
19295.9
23496
27603.4
30989.6
30214.9
22592.5
12760.8
4573.8
1423.2
1140.2
1001.4
983.6
929.6
841.1
832.2
960.1
776.2
818.4
918.4
1176.8
1187
1393.6
1645.2
1943.9
2308.3
2492.1
2274.5
1859.7
1272.6
973.5
890.3
999.8
1063.6
1283.4
1653.8
2214.1
2805.6
3459.7
4244.7
4983.2
5740.5
6134
5415.2
3808.6
2314.6
1312.5
1196.5
1268.7
1395
1761
1793.3
2158.4
2541
3047.4
4131.1
5251.7
6599.6
7973.3
9821.4
11718.7
13606.4
14543
13039.4
9209.9
5364.2
2523.3
1712.2
1656.9
1853.5
2153.7
2492.9
2837.3
3423.4
4139.6
4980.2
6039.3
7402.5
8944.5
10856.2
13262
15766.3
18836.9
23121.3
26992
28473.9
25819.9
18477
10757.1
4388.3
1804.3
1699.4
1683.3
1727.2
2005.6
2106.9
2574.3
2950.3
3533.3
4280.7
5118.7
6234.7
7425.1
9049.6
10782.7
12842.5
15259.9
18068.6
21799.2
26100
28635.6
28221
23021.1
15473.1
8237.6
3235.9
2107
2126.8
2241.1
2526.9
2807.8
3132
3662.6
4365.8
5109.2
5246.3
4812.6
3844.2
2701.1
1724.9
1281.5
1213.3
1357.2
1431.8
1579.9
1860.9
2234
2843.2
3306.7
3977.6
4677.2
5321.3
6192.6
7424.1
8330.1
8575.2
7747.4
5866.7
3794
2022.4
1142.8
1085.3
1072.3
1126
1191.5
1311.3
1374.6
1579.9
1667.2
1927.3
2331
2988
3800.6
4744
5654
6668.9
7610.8
9092.6
10927.1
12445
12692.6
11485.8
8792.3
5702.7
2834.5
1397.8
1209.4
1251
1330.6
1334.2
1423.3
1576.1
1625.1
1775.6
2091.9
2150.6
2466.4
2845.5
3298.6
3839.2
4474.4
5274.6
6094.2
7090.7
8252.7
9569.7
11646.5
13399.5
14130.3
13452.7
11282
8001
4481.9
1876.9
826.1
748.3
739.2
692.1
712.6
710
821.4
790.4
1071.7
1121.8
1221.6
1300.3
1484.9
1683.1
1959
2175.4
2591.2
2926.6
3327.1
3919.9
4501.2
5234.9
6112.7
7182.4
8640.1
9612.4
9772.1
9401
7992.7
6365.6
4654.1
3465.2
3002.6
2358.8
1694.5
1207.3
751.5
695.7
872.5
693.4
782.9
729.5
705
707.8
823.2
1007.4
1128.2
1324.7
1568.1
1778.5
1985.7
2313.5
2591.3
3069.3
3706.2
4047.5
3962.7
3681.9
3062.5
1968.8
1154.8
437.1
320.2
301.4
312
309.9
329.5
399.8
416.8
442.7
529.9
559.7
575.8
856.8
648.6
770.6
935.5
1202.6
1641.8
1686.7
2073.6
2384.9
2634.7
3152.4
3752.4
4481.8
5003.5
5039.9
4619.5
4065.6
2790.5
1673.6
959.7
756.9
789.3
813.3
764.9
745.4
620.5
609.2
599.6
497.4
553.2
555.3
604.8
665.6
707.7
740.1
920.1
960.7
1098.7
1236.5
1585.8
1616.1
1821.9
2143
2458.1
2790
3238.8
3756.1
4481.4
4839.5
4885.4
4533.5
3944.6
2931.3
1838.2
932.2
459.6
421.9
441.9
404.8
407.8
418
490.5
444.4
485.2
548.2
591.8
581.3
636.2
733.8
709.4
825.9
841.9
961.3
1073.3
1186.3
1481.3
1582.8
1882.3
2184.7
2577.1
2679
2722.9
2670.1
2706.9
2536.6
2490.6
2687.5
2728.8
2718.9
2554.2
2249.2
1717.7
1209.7
741.5
526.9
504.6
467.6
512
456.3
525.6
646.6
707.9
758.1
886.4
959.6
1125.5
1291.9
1414.3
1595.6
1826.6
2177.5
2227.7
2180.4
2013.2
1753.1
1281.7
762
454.7
300.1
237.9
256.7
340.4
303.2
289.2
288.9
316.4
296.1
410
298.1
389.3
416.3
396.1
410.4
513.1
462.2
405.1
461.4
621.5
625.8
695.8
839
991.5
1076.8
1368.9
1444.1
1676.5
1865.3
2134.2
2459.7
2678.1
2707.3
2657.2
2472.3
2252.2
1818.9
1440.6
1198.1
1267.3
1161.7
1058.9
941.3
865.2
583.9
466.9
382.8
253.5
289.4
351.3
562.8
634.1
652.8
751
825.3
888.1
815.6
777.1
568.9
543.7
564.9
601.6
726.9
807.2
867.8
912.9
1038.4
1057
1211
1263.4
1334.1
1517.3
1684.7
1835.3
1925.3
1991.2
1849
1722.5
1520.4
1270.4
934.2
576.5
443.4
387.7
346
339.5
355.6
344.2
325.2
371.2
308.1
390.2
409.1
442.1
462.5
539.8
657.2
729.5
771.1
758.4
745.8
670.4
582.5
461.3
457.8
268.5
235.1
256.3
327.5
268.2
319.1
332.2
477.3
399
427.1
506.4
479.1
524.7
555.1
658.8
690.7
744.6
872.3
828.3
789.7
860.7
831.4
717
674.6
641.7
648.4
615.3
675.2
758.1
746.3
888.5
927.7
971.3
1061.7
1005.2
952.1
873.3
780.8
661.5
617.1
440.8
378.7
369.4
381.5
416.9
320.7
276.9
344.4
364.1
312.5
278.5
371.2
246.3
262
310.2
270.6
338.3
398.6
455.6
599.2
472.8
519.2
514
582.8
607.7
681.7
719
704.1
768.2
806.7
881.4
983.4
1003.3
1040.5
1291
1214.7
1305.4
1320.7
1511.7
1595.8
1697.2
1675.1
1693
1712.2
1657
1655.8
1566.9
1492.9
1277.6
1265.8
1179.7
1105.7
948.3
825.4
677
620.1
590.2
562.8
527.1
456.9
384.6
349.8
456.5
430.8
432.6
326.6
340.9
300.4
371.1
380.9
493
537.7
357.4
294.1
320.3
271.9
309.7
354.8
285.8
284.2
289.4
309.9
334
284.9
314.2
311
328.6
293.7
280.7
431
391.5
333
383.2
472.6
453.3
458.1
553.4
544.1
451.2
435.9
421.5
349.1
401.4
555.1
485.8
581.9
688.1
774.2
866.5
954.3
1122.7
1158.8
1273.2
1432.3
1458
1558.5
1561.5
1648.9
1739.4
1743.8
1730.5
1780.3
1777.8
1749.7
1758.7
1754
1818.7
1911.5
1803.8
1779.8
1826.2
1902
1970.7
1893.7
1936.3
1981.6
1976.6
1901.7
1856.4
1812.7
1827.9
1720.9
1691.8
1687.7
1772.8
1761.8
1935.6
1812.2
1872
1858
1887
1860.3
1889.9
1871
1854.1
1775.3
1900.9
1817.9
1793.3
1769.8
1808.8
1729.9
1755.2
1700.3
1687.7
1729.4
1690.1
1575
1490.1
1434
1369.4
1276.6
1218.8
1192.3
1245.3
1293.4
1281.4
1416.4
1340.5
1376.4
1456.4
1503.9
1477.1
1443.6
1389.8
1371.5
1291
1243
1132.4
1127.5
1096.7
1028.3
1000.6
981.3
1021.8
968.1
1009.7
1089.4
1134.3
1067.9
1027.5
1108.2
1025
1005.8
1007.3
1011.2
995.9
955.8
985.2
924.2
934.3
934.5
956.7
946.1
1035.9
1053.8
1167.5
1172.1
1134.8
1078.4
1067.6
1040
1002.3
861.5
763.9
676.9
770.5
488.6
449.3
523.9
408.4
491.9
486.9
469.7
456.3
488.6
562
468.3
614.2
609
551.8
604.5
612.1
669.8
670.9
681.3
682.9
742.4
843.8
768.7
908.2
872.6
929.4
920.4
968.8
988.3
1046.8
1096.1
1067.1
1174
1188.8
1337.2
1526.5
1566.7
1744.1
1887.4
2132.2
2375.8
2704.9
3131.7
3727.5
4248
4693.6
5087.6
5235.1
5460
5575.2
5605.7
5694
5838.9
5917.8
6101.4
6093.1
5827.7
5538.9
5174.3
5026.7
4842.3
4824.9
5256.9
5720.9
6387.5
7001.1
7577.1
7848.9
7998.3
8120.7
8195.4
8250.6
8521.4
8384.8
8593.7
8701.1
8332.2
7779.8
7321.1
6578.9
6279
5881.8
5943.6
6306
6852
7443.6
8084.4
8679.4
8851.2
9092.6
9085
9132
9143.7
9448.1
9565.5
9586.6
9731.9
9540.3
8855.6
8003.1
7179
6651.3
6259
6172.9
6477.7
6954.8
7592.2
8294.2
8979.4
9397.6
9611.6
9545.6
9478.8
9544.8
9697.3
9939.3
9983.3
10186.9
10174.8
9692.6
8822
7762.4
7064.7
6245.9
5811.5
5856.1
6150.6
6522
7012.5
7558.9
8221
8685.2
8994.8
8942.4
8662
8614.4
8463.9
8848.1
9029.5
9043.2
9156.5
8911.3
8340.3
7192.4
6382.9
5634.5
5294.7
5117
5378.3
5669.7
6225.2
6728.9
7248.4
8013.1
8348.3
8607.6
8403.4
8170.8
8060.9
8015.7
8509.1
8732.9
8789
8780
8762.9
8263.9
7193.4
6152.8
5473.9
5126.9
4902.4
5108.4
5363
5651.2
6013.3
6510.3
7119.6
7597.6
7845.7
7801.7
7484.7
7164.9
7037.3
7076.2
7464.9
7519.7
7419.4
7391.3
7035.4
6515.5
5575
4450.1
3689.2
3295.5
3149.5
3055.2
2999.3
3092.9
3188.8
3353.3
3543.4
3853.9
4189.1
3981
3837.6
3629.5
3590.6
3573.6
3905.6
4042.8
4164.9
4011.5
4134.5
3694.3
3183.7
2518.1
2167.2
1912.4
1973.4
1966.6
2053.6
2096
2257.5
2338.7
2462.2
2711.6
2813.9
2840.6
2625.6
2554.4
2453.9
2458.6
2467.1
2501.7
2604.9
2430
2442.4
2394.8
2239.3
1820.1
1578.5
1414.4
1401.2
1457.8
1463.5
1463.1
1608.8
1750.5
1950.6
2177.6
2464.8
2775.5
3130.5
3258.2
3412.7
3398.6
3231.3
3174.3
3205.5
3386.9
3326.7
3460.3
3329.9
3190.1
3147.9
3090.9
2959.9
2514.3
2182.8
2000.6
2040.5
2150.2
2124.5
2168.1
2314.9
2555.8
2904
3264.9
3714.7
4196.4
4723.1
5192.4
5611.2
5840
5826.8
5488.8
5264.4
5246.2
5490.2
5711
5812.9
5780.1
5513.4
5231.8
5287.3
5231.2
4641.5
3629.1
3106.9
3159.2
3246.9
3246.4
3166.6
3291.1
3378.6
3844.9
4187.2
4800
5442.6
6143
6955.6
7672.4
8015.9
8471.9
8387
7976.7
7570
7561
8000.7
8129.4
8467.9
8602.7
8115.6
7566.3
7457
7705.4
6872.6
5514.9
4458.7
4534.4
4653.7
4689.4
4557.2
4429.4
4464.5
4891.3
5397.6
5986
6776.9
7605.4
8513.8
9476.8
10308.3
10874.4
11366.4
11001
10608.3
9950
10111.9
10789.5
10992.3
11361
11492.2
11072.1
10228.4
10090.9
10366.1
9439.9
7627
5898.3
5801.6
6050.6
6180.4
5946.5
5886.7
5941.2
6311
6921.3
7603.1
8532.2
9390.5
10614.2
11936.7
13029.3
14012.3
14848
15264
14852.3
13953.8
13353.9
13762.3
14435
14730.1
15363.2
15360.5
14872.5
13906.1
13522.6
13776.5
12893.8
10480.7
8215.2
8027.8
8471.1
10276.3
14911
18908.7
19807.5
16209.3
11907.8
10873
11416.5
12443.4
13670.6
15375.2
16828.7
18275.1
19209.8
20081.1
20352.9
19776.4
18592.9
18073.7
18563.9
19319
19797.4
20492.5
20434.8
19872.6
18584.8
18246.3
18069.5
16619.3
13453
10613.4
9685
9562.9
9408.1
9170.3
8956.8
8503.2
8351.8
8720.8
9359.6
10133.2
11147.7
12281.7
13635.9
14971.4
16369.8
17268.8
18362.3
18862.1
18948.7
18086.9
17227.9
16892.1
17068.3
17621.1
18285.5
18425.3
18393.3
17717.7
16826.3
16357.2
16050.6
14507.4
12083.5
9659.5
8231.1
7709.1
7470.9
7198.7
6895.7
6602.1
6188.1
6264.6
6368.8
6804
7301.4
8014.8
8670
9578.8
10478
11199
11898.8
12445.5
12874.5
12553.9
12371.5
11901.7
11702.5
11601.6
11927.4
12192.2
12408.8
12348
11944
11525.1
11071.9
10581.7
9508.8
8072.2
6743.6
5544.8
4838.8
4528.4
4156.2
3820.7
3522.9
3166.3
3053.6
2953.4
2961.2
3107.7
3229.9
3624.7
3826.6
4130
4559
4678.1
5001.9
5137.9
5223.5
5162.7
5088.9
4956.6
4823.8
4819.4
4872.2
4970.5
4911.7
5017.1
4831.1
4741.1
4427.5
4209.7
3806.9
3347.7
2779.3
2251.9
1967.9
1671.3
1390.9
1217.7
1049.4
897.4
801.2
664.3
492.5
539.9
423
366.7
387.1
302.5
354
322
390.8
390
343.4
345
309.4
294.6
295.8
303
317
363.4
296.9
340.9
317.7
410.7
311.9
322.7
361.5
412.6
458
368.5
554.1
431.3
373.3
382.8
441.6
393.8
544.2
455.4
513
475.4
561.4
730.4
715.9
741.5
629.9
616.8
712.4
706.8
734.2
692.5
733.1
799.8
898.1
815.3
840.8
917.1
956.1
1079.1
1100
1136.2
1202.4
1323.6
1446.2
1751.2
1852.9
1953.3
2084.1
2419.3
2588.7
2717.9
3014
4064.5
5657.7
5472.4
4151.2
1870.4
1261.6
1211.6
1220.4
1294.1
1527.5
1479.3
1606.7
1806.2
1989.2
2205.4
2582.9
2845.9
3197.1
3709.2
4091.4
4685.4
5236.9
5956.4
6649.6
7475.6
8273.5
9223.5
10325.8
11352
12481.8
13633.5
14835.3
16302.5
19948.4
25783.5
29933.5
28108.3
19699.3
10559.1
5684.5
3931.3
3440.5
3076.5
2880.5
2681.8
2561.2
2368.1
2332.9
2371.1
2313.2
2464.1
2401.5
2653.3
2613.9
2775.1
2856.3
3092
3244.8
3605.5
3854.4
4220.8
4574
4914.2
5294.4
5730.2
6140.8
6610.9
7013.1
7215.6
7500.7
7582.3
7943.3
7965.8
8164
8168.9
8198.6
8393.2
8402.2
8389.3
8341.7
8298
8373.6
8228.4
7915.9
7743.2
7503.6
7357.2
6979
6695.9
6433.3
6056.2
5867.2
5614.6
5332.7
5138.1
4950.7
4901
4938.2
5151.6
5162.1
5429.7
5866.1
6074
6582.7
7025.5
7740.5
8262.8
8895.2
9682.1
10418.6
11273.9
12077.5
12987.6
13777.9
14255.5
14620.5
14899.5
15050.5
15321.1
15281.5
15341.7
15219.7
15296.7
15396.9
15301.9
15206.8
15089.2
15009.1
14993.1
14657.7
14230.2
13807.2
13637.5
13285
12913.6
12523.6
11983.6
11623.3
11408.6
11052.4
10946.8
10790.4
11000
11065
11253.8
11162.2
11263.6
11247.7
11153.9
10977.8
10981.7
11054.7
11270.3
11381.1
11617.6
12025.2
12514.4
13269.7
14248
15108.3
16058.4
16948
17830.5
18592.4
19226.4
20022.8
20779.4
21344.2
21961
22242.1
22826.5
23600.4
24096.2
24228.6
24550.1
25042.4
25658.9
26009.7
26440.3
26717.9
26945
26872.7
26657.7
25908
24911.8
23443.4
21748.4
20274.3
18712
17240
15681.8
14404.3
12827.3
11584.6
10523.1
9690.3
9153.7
8985.4
8910.1
9156.6
9461.3
9891.8
10420.9
10983.2
11709.6
12654.6
13731.9
14568.7
15656.4
16894.5
18153.2
19145.8
20369.7
21591.3
22636.7
23670.4
24991
26060.4
27277.7
28688.9
29857.6
30857.3
31456.1
32001.3
31997.7
31619.7
31044.4
30337.7
28928.9
27652.1
26396
25152.6
23727.5
22075.2
20432.8
18649.5
17147.9
15525.1
13997.1
12754.3
11789.5
10850.9
10127.4
9363.6
8903.6
8425.5
8027.4
7704
7550.9
7403
7357.6
7398.7
7557.1
7814.1
8152.6
8480.8
8915.8
9355.4
9952.1
10703.5
11202.2
11901.6
12621.8
13388
14038.3
14530.5
15010.9
15352.5
15815.8
16118.6
16516.4
16564.2
16851
17093.4
17079.5
17212.3
17249.3
17301.1
17075.1
16995.2
16721.3
16527.9
15967.8
15541.5
15085.1
14662.6
14391.9
14075.9
13884.1
13880
13838.7
13814.1
13631.7
13455.6
13229.6
12860.2
12142.5
11861.9
10727.1
10103.2
9565.8
8991.5
8434
7858.4
7302.6
6784.8
6208.2
5681
5147.6
4663
4089.3
3537.7
3149.8
2833.8
2521.1
2401.1
2237.1
2203.7
2089.9
2169.5
2145.1
2252.7
2256.5
2343.4
2436.8
2517.6
2642.3
2843.6
2885.8
3034.2
3178.4
3237.6
3475.5
3730.7
3910.4
3980.7
4136.4
4231.1
4257.9
4239.8
4217.6
4199.8
4091.2
4013
3841.8
3773.5
3558.3
3371.9
3242.1
3123.4
2901.6
2854.5
2375
2222.8
2093.7
2019.9
1763.8
1589.6
1410.5
1335.7
1324
1255.8
1303.9
1320.5
1361.6
1315.2
1346.2
1430.9
1537.3
1647.9
1700.8
1784.5
1966.3
2106.2
2249.2
2411.4
2657.2
2940.5
3092.2
3384.5
3640.2
3892.9
4144.4
4289.7
4468.4
4523.5
4580
4731.3
4595.9
4582.9
4554.3
4492.3
4356.3
4279
4119.4
3896.4
3718.7
3647.3
3391.4
2995.1
2772.6
2593.1
2389.9
2167.7
1962.5
1733.1
1476.9
1473.1
1267.9
1234.3
1143.4
1100.9
1126.2
1072.6
1091
1038.7
1117.7
1094.9
1063.3
1065.1
1105.6
1147.2
1129.9
1291.9
1331.8
1339.3
1500.4
1490.8
1672.8
1772
1884.6
2032.4
2300.3
2637.2
2690.5
2848.4
2848.3
2832.1
3073.3
3028.3
2882.6
2784.2
2861.7
2904.5
2873.2
3110.7
2592.2
2516.6
2480.5
2365
2111.9
1916.8
1799.6
1592.6
1450.7
1343
1210.5
952.9
868.3
743.4
758.5
649.6
554.9
588.1
657.2
618.1
602.2
575.2
630.9
645.6
443.6
555.4
529.1
477.9
578.4
458.5
419.7
417.8
403.9
410.4
358.7
332.5
265.8
233.7
249.9
275.4
231.8
151
261.1
134.4
160.6
167.6
155.2
63.1
201.9
71.7
157
162.4
159.8
139.6
253
220.3
277.1
240
295.8
353.4
351.4
432.4
510.3
435.7
471.9
455.6
420.4
371.9
463
383.7
453.9
408.1
375.9
384.5
298.7
269.6
285
298.9
309.9
238.8
336.5
146.3
146.6
351.4
84.5
92.3
108.3
73.7
71.5
74.2
36.2
22.3
0
49.9
56.2
108.8
281.8
96.9
5.9
38.6
49.9
131.4
72.6
75.2
92.6
100.3
172.6
113.1
118.3
190.2
201.8
231.7
199.3
255.4
349.8
351.3
357.1
341.4
379.7
391.9
380.1
332.2
393.2
389.7
353.2
257.7
340.6
310.9
215.8
208.3
246.2
184.2
130.7
215.2
216.5
152.8
207.1
217.8
286.9
417
584.6
712.2
641.3
569.3
544.5
547.6
523.2
563.5
594.3
672.3
604.1
496.7
415.9
482.4
366.4
475.8
356.3
377.7
339.9
312.9
352.1
287.1
305
292.7
274.5
338.1
323.3
309.1
533.7
376.4
286.9
295.9
299
375.6
419.2
337.3
391.3
371.5
449.3
504.1
462.9
397.8
411
403.8
314.1
386.8
309.4
310.5
235.4
193.6
204.4
208.3