NaN
4803.2
3000.3
1548.9
1316.4
1434.8
1704.9
2123.2
2641.1
3243.3
4105.1
5210.3
6513.9
8282.8
10143.2
12516.5
15240.1
17823.6
19338.4
17314.4
11916.8
6546
2732.4
1819.2
1968.4
2267.3
2615
3150.1
3815
4806
5963.3
7442
9515.1
11647
14280.8
17519.1
21675.1
25988.4
30126.1
30984.2
25865.1
16342.5
7816.2
2221.4
1239.8
1106.8
1069.2
956.3
879
921.9
1045.9
851.4
866.6
951
1196.3
1228.3
1401
1655.2
1898.9
2268.6
2527.8
2450.5
2172.3
1566.4
1196.4
936.3
1032.1
1059.8
1273.2
1641.7
2141.2
2759.9
3382.4
4082.8
4974.1
5736.5
6318.3
5943.3
4562.8
3022.3
1798.2
1288.4
1317.4
1447.2
1771.7
1766.6
2164.7
2417.6
2840.5
3858.2
4906.5
6229.6
7676.2
9343.7
11232.3
13273.2
14511
13851.5
10797.5
6859
3670.7
1871.2
1728.3
1926.6
2169.7
2488.6
2806.3
3310.8
3884.1
4734.7
5738.5
7020.3
8491.9
10274.7
12519.2
14860
17752.5
21943.2
25858.7
28051.8
26922.1
21243.4
13599.4
6857.9
2479.3
1791.3
1744.7
1785.5
2003.3
2117.3
2532.5
2847.8
3377.3
4045.8
4835.6
5895.8
6950.5
8472.3
10149.4
12031.6
14398.1
16962.5
20303.7
24534.7
27577.6
28201.8
24833.3
18324.9
10968.2
5065
2414.4
2257.4
2271.4
2526.3
2803.4
3088.1
3592.2
4254.1
5022.3
5291.3
5130.6
4366.7
3265.2
2185.1
1520.9
1301.6
1434.7
1517.7
1615.2
1795.3
2160.8
2742.5
3183.7
3843.6
4547.6
5202.9
5997
7177.5
8128.7
8639.3
8263
6758.3
4749.5
2833.2
1460.1
1197.1
1163.8
1205.4
1255
1372.6
1418
1613
1667.5
1881.1
2240
2752.8
3536.9
4399.2
5323
6296.3
7212.4
8418.1
10264.1
11854
12506.4
11929.2
9952
6982.6
4016.6
1890.5
1356.3
1318.6
1410.6
1380.4
1520.5
1601.7
1629.4
1765.7
2057.6
2141.2
2399
2733.8
3131.4
3623.9
4179.8
4958.6
5689.3
6619.9
7688.4
8831.8
10637.4
12485.7
13619.3
13553.6
12083.9
9221.3
5831.1
2870.9
1136.8
849.8
813.3
742.6
783.9
777.6
876.8
845.9
1085.4
1159
1199.4
1292.3
1481.4
1672.1
1917.1
2114.7
2463.7
2775.2
3177
3721
4170.7
4850.6
5622.9
6609.1
7894.8
9013.2
9483.1
9368.5
8421.4
6957.2
5339.6
3902
3155.9
2673.9
2021.8
1549.3
953
726.9
885.2
730.7
821.7
738.9
751.9
769.6
843.3
969
1143
1316.1
1528
1726.9
1994
2226.5
2519.5
2937.6
3506.5
3923.5
4023.4
3814.6
3395.9
2435.7
1544.5
779.1
449.2
379.7
393.2
365.1
387.6
422.3
457.6
463.2
533.6
581.7
565.7
882.5
660
752.8
923.6
1157.8
1534.6
1590.5
1949
2250.3
2553.7
2996.4
3468.5
4206.2
4790.9
5028.9
4772.3
4390.7
3264.1
2158
1308.1
820.7
826.3
831.7
835.3
777.1
692.9
653.6
664
564.1
627.6
575.1
644.2
696.8
740.4
761.9
895.7
990.6
1084.7
1221.2
1493.6
1557.1
1767.2
2055
2327.3
2638.6
3057
3508.8
4175
4639.9
4810.9
4602.2
4173.2
3338.5
2301.7
1325
683.7
518.7
543.9
484
491
503.3
542.6
511.6
531.4
598.4
661.6
645.2
640
743.1
772
859.1
876.9
967.4
1053.7
1197.4
1474.1
1566.8
1824.2
2139.8
2500.3
2634.5
2752.5
2752.2
2723.8
2608.4
2535.3
2604.8
2715.6
2685
2587
2328.9
1959.8
1467.7
962
641.4
594.2
511.5
496.9
523.9
552.2
669.1
744.7
810.9
929.9
996.9
1152.9
1288.3
1445.7
1595.4
1813.2
2141.9
2264.2
2274.1
2094.8
1916.3
1547.1
1014.6
678.5
408.5
341.3
345.1
360.5
340.8
329.4
345.3
375.8
356.6
482
349.8
402.8
435.3
449.1
462.2
524.6
478.5
464.7
505.5
621.8
611.4
717.8
843.2
971.7
1085
1355.4
1395.7
1628.5
1752.4
2069.4
2407.8
2601.3
2681
2599.4
2529.9
2335.1
1937.4
1561.5
1243.6
1185.3
1138.7
1033.9
944.1
874.1
660.2
536.9
450.4
362.2
377.6
364.7
555
588.5
655.5
710.5
761.4
818.6
785.2
803.7
640
570.8
585.7
645.9
762.4
787.7
867.6
921.8
1027.5
1034.4
1225.3
1269.8
1328.9
1509.1
1603.6
1771.9
1956.6
2002.1
1910.3
1787.9
1648.3
1447.5
1123.2
744
553.6
498.3
439
399.4
430.9
394.8
375.4
438.6
395.9
449.3
479.5
522.8
505
578
695.3
787.7
781.4
831.1
782
737.4
681.1
585.5
557.1
339.5
322
325.2
342.6
312
356.2
389.3
539.7
446.1
470.1
550.5
527.3
565.9
604.7
718.3
700
774.8
926.1
889.4
873.2
890.9
859.5
828.6
790.9
742.5
727.3
692.2
710.6
778.3
825.7
887.9
956.2
989
1089.2
1075.2
980.8
928.6
837.9
774.3
681
501.4
479.6
446.4
415.3
458.8
374.4
382
383.1
388.1
366.9
349
410.9
356.7
352.7
337.9
348.5
416.6
436.2
473.4
652.1
549.7
564.6
589.3
615.9
687.8
706.9
759
741.6
846.1
848.5
888.3
983.5
1003.1
1045.6
1258.6
1214.9
1290.2
1315.6
1523.9
1600.3
1655.5
1715.1
1713.3
1736.4
1660.2
1629.8
1573.8
1516.2
1317.1
1264.4
1198.8
1115.7
1008.3
863.2
765.2
749.7
650.1
651.4
612.2
573.4
482.8
461.7
528.3
484
462.4
378.7
388.1
389.1
405.8
448
510.9
555
392.2
347
378.7
325.6
345.3
409
360.3
351.4
361.9
382.1
356.4
339.9
370.9
379.4
385.7
369.6
326.1
477.1
422.3
368.9
417.8
528.6
480.8
523.7
596.9
604.2
498.7
478.1
490.9
432.5
429.5
552.8
517.4
606.4
727.8
792.6
919.6
971.1
1145.1
1184
1294.1
1474.8
1479.3
1527.5
1585.5
1685.1
1746.7
1748.2
1790.6
1827.4
1815.1
1817.8
1839.4
1813.5
1898.5
1971.7
1880.8
1817.8
1876.8
1922.3
1980.1
1965.4
2004.2
2055.9
2031.3
2007.2
1956.5
1891.2
1898.2
1769.1
1779.5
1751.9
1846.3
1796.2
1952.6
1877.6
1911.5
1883.5
1944.9
1956.1
1901.9
1948.9
1886.3
1867.4
1932.3
1886.6
1844.9
1834.6
1880.6
1805.1
1816.8
1792
1748.5
1788.3
1761.8
1685.7
1601.3
1562.3
1492.3
1362.9
1328.3
1297.2
1292.2
1398.4
1352.6
1476.5
1405.2
1453.7
1528.5
1581.9
1600.2
1525.4
1464.8
1471
1408.2
1336.7
1255.2
1198
1178
1144.5
1067.6
1039.4
1071.8
1047.1
1047.5
1126.1
1158.4
1136.3
1087
1146.7
1084.6
1065.1
1066.9
1062.9
1063.5
987
999.8
955.5
968.4
947.6
961.7
986.3
1034
1042
1135.1
1137.3
1129.9
1105.5
1081.7
1000.4
1008.9
926.7
828.9
717.3
841.8
525.5
550.4
587.5
496.1
529.6
534.6
524.8
563.2
533.9
583.6
534.9
628.8
607.5
617.7
640.4
699.6
697.5
746.6
737.8
750.1
768.2
863.1
812.6
887.5
900.5
956.4
946.4
1002.9
1004.5
1065.8
1096.3
1112.2
1181.1
1227.9
1351.1
1515.4
1579.6
1757.7
1835
2105.2
2321.2
2684.6
3036.4
3625.5
4104.9
4535.9
5004.8
5236.2
5492.7
5557.2
5636.1
5740.4
5824
5871.5
6087.9
6143
5939.3
5669.7
5243.3
5114
4958.8
4880.2
5186.5
5578.2
6170
6801.9
7468.5
7801.7
7916.5
8102.9
8197.2
8285
8491.9
8402.7
8578
8707
8449.9
7990.2
7512.2
6777.8
6412.9
6046.7
6029.3
6223.5
6773.9
7338.6
7942.4
8552.4
8855.9
9141.9
9104
9196
9192.7
9412.1
9535.6
9561.3
9720.4
9636.1
9123.6
8293.6
7488.2
6898.5
6510.9
6172.1
6408.7
6826
7447.4
8146.5
8855.9
9303.9
9582.3
9597.3
9631.8
9598.7
9645
9975.3
9996.6
10134
10214.3
9827.1
9203.3
8116.8
7301.9
6531.1
6013.1
5936.3
6058.8
6395.3
6900.9
7389
8004.7
8623.3
8928
8954
8738.9
8703.6
8504.3
8731.3
9008.9
9005.2
9127.2
9022.5
8588.9
7535.3
6675.4
5894.2
5484.1
5141.6
5341.5
5648.8
6117.2
6570.6
7155.6
7793.8
8298.4
8543.7
8445.6
8228.2
8047.1
8018.8
8368.5
8602.1
8657.3
8759
8841.1
8368.5
7595.5
6450.7
5755.8
5286.6
4908.5
5064.7
5273.4
5539.7
5798
6325.2
6842.8
7416.9
7665.6
7814.6
7449.2
7168
6955.3
6922.8
7280.3
7419.5
7303.6
7293.6
7027.3
6579.2
5861.3
4655.5
3908.2
3341.1
3141.6
3103.2
3024.7
3100
3130.9
3265.3
3502
3785.6
4091.5
3981.8
3926.3
3680.4
3598.1
3571.4
3804
4086.7
4132.2
3991.6
4088.7
3760.4
3382.4
2662.8
2326.3
1988.4
1955.4
2021.2
2081.3
2123.4
2255.4
2362.1
2469.4
2721.6
2890.9
2885.5
2714.9
2660.3
2531.6
2489.4
2524.6
2551.2
2692.4
2518
2471.6
2489.5
2309.1
2019
1711.4
1532.3
1446.7
1516.6
1521.8
1521.2
1654
1765.8
1947.8
2209.1
2469.5
2751.6
3154.9
3264.9
3511.9
3472.4
3366.6
3197.6
3254
3376.5
3364.9
3495.8
3439.7
3316.2
3186.3
3201
3068.5
2744.7
2346.4
2091.8
2084
2203.1
2214.1
2223.6
2286
2502.8
2865.1
3217.3
3605.5
4119.3
4618.6
5120.7
5529.7
5792
5965
5653.9
5375.3
5255.5
5539.9
5684.8
5832.8
5894.1
5664.7
5357.5
5360.5
5335.2
4910.5
3974.7
3319.5
3158.3
3293.7
3328
3280.1
3364
3364.8
3821.4
4126.3
4729.6
5253.5
5977.3
6788
7520.9
7977.3
8386
8516.7
8162.9
7719
7553.9
7955
8142.8
8438.5
8656.4
8261
7789.1
7394.6
7800.5
7206.8
6028.1
4715.9
4499.4
4653.3
4709.8
4618.6
4474
4511.6
4788.8
5331
5765.4
6558.4
7336.8
8226.7
9183.2
10047.6
10678.4
11293.8
11182.2
10796.2
10059.7
9944.5
10594.3
10894.2
11243.4
11631.4
11148.5
10475.4
9918.1
10373
9780.2
8196.6
6219.6
5762.8
5973
6154.3
6028.4
5855.8
5926.9
6099
6670.6
7299.2
8184.7
9050.7
10157.5
11456.7
12626.1
13639.1
14466.3
15151.8
14925.5
14215.7
13338.8
13337.1
14159.4
14420.4
15029.6
15292.7
14910.8
14054.6
13306.4
13674.2
13145.6
11097.7
8541.1
7833.5
8096.5
9175.8
12303.2
16093
17693.8
15957.5
11909.8
10591.4
10902.6
11909.4
13004.5
14580
16193.9
17645.1
18630.4
19563
20058.5
19649.4
18638.8
17790.7
18048.1
18932.7
19208.2
20054.7
20253.1
19797.3
18674.8
17853.3
17883.8
16931.4
14307.5
11083.6
9691.5
9382
9376.3
9212.2
8908
8532.7
8258
8496.6
9065.8
9827.8
10678.5
11760.7
13047.3
14391.4
15680.6
16775.9
17842.5
18464
18727.3
18038.8
17136
16650
16761.1
17199.5
17784.5
18126.1
18225.4
17740.4
16816
16179.8
15927.5
14944.2
12689.5
10087.5
8356.9
7700.7
7443.3
7257
6904.5
6658.2
6230.4
6232.1
6234
6624.5
7137.1
7722.9
8390.1
9194.6
10093.5
10850.1
11658.1
12176.2
12660.3
12516
12348.5
11808.8
11619.9
11419
11658.4
11986.5
12195.4
12290.1
11906.8
11505.8
11088.8
10614.3
9792.6
8412.5
7042.6
5703.1
4990.4
4596.4
4221.5
3883.5
3666.2
3296.3
3117.1
3044.7
2954.7
3085.3
3182.6
3517
3763.2
4006.5
4429.1
4609.6
4922.5
5065.7
5160.2
5145.5
5064.7
4970.3
4812.9
4781.8
4838.2
4941.5
4825.6
5000.8
4812.4
4749.3
4526
4313.6
3979.7
3470.3
2970.1
2344.7
2080.9
1784.8
1511.8
1296.8
1153
1019
897.6
757.7
594.4
613.9
478.5
464
461.4
384.4
407.7
389.5
452.4
433.6
393.8
388.9
347.5
341
350.6
362.7
395.1
408.3
342
359.2
369.6
469.5
368.2
411.1
452.6
465
489.9
417.9
604.5
489.7
444.4
446.9
503.9
445.5
577.3
516.4
547.7
530.2
597.3
761.1
767.3
843.3
734.3
686.1
758.6
770.5
810.3
743.2
819
823.9
959.3
860.8
925.9
952.6
1020.4
1094.1
1127.4
1174.7
1256
1388.9
1478.5
1741.8
1830.3
1931.2
2124.4
2431.4
2553.9
2698.4
2963.4
3716.6
5462.1
5727.6
4746.7
2480
1340.6
1298.3
1262
1318.2
1564
1501.7
1608.3
1828.7
1998.8
2220
2537
2791.5
3160
3628.1
4012.1
4565.8
5100.2
5806.9
6411.9
7198
8037.3
8919.1
9945.6
10927.6
12032.4
13174.4
14415.5
15693.7
18462.5
23903.5
29100.7
28930.3
22223.3
12420.7
6548
4167.3
3546.2
3188
2937.5
2802.2
2681.3
2444.4
2421.4
2436.6
2378.8
2524.5
2450.5
2681.2
2601.7
2758.1
2837.5
3070.4
3234.8
3566
3777.8
4144.6
4475.3
4841
5149.7
5596.6
6014.2
6444.8
6786.9
7095.1
7379.8
7504.5
7788.4
7838.7
8027.5
8051
8103
8237.2
8258.1
8282.1
8262.9
8206.9
8248
8194.4
7926.1
7699.4
7508.5
7349.7
7074.8
6715.3
6427.9
6073.5
5871
5630.4
5348.3
5135.3
4977.4
4915
4891.9
5082.9
5142.7
5367.7
5735.1
5971
6422.9
6833.9
7471.6
7970.2
8626.3
9383.4
10159.2
10887.4
11711
12674.7
13456.5
14021.3
14307.8
14626.5
14847.8
15001.7
15082.2
15147.5
15019.1
15036.6
15208
15129.9
14947.2
14880.4
14783.6
14804.7
14613.6
14173.2
13756.4
13548.9
13127.4
12925.9
12432.7
11883.9
11546.3
11266.4
10929.3
10824.3
10699.1
10825.3
10924.8
11142
11091.7
11181.2
11173.8
11024.8
10973.3
10822.7
10923.2
11041.4
11160.5
11365.9
11701
12228.9
12901.6
13875.1
14610.6
15635.5
16594.8
17370.2
18217.3
18813.8
19600.3
20305.3
20934.2
21501.6
21857
22385.1
23070.9
23588.9
23838.6
24134.1
24573.6
25102.1
25550.6
26034
26315.9
26549.3
26575.7
26267.9
25727.1
24815.8
23461.4
21876.8
20447.3
18778.6
17245.6
15784.9
14503.7
12931.5
11671.5
10603.1
9685.9
9084
8875.1
8801.9
9040.3
9306.2
9671.4
10188.3
10680.1
11380.2
12196.4
13274.9
14042.1
15104.1
16367.7
17518.6
18650.6
19750
21047.3
21869.7
22985
24282
25227.6
26487.1
27792
29075.8
29974.9
30796.1
31368.9
31479.6
31071.9
30583.6
30044.1
28747.6
27472.9
26214.1
24914
23580.9
22134.1
20415.3
18683.5
17188.7
15537.6
14033.5
12791.9
11821.1
10859.6
10101.6
9416.6
8857.3
8410.9
8020.7
7633.2
7490.3
7248.3
7281.7
7256.9
7432.4
7635.2
7971.2
8280
8582.5
9025.6
9684.8
10401.7
10962
11591.6
12275.7
13088.5
13674.5
14165.3
14715.1
15037.5
15471.7
15832.7
16123.8
16302.8
16504.3
16756.6
16821.3
16839.1
16965.3
16948.8
16756.7
16683.2
16446.4
16232.8
15713.4
15404.4
14980.4
14531.5
14316.3
14003.2
14001.6
14065.2
14253.8
14313.8
14316.9
14209.9
14117.4
13831
13310.7
12885.6
11917.1
11158.3
10642
10000.1
9438.6
8823.3
8200
7592.6
6983.8
6355.3
5795.5
5187.4
4595.3
3951.5
3490.8
3073.4
2710.3
2543.3
2384.8
2275.9
2202.8
2253
2211.5
2322.8
2302.8
2393.6
2459.5
2545.9
2682.3
2823.6
2853.7
3011.3
3134.3
3223.4
3435.8
3697
3892.4
3954.9
4115.6
4177.9
4231.6
4279.4
4295.1
4265
4132.2
4020.6
3863.6
3830.7
3610.9
3369.5
3240.9
3146.5
2962.4
2940
2455.9
2282.9
2100.3
2057.7
1786
1650.7
1462
1396.5
1321.1
1283.2
1296.4
1297
1370.8
1301.5
1340.6
1414.1
1531.9
1621.3
1692.8
1758.4
1924.3
2073.5
2249.2
2395.7
2581.3
2860.2
2964.5
3288.2
3513.5
3774.3
4024.6
4196.6
4367.1
4451.7
4495.2
4644.5
4564.2
4523.1
4472.4
4433.7
4345.7
4251.5
4126.4
3842.9
3721.2
3602.2
3407.6
3018.2
2790
2624.7
2400.1
2201.6
1991.2
1729.1
1517
1444.3
1280.8
1230.2
1133.7
1112.5
1114.5
1088.5
1090
1044.7
1128.5
1088
1054.3
1061.6
1126.3
1157.2
1162
1264.3
1311.5
1305
1426.3
1465.6
1619.4
1696.9
1822.9
1972.4
2210.4
2489.7
2597.1
2768.4
2798.1
2785.6
2995.6
2937.8
2787
2799.5
2815.3
2859.7
2861.2
3028.6
2578.5
2515.4
2436.6
2329.5
2127.6
1943.4
1807.1
1603.6
1466.9
1357.4
1223.9
966.2
895
809.3
749.4
668.3
594
605.7
666.3
643.7
634.1
613.3
623.8
630.8
447.6
575.2
538
499.4
602
505.8
446.1
440.7
424.9
428.7
390.6
387.8
273.4
243.9
254.9
265.5
243
166.9
257.8
115.4
195.9
173.1
165.9
105.8
235.2
76.6
150.2
183
167.5
168.9
218.1
209
259.3
230.3
274.3
343.7
357.1
427.1
501.1
451
474.9
487.6
444.8
371.9
451.5
395.7
458.7
408.5
393
388
303.1
277.1
272.5
325.7
297.4
251
336.1
143.8
143.6
350.6
67.8
114.3
105.8
36.7
64.4
61
31.7
15.5
0
44.6
77.1
85.3
273.6
92.5
27.9
50.2
58.1
127.7
82
67.6
66.2
94.5
139.6
124.9
114.4
176.1
196.9
210.6
182
244.1
324
322.7
347
316.9
359
364.4
332.6
328.8
375.8
376.2
336.4
274.3
323.5
289.9
227
225.9
219.5
157.3
156.2
235.2
172.3
139
197.8
224.3
326.7
456.5
610.1
772.4
768.3
709.8
621.4
671.4
610.6
681.9
665.9
766.9
733.7
577.6
534.2
549.7
422.7
500.9
384.8
369
357.8
295.6
346.9
271.1
272.8
281.1
267.8
286.1
316.2
295.1
483
322.3
272.1
299.3
264.8
335.9
347.7
272.4
366.7
332.7
390.7
442.3
419.9
362.6
404.9
368.7
310
332
273.7
302.3
202.7
152.3
183.5
191.7
126.2