6871.7
5131
3364.4
1853.2
1398.7
1630.9
1941.5
2346.8
2867.7
3627.8
4600
5871.6
7265.3
9080
11223.6
13910.6
17050.6
20039.2
21443.6
19162.5
13283.9
7397.4
3069.5
2215.3
2261.2
2518.6
2956.4
3683.2
4385.4
5399
6944.1
8510
10657.9
13244
16318.2
19953.9
24677.9
29728.8
34216.9
35210.1
29048.3
18885.8
9177.8
2672.9
1547.7
1342.7
1189.1
1129
1213.6
1028.9
969.3
966.7
1130
1101.1
1212
1379.6
1558.3
1778.7
2147.2
2305.9
2613.9
2573.1
2312.6
1742.6
1310.6
990.9
1054.2
1201.2
1429.9
1802.6
2241.6
2910.9
3611.4
4408
5310.4
6149.9
6574.4
6205.7
4801.1
3320.8
1947.5
1439.1
1652.7
1673
1943.6
2115.2
2152
2630.2
3199.7
4137.3
5425.3
6937.7
8315.5
9985.3
12263.5
14374.5
15774.4
15125
11796.3
7629.6
4004.9
2123.5
2021.5
2161.9
2356.2
2672
3103
3766.8
4387.9
5332.9
6391.8
7736.2
9489.2
11503.1
13854.1
16679.7
19853.9
24428.3
28814.4
31029
29982.5
23740.5
15320.4
7938.7
2962.6
1998.9
2048.2
2033
2287.8
2462.5
2865.2
3265.6
3844.3
4678
5511.4
6693.6
7889.6
9508
11442.9
13751.1
16278.2
19058.8
22828.3
27824.4
31118.9
31942.3
28490.8
20870.4
12788.8
5997.7
2722.2
2470.2
2520.5
2693.5
3036.1
3370.7
3886.1
4485
5130.3
5484.9
5351.4
4596
3496.1
2464.2
1745.1
1534.3
1604.4
1701.9
1872.5
2199.6
2409.6
2907
3508.1
4183.1
4807.3
5510.4
6241.4
7462.5
8540.1
8983.2
8621.7
7169.3
5036.9
3108
1642.3
1290.7
1278
1366.7
1381.3
1550.5
1598.9
1716.7
1892.2
2072.4
2511.6
3090.6
3771.8
4693.6
5677.4
6721.1
7802.6
9137.1
11008.1
12612.7
13549.8
13088.8
10857.7
7595.7
4523.3
2230.9
1642.9
1508.8
1591.5
1663.3
1663
1753.6
1968
1965.7
2154.5
2379.1
2691.5
2989.2
3442.9
4019.4
4627.5
5350.2
6323.8
7248.4
8452.9
9669.2
11456.6
13663.9
15002.5
15107.4
13594.7
10354.7
6704.1
3440.2
1501.8
1024.2
944.8
860.2
928.9
900.8
1062.1
1122.6
1184
1251.8
1369.9
1502.8
1683
1833.5
2123.7
2384.5
2723.8
3126.5
3535.3
4097.5
4713.2
5442.8
6288.8
7323.4
8798.3
10170.5
10693.6
10566.7
9451.6
7757
5941.5
4298.2
3393.4
2984.7
2300.9
1703.7
1325.8
932.2
972.4
901.1
879.7
907
966.2
1015.6
1122.2
1195.9
1349
1487.2
1678.1
1932.1
2178.2
2428.7
2742.1
3174.1
3644.9
4097.5
4384.4
4081.8
3617.2
2670.6
1737
944.4
582.4
489.9
504.4
533.8
565.1
557.4
566.5
632.9
681.7
951
738.3
776.3
820.7
970.8
1232.1
1257.9
1549.8
1875.6
2075.8
2502.9
2750.7
3185.7
3836.3
4651.2
5211.5
5607.7
5336.5
4694.9
3689.8
2570.7
1638.6
1200.6
1179.1
1205.9
1179.2
1141.8
1079.7
923.9
863.9
762.8
770.4
831.4
891.2
883.8
959.5
1016.8
1098.7
1191.1
1445.6
1424.1
1647.6
1882.7
2069
2359.5
2666.7
3016.4
3445.3
3937
4627.1
5231.8
5464
5274.4
4729.2
3858.2
2717.5
1663.5
941.4
668.3
639.8
648.9
679.7
655.5
716.8
750.8
778.8
751.2
787.9
870.5
857.9
906.8
939.6
925.6
1024.3
1102.2
1311.5
1391.7
1557
1736.8
2063.5
2340.7
2631
2877.8
3079.9
3110.4
3048.2
2961.6
2890.4
2968.1
3166.4
3193.6
3044.6
2852.8
2389.2
1811
1330.4
858.9
704
690.5
708.5
757.2
800.7
805.8
912.1
993.4
1112.3
1239.5
1374.9
1472.6
1555.5
1762.2
2042.5
2402.1
2528.6
2505.3
2374.5
2116.9
1799.3
1261.2
847.5
590
568.1
562.1
527.3
522.6
553.4
594.8
639.8
537.7
579
624.4
627.5
677
740.6
678.5
642.7
652.3
742.7
704.6
759.7
855.4
949.5
1077.4
1335.4
1419.7
1607.6
1682.8
1873.6
2130.6
2457.1
2897
3115.1
3219.5
3203.5
3109.3
2915.9
2545.7
2249.8
1953.2
1843.1
1786.6
1738.5
1551.4
1335.2
1179.8
874.7
717.3
590.3
579.7
556
693.1
860.2
984.3
1053
1104.5
1233.4
1099.1
1009.9
897.1
805.2
885
939.7
1013.3
1038.2
1136.6
1164.1
1319.6
1364.8
1429
1585
1696.3
1782.2
1902.3
2139.2
2295
2364
2294.6
2144.2
1977.8
1678.9
1361.2
1034
743
623.7
617.8
591.9
582.2
632.3
593.3
596.9
601.6
634.3
626.2
678.5
743.8
786
821.7
911
962.5
1003.9
961.7
904
931.5
762.7
672
568
553.1
472
482.2
500.4
627.1
599.4
591.6
715.7
684.2
712
734.2
819.5
826.1
862.9
979.4
957.3
1043.4
1134.6
1111.1
1083.5
1053.7
1115.6
1048.9
983.5
896.5
900
904.6
989.5
1020.3
1091.7
1230.9
1295.7
1304.8
1280.8
1236.6
1213.4
1159.2
992.7
894.2
792.1
755.3
748.6
639
586.4
624.5
598.9
583.6
538.6
618
522.7
493.4
491.6
472.7
515.1
558
574.6
731.6
645.5
706.7
710
748.3
794.2
850.1
904.7
878.6
934.2
1020.8
1053.6
1081.9
1113.6
1141.6
1334.8
1342.3
1409.5
1438.1
1563.6
1646.7
1794
1891.2
2075.2
2113.4
2127.3
2108.1
2145.2
2178.4
2098.5
2001.3
1869.6
1801.8
1610.1
1496.2
1274.1
1148.3
945.2
883.4
813.8
749.2
710.4
653.7
715.2
654.3
644
516.9
518.2
498.2
520.3
616
647.5
709.6
579.5
559.6
586.3
533.3
544.4
556.5
546.5
504.4
549.2
545.9
558.9
521.6
532.5
560.2
568.8
539.4
507.8
627.1
542.5
486.5
520.8
578
573
596.4
741.4
757.9
717.3
718.5
745.7
688.9
646.2
687.3
618.6
699.9
758.7
781.6
906.1
967
1150.9
1158
1286.6
1447.6
1555.4
1634.4
1699.6
1792.7
1860.9
1901.4
1938.2
1994.8
1997.3
2018.1
2038.8
2021.7
2053
2140
2072.1
2040.1
2038.1
2020.8
2126.4
2132.6
2164.3
2206
2200.5
2232.3
2214.1
2175.8
2167
2030.1
2031.6
1965.4
2019.6
1978.4
2062.1
2006.3
2007.6
2086.7
2053.9
2118.6
2157
2174.6
2131.2
2108
2169
2111.5
2015.2
2026.5
2065.6
2027
2044.2
1971.7
1971.3
1955.7
1965.8
1892.9
1915
1853
1790.9
1653.7
1577.3
1519.3
1472.4
1471
1452.9
1502.7
1453.7
1488.2
1560.1
1606.8
1649.8
1677.7
1691.8
1661.8
1627
1602.2
1549.4
1450.5
1431.6
1399.9
1303.1
1294
1247.4
1197.1
1203
1259.2
1331.1
1350.8
1337.2
1379.2
1356.1
1295.6
1288.7
1322.5
1309.9
1269.1
1292.8
1256.5
1291.1
1261.8
1230.3
1193
1259.7
1299.7
1397.6
1486.3
1502.9
1505.7
1513.3
1532.9
1594.1
1489.6
1398.4
1307.3
1288
990.5
881
879.5
703.2
716.7
695.5
709.1
703.3
727.2
775.8
691.5
795.1
809.7
807.7
795.4
838.5
878.9
925.1
921.2
931.2
914.9
1091.5
1057
1114
1136.4
1209.2
1236.4
1286.9
1292
1337.5
1397.2
1379.4
1371.7
1397.4
1435.6
1518.5
1574.4
1741.1
1787.3
1942.4
2086.8
2283.8
2504.5
2847.2
3290.5
3687.6
4257
4778.3
5298.3
5537.6
5666.3
5720.6
5846.8
5914.3
6087.3
6097.9
6312.1
6438.3
6219.9
5916.2
5594.9
5365.3
5240.2
5166.2
5359
5762.3
6469.6
7009.8
7680.5
8128.5
8361.4
8458.3
8596.5
8528.4
8752.3
8743.1
8828.8
9017.4
9012.3
8430.9
7766.3
7061.4
6633.3
6299.3
6251.7
6460.4
6967.4
7532.8
8118.9
8816.3
9199.3
9443.2
9438.7
9496.5
9542.7
9690.1
9761.7
9959.1
10162.3
10050.8
9580.5
8697.8
7809.2
7131.6
6697.9
6498.5
6690.4
7156.6
7741.4
8302.4
9030.8
9636.8
10025
10118
10024.9
10029.5
10001.6
10341.7
10396.1
10507.1
10696.3
10365.6
9845.9
8614.2
7612.3
6992.8
6356
6134.2
6358.1
6637.6
7151
7698.5
8383.9
9080.1
9333.5
9550.1
9144
8946.2
8997.9
9164.5
9386.3
9528.6
9575.7
9310
9025.7
8179.6
7129.2
6236.4
5682.3
5388.8
5623.2
5947.9
6366.1
6933.5
7465
8253.2
8841.3
9154.7
9178.4
8777.2
8668.3
8569.4
8877.6
9182
9384.3
9450.6
9388.2
9043.2
8361.7
7165.4
6276.6
5610.9
5472.9
5550.1
5803.4
6059.4
6533
6966.2
7484.7
8220
8442.7
8549.2
8213.1
7837.7
7679.9
7659.2
8002.4
8191.1
8089.7
8095.8
8059.4
7490.7
6523.3
5362.1
4527.6
3791.2
3572
3624
3448.8
3370.5
3396.8
3554.7
4016.4
4099.2
4321.8
4376.5
4257.2
4024
4003.8
3990.5
4272
4429.7
4627.2
4394.7
4341.2
4181.2
3841.4
3095.4
2620.6
2254.3
2217.7
2305.4
2405.9
2392.4
2419.2
2575.1
2725
2933
3065.5
3161.7
3044.8
2873.6
2724.9
2635
2766
2746.2
2803.6
2765.7
2717.4
2577.7
2563.5
2254.2
1890
1742.7
1601.5
1551.8
1628.7
1691.1
1747.5
1856.3
2041.7
2287.6
2638.3
2820.4
3156.5
3406.1
3609.3
3645.8
3512.5
3361.4
3337.1
3432.2
3457.3
3620.5
3615.2
3453.9
3283
3330.1
3318.5
2936.5
2449.2
2215.5
2259.7
2406.2
2363.7
2340
2479.6
2702.1
3006.2
3398.8
3825.9
4266.6
4817.8
5331
5785.8
6034.9
6127.3
5912.5
5612.6
5548.4
5638.3
5756.6
5977.4
6181.5
5950.3
5591.7
5475.5
5483
5138.5
4208.3
3476.9
3307.3
3425.3
3542.5
3384.1
3464
3464.7
3821.2
4248.4
4809.4
5439.8
6158
6879.5
7599.1
8199.5
8723.1
8843.4
8426.6
7986.3
7793.8
8164.3
8504.5
8646.2
8966.7
8599.1
8196.7
7809.3
8083
7629.5
6476
5027.7
4703.4
4958.5
5024.3
4842.6
4731
4751.6
4923.7
5591.6
6147.2
6818.1
7541.1
8515.2
9542.5
10546.1
11167.5
11787.3
11786.2
11299.5
10639.6
10446.7
11013.4
11426.8
11781.4
12133
11799.3
11089.3
10470.2
10888.8
10422.6
8813.7
6810.3
6200.1
6249.6
6502.9
6482.3
6267.3
6201
6390.3
7067.2
7684.9
8562.4
9579.4
10688.2
11980.3
13300.6
14463.7
15315.4
15818.8
15763.7
15092.8
14223.2
14125.6
14853.8
15238.8
15851.8
16258.3
15738.3
14892.8
14335.6
14638.1
13986.4
12072
9410.4
8538.7
8837.6
9941.6
13730.5
18497.6
20564.2
18806.5
13830.7
11693.7
11796.9
12782.8
13960.5
15632.5
17089.7
18655
19878
20909.5
21306
21094.5
20113.7
19184.7
19320.4
20170.4
20688.3
21493.5
21636.5
21129.9
19996.9
19321.9
19241.8
18281
15640.1
12224.2
10411.1
10040.5
9941.2
9917.6
9404.2
9054.3
8824.7
8972.4
9481.9
10286.4
11418.4
12398
13774.1
15046
16526.2
17727.9
18959.7
19452.5
19688.6
19339.4
18575.5
17814.1
17960
18233.3
18823.3
19255.2
19314.4
18848.2
18200.8
17460.5
17080.5
16022.8
13758.7
11049.2
9196.6
8363.5
8002.5
7893.7
7403.6
7080.4
6621.6
6615.6
6719.5
7063.4
7487.5
8158.5
8961.7
9710.1
10729.4
11536.2
12298.7
12884.4
13385.6
13405.3
13237.5
12685.2
12387.5
12306.7
12449.6
12803.4
12972.8
13013
12745.2
12264.1
11839.2
11325.7
10623.6
9247.3
7709.8
6431.7
5472.4
4928.4
4621.5
4228.3
3997.9
3650.7
3406.2
3248.9
3201.3
3408.5
3524.3
3737
4122.2
4302.9
4650.7
4978.2
5255.1
5458.4
5638
5666
5522.2
5417.8
5244.2
5262.7
5144.1
5349.2
5330.2
5365.1
5198.2
5117.9
4899.5
4666.2
4337.9
3772.4
3328
2818.9
2272.2
1936.9
1701.7
1523.8
1362.5
1197.4
979.1
939.7
749.1
634.6
638.4
539.3
564.4
546.9
567.9
557
502.7
495.3
467.5
455.4
457.1
485.9
479.7
544.4
463.9
481.7
474.5
594.8
480
483.1
531
547.8
607.6
527.9
692.5
609.8
569.5
607.3
621.7
590.7
667
633
643.7
578.1
628.4
746.8
726.5
864.9
900.8
923.2
934
872.9
878.9
805.5
886.8
918
1048.2
970.5
990.3
1043.9
1060.6
1167.5
1160.2
1163
1270.9
1389.8
1429.9
1686.2
1728.9
1854
2020.9
2246.4
2430.4
2624.6
2835.4
3046.2
3316.6
4123
5922.4
6349.2
5335.2
3010.4
1497
1392.9
1549.2
1460.7
1570.1
1687.1
1833
1982.4
2230
2409.4
2731.4
3130.4
3396.5
3891.6
4360.9
4979.1
5560.5
6307.5
7006.1
7842.1
8786.9
9752.5
10946.9
12156.4
13416.9
14628.2
15855.9
17415
20739
26509.6
31841.6
32063.9
25450.5
14857.3
7922.6
4794.9
3892.8
3521.9
3261.4
2991.9
2826.1
2814.1
2669.9
2700.7
2639.9
2734.4
2584.7
2693.4
2811.2
2938.2
3027.3
3275.4
3480.9
3792.8
4068.6
4404.4
4718
5117.9
5529
5990.2
6491.4
6829.6
7282.1
7646.4
7954.7
8078.3
8349.7
8516
8584.5
8630.2
8749.9
8882.4
8945.2
8915.1
8844.6
8873.8
8891.5
8786.2
8542.1
8388
8105.5
7841.5
7620.4
7224.7
6910.8
6644.5
6335.6
6029.1
5748.4
5561.6
5366.1
5330.4
5219.4
5318.6
5616.9
5690.9
6043.5
6317.9
6798.3
7212.9
7796.2
8466.4
9156.4
9811.9
10557.9
11534.3
12498.6
13259.6
14007.2
14696.4
15128.8
15574.5
15697.3
15975.3
16011.3
15966.8
15976.4
15988.2
16148.2
16064.9
15906.1
15857.9
15843.8
15709.4
15546.4
15143.6
14711.8
14487.6
14174.2
13723.6
13268.8
12849.7
12364.7
12121
11724.6
11493.6
11373.1
11532.6
11565
11692.4
11711.3
11809.8
11867.8
11752.4
11601.2
11545.6
11581.6
11610.7
11809.5
12036.5
12314.5
13005.7
13630.9
14416.8
15463.6
16502.1
17433.4
18290.6
19215.8
19915.9
20721.5
21473.6
22040
22674.5
23311.5
23970.4
24466.3
24975.7
25307.1
25830.6
26156.6
26752.8
27285.9
27958.1
28179.7
28432.2
28526.6
28323.1
27819.9
26630.5
25346.4
23720.8
21994.6
20380.5
18999
17243.9
15671.8
14094.1
12769.5
11492.9
10517.6
9806.6
9487
9490
9645.6
9917.4
10215
10703.6
11388.6
12274.7
12991.4
13964
15054.2
16117.2
17319.4
18538.4
19867.9
21088.4
22343.8
23603.4
24746.1
25892.8
27168.4
28621.2
29935.2
31216.7
32603.1
33568.1
33918.9
33983.9
33943.3
33343.4
32446.1
31282.7
29986
28596.9
27127.7
25709.9
24159.4
22503.1
20534.3
18678.6
16988.8
15385.7
13994.9
12813.4
11808.3
10943.4
10180.8
9553
9068.9
8693.3
8237.7
7937.2
7775.1
7733.1
7778.1
8018.9
8122.9
8348.8
8660.2
9140.3
9756.5
10286.5
10860
11537.1
12450.8
13043.9
13702.7
14398.2
14976.3
15579.6
16047.4
16424.6
16784.2
17082.6
17495.1
17576.1
17775.8
17938.3
18073.9
18147.8
18178
18026.7
17825.2
17540
17302.2
16989.1
16418.8
16015.4
15630.3
15245.9
14920.7
14712.8
14751.9
14745.8
14752.9
14649.9
14570.2
14238
14319.7
13483.1
12734.7
11963.5
11311.2
10673.9
10009.1
9375.3
8781.6
8281.2
7578.7
6911.1
6301.1
5838.2
5276.6
4691.6
4064.7
3514
3164.6
2834.5
2633.3
2406.6
2406.3
2313.6
2374.2
2313.9
2370.2
2415.1
2492.3
2608.4
2741
2742
2891.3
3093.2
3151
3309.6
3444.4
3626
3804.4
4128.5
4276.9
4354.3
4305.4
4414.9
4506.1
4533.2
4488.1
4414.5
4373.5
4143.2
3940.9
3871.9
3703.6
3499.2
3518.4
3136.9
2974.1
2680.8
2570.3
2326.7
2170.7
1937.8
1807.8
1654.4
1531
1472.9
1444.7
1439.9
1387.3
1423.9
1404.6
1534.8
1586.9
1625.1
1668.1
1810.2
1920.6
2098.4
2222.4
2426.9
2594.9
2717.1
2941
3198.6
3513.8
3849.6
4106.5
4350.4
4507.2
4687.8
4917.1
4914.7
4902.2
4911.6
4936.7
4893
4823.4
4809.6
4617.2
4446
4268.5
4106.8
3899
3694.8
3375.4
3057.6
2834.8
2688.5
2410.8
2069.3
1957.5
1661.8
1531.6
1407.4
1332.1
1294.8
1245.9
1242.3
1190.3
1216.6
1163.5
1118.3
1134.4
1153.3
1209.3
1194.6
1265.3
1306.9
1294.5
1438.6
1440.7
1559.6
1653.5
1773.9
1866.4
2073.6
2262.6
2424.5
2654.8
2826.3
2938
3202.2
3216.3
3149.5
3128.9
3165.9
3173.5
3161.1
3419.3
3043.7
2996.6
2940.4
2834.7
2723.2
2634
2502.9
2160.3
1894.2
1800
1705.6
1488.3
1313.6
1125.2
1026.9
871.7
747.4
660.4
691.5
687.3
663.5
639.9
653.7
697.6
490.6
606.3
585.1
518.5
611.3
509.2
466.3
478
446.8
463.4
423.3
451.5
346.9
301.2
309.9
304
300.5
234.8
290.2
166.5
216.1
171.6
187.4
89.3
191.8
98.8
145.3
161.2
180.9
139.2
199.9
172.8
236.6
195.8
231.8
265.4
277.9
364.8
429.2
381
423.3
452.7
441.2
364.9
460.2
401.3
474.9
402.1
388.7
418.5
335.6
344
335.4
341.6
342.5
270.4
378.7
195.7
206.2
369.7
121.9
115.6
126.8
60.6
82.9
64.7
17.2
0
15.7
56.6
60.5
47.1
233.2
70
13.4
30.1
37.4
95.9
6.8
18.9
67.7
72.5
112.1
83.5
78.4
112.2
161.2
170
149.1
187.4
230.3
230.5
268
257.7
355.5
359.6
342
348
331.1
380.2
362
334
349.3
320.4
227.9
211.1
243.4
202.8
191.8
240.1
179
108.5
128.4
131.9
95.9
181.5
303.7
463.7
521.4
614.8
632.4
646.1
598.3
563.6
579.4
671.3
672.4
576.9
568.3
645.8
450.2
512
437.1
383.4
389
329.2
333.1
284.2
261.7
256.9
256.6
268.4
273.2
263.8
418.4
299.3
250
248.7
233.3
296.2
343.3
240.5
293
313.2
368.2
401.7
361.1
350.8
380.6
383.9
326.4
344.3
283.7
328.8
267.2
210.9
226.9
269.4
150.9
197.6
NaN