7302.7
6241
4313.7
2734
1626.1
1510.5
1804.3
2111.1
2562.8
3177.7
4029.7
5038.7
6462.7
8070.1
9909.8
12280.8
15206.8
18437.7
20746.8
20530.1
16216.6
10334.3
5242.6
2341.2
2165
2367
2668.8
3156.1
3866.4
4712.9
5880.6
7523.3
9233.9
11588
14313.1
17583.7
21682.4
26921.8
31572.8
34090.4
31903.7
23383
13783.4
5622.6
1856.8
1428.5
1279.6
1173.7
1146.7
1175.4
1039.5
1021
1029.8
1206.8
1242.7
1369.9
1548.1
1730.1
2052.1
2436.6
2584.2
2770.3
2579.8
2144.3
1595.3
1256.2
1084.3
1215.6
1379.7
1676.2
2128.5
2681.3
3363.9
4113.2
5029.9
6017.6
6583.6
6601.8
5681
4134.5
2680.9
1663
1473.6
1726.1
1774.3
2021.6
2176.1
2348.5
2959.7
3693.6
4773.6
6182
7756.4
9223.5
11432.2
13706.2
15253.3
15444
13377.9
9654.6
5892.3
2884.4
1963.2
2054.9
2283.4
2444.5
2876.4
3370.3
3954.7
4754.9
5748.6
6892.6
8482.8
10373.2
12499.1
14966.6
17973.7
22121.7
26843.9
29571.3
29711
26264
18969.4
11394
5156.3
2254.9
1945.3
2051.8
2075.4
2404.2
2577.5
2989.8
3495.6
4094.8
4963.6
5806.7
7111.6
8403.1
10134.4
12169.1
14596.6
17161.9
20427.8
25088
28862.2
30286.5
28763.6
23658.2
16141
9053.2
3939.8
2512.6
2542.4
2670.9
2910.3
3275
3677.9
4378.2
5029.5
5517.6
5514.2
5086.2
4105.2
3091.4
2089.8
1629.9
1601.6
1668
1777.9
1986.1
2323.8
2663.5
3198.7
3822.7
4532.3
5223.6
5993.8
7080.7
8195.7
8846
8793
7990.6
6164.1
4123
2387.1
1430.5
1312.3
1333.4
1398.5
1457.5
1606.7
1654.4
1809.1
1985.5
2268.9
2780.4
3460.3
4200.8
5236.6
6206.5
7178.2
8414.9
10166.2
11913.6
12821.2
12920.7
11794.6
9113.1
6012
3264.6
1759.5
1526.9
1465
1575.8
1625.7
1656.3
1774.4
1967
1995.7
2179.6
2458.5
2783.5
3143.9
3617.4
4221
4910.7
5687.8
6611.6
7642.9
8877.4
10388.4
12450.7
13953.1
14336
13659.7
11541.8
8301.1
4933.8
2288.3
1161.4
964.3
904.5
897.8
949.3
935.8
1123.2
1142
1205.5
1283.5
1419.5
1542.3
1770.3
1935.1
2211.5
2495.8
2859.9
3253.7
3709.2
4263.8
4985.4
5739.2
6634
7920.6
9189.1
9998.3
10022.9
9680.8
8436.1
6728.6
5106
3752.8
3142.2
2735.7
2006.9
1429.1
1160.9
885.8
948.7
903.1
898.9
903.2
969.8
1060.3
1148.9
1243.5
1379.8
1580.2
1819.8
2096.6
2319.9
2634.6
3016.9
3531.8
3991.9
4171.8
4199
3781.4
3208.7
2236.4
1390.1
757.1
549
496.6
519.4
547.9
560.4
588.6
628.4
663.6
703.6
916.9
775.8
807.7
928
1029.6
1331.2
1419.4
1715.7
1994.2
2307.4
2661.1
3002.8
3568.7
4243.1
4900
5139.2
5248.8
4852.9
4120.5
3061.6
2019.5
1292.9
1078.8
1056.7
1063
1022.8
978.3
941.2
847.3
813.2
730.7
767.3
823.5
836.9
880.6
989.3
1019.7
1112.4
1225.8
1477.4
1510.8
1691.3
1921.9
2171.7
2446.3
2817.5
3137.6
3689.5
4229.5
4882.3
5121.8
5037
4677.8
4140.5
3241.2
2131.5
1263.6
780.3
626.5
622.1
647.8
695.2
668.7
685.8
689.4
750
758.1
765.5
849.4
860.7
913.9
960
995.8
1102.4
1204.2
1425.6
1489.1
1692.6
1898.6
2290.4
2506.7
2771.2
2871.2
2990.4
3014.1
2984.3
2944.5
2919.2
2956.6
2994
2926.9
2701.5
2462.7
2041.5
1492.6
1094.8
742.1
670.5
664.6
694.7
782.3
800
858.4
960.7
1030.7
1163
1316.6
1422.4
1538.6
1687.8
1980
2228.2
2447
2439.4
2370.8
2224.5
1909.2
1530.8
1059.9
715.8
528.9
553.9
543.1
536.1
509.2
539.9
532.6
615.9
563
568.2
604.9
633.1
626.7
678.9
644.5
646.1
640.5
760.2
734.7
785.1
862.9
1015.5
1077.4
1359.9
1430.4
1621.1
1742.8
1959.5
2240.2
2604.2
2893.4
2960.3
2940.9
2900.6
2808.8
2522.3
2152.7
1869.9
1616.1
1521.6
1439.5
1373.7
1207.6
1087.5
903.4
726.9
617.4
544
605.8
660.2
767.4
905.9
959.4
991
1071.4
1196.7
1047.8
959.9
822.2
794.4
869.1
933
986.7
1032.7
1126.3
1176.7
1317.2
1408.6
1430.6
1593.9
1686.8
1816.3
1969.7
2140.6
2216.9
2195.3
2047.2
1940.4
1775.3
1431.6
1175.2
893.5
690.1
620.5
621.8
583.1
572.2
578.5
563.8
618.6
618.8
656.2
640.9
708.2
790.1
834.5
890.7
951.9
1004.9
975.8
936.5
880.1
909.9
728.5
643.2
538.6
497.2
498.5
492.8
516.2
632.2
601.3
603.2
689.9
687.8
720.3
723.4
823.3
843.4
901.3
972.1
1027.6
1057.7
1112.3
1066.8
1064.3
1035.2
1053.2
992.6
922.6
873.7
895.3
937.6
990.2
1032.5
1176.2
1243.4
1273
1217.6
1160.6
1144.6
1109.6
1074.9
885.7
793.9
718.5
679.9
667.5
563.2
554.9
603
578.1
560.4
506.8
589.3
520.8
516.7
513.5
480.1
543.8
565.9
596.5
717.3
650.7
691.4
698.6
732.4
807.5
823.9
865.7
885.8
949.9
991.4
1047.6
1108.6
1097.5
1141.1
1356.1
1353.4
1411.7
1452.2
1580.4
1667.7
1802.1
1873
1958.5
1971.8
1960.8
1979.8
1978
1978.8
1838
1720.8
1625.5
1548
1410.9
1302
1181.8
1058.4
929.4
855.8
806.1
780.6
737.5
683.9
672.2
654.1
621.9
539.8
557.1
528
567.3
577.5
676.5
713.9
592.4
551.1
594
558
537.1
562.6
516.3
521.1
533.6
548.9
543.4
508.1
545.1
531.3
575.5
531.9
522.3
613.8
544
539.3
546.8
605.1
597.2
664.9
756.6
764.1
692.1
689.3
733.2
639.3
650.1
701.3
651.4
695.8
794.7
855
928.9
1022.9
1215.3
1201.4
1360.4
1486.7
1578.5
1682.6
1689
1773.8
1876
1929
1925.1
2018.4
2010.6
2025.7
2011.3
2009.6
2080.8
2177.2
2103.9
2062.5
2022.4
2083.7
2163.2
2183
2189.2
2181.9
2222.4
2221.7
2183.8
2134.2
2123.1
2040.5
2019.6
1999.9
2010.7
1971.9
2078.4
2040.7
2118.8
2104
2098.2
2141.6
2146.9
2160.1
2113
2085.1
2153.8
2115.6
2084.1
2013.8
2066.6
2016.7
2044.9
2001.4
2009.9
1968.3
1981.3
1932.4
1879
1806.9
1733.8
1675.3
1590.4
1533.9
1492.2
1498.2
1454.3
1547.9
1517.4
1584.3
1657.7
1658.7
1735.3
1736.5
1674.6
1672.3
1629.5
1590.5
1517.8
1432.8
1431.4
1369.5
1325.9
1266.8
1263.4
1200.8
1243.6
1285.1
1326.5
1308.4
1316.5
1363.1
1297.5
1291.8
1275.7
1324.9
1272
1220.1
1262.9
1220.4
1232.6
1186
1204.2
1171.6
1228.6
1258.9
1335.8
1373.4
1408.7
1382.8
1388
1386.7
1385.9
1313.9
1219.6
1097.2
1136.3
895.5
823.1
809.5
728.3
702.3
697.6
692.6
706.7
721.5
766.5
715.2
777.3
795.3
761.3
802.1
825.3
852.3
887
924.4
927.2
942.6
1084.7
1045.2
1079.2
1110.1
1140.3
1147.1
1189.6
1218.2
1251.7
1276.2
1285.8
1318.8
1321.1
1429.3
1546.2
1586.3
1758.1
1837.5
2010.4
2214.2
2425.8
2720.9
3167.4
3650.3
4086.7
4674.5
5111.6
5420.6
5604.6
5763.2
5849.5
6010.5
6101.3
6130.4
6295.4
6410.6
6353.9
5967.7
5694.3
5461.6
5272.6
5292.6
5368
5696.4
6279.3
6913.4
7477.9
7926
8240
8447
8505.4
8722.5
8675
8801.6
8800.2
8921.4
8963.4
8653.6
7898.4
7356.4
6866.4
6514.2
6287.2
6383.2
6789.9
7390.9
8005.8
8553.9
9070.4
9323.4
9431.3
9512.2
9596.1
9733
9808.7
9896.5
10063.4
10080.1
9705.1
8922.7
8027.3
7425.3
6892.9
6635.7
6600.7
6963.3
7559
8142.2
8803.9
9431.3
9754.4
9959.9
9938.3
9979.1
10004.4
10214.2
10373.2
10376.5
10507.3
10384.1
9811.5
8911.4
7830.5
7113.3
6582.7
6202.3
6177.9
6564.9
6973.6
7516.4
8142.9
8790.4
9150.7
9239.1
9284.9
9015.6
8939.4
9073.8
9282.4
9299.6
9428.6
9483.2
8971.5
8312.6
7259.1
6536.3
5860.4
5473.1
5501.1
5802.7
6178.6
6664.6
7237.1
7870.7
8537.4
8831.9
8916.4
8763.6
8496.6
8482.4
8624.1
9015.9
9050.3
9233.7
9252.8
8903.5
8296.6
7188.9
6492.1
5703.7
5341.3
5296
5540.6
5751.2
6139.1
6677.8
7074.9
7716.9
8131.2
8241.7
8095.4
7689.3
7474.2
7447.8
7670.4
7936.3
7897.8
7916.7
7683.8
7527.4
6503.7
5332.6
4649.9
3898
3484.8
3371
3399.8
3325.9
3354.4
3473.1
3669.3
4116.9
4184.2
4291
4192
4019.3
3897.8
3949.4
4034.1
4405
4323.8
4491.3
4291.7
4140.1
3851.8
3183
2724.1
2361
2174.9
2274.4
2262.9
2384.4
2417.7
2440.6
2681
2866
3047.4
3029.6
3075.7
2912.1
2808.1
2677.1
2707.7
2851.7
2855.4
2732.2
2765.6
2690.6
2562.1
2395.7
2015.2
1765.6
1691
1663.4
1605.2
1689.6
1784.9
1881.2
2069.5
2260.9
2547.2
2937.4
3123.8
3440.9
3593.9
3687.5
3650.8
3431.8
3505.6
3466.5
3583
3634.4
3670.9
3607.4
3404.8
3390.3
3391.3
3140.9
2608.4
2339.1
2266.8
2408.9
2347.7
2388
2427.8
2664.8
2929.4
3276.2
3670.8
4185.4
4650
5236.6
5642.7
6060.5
6141.7
6038.3
5684.3
5528.3
5723.4
5847.8
6048.8
6193.3
6051.2
5692.2
5544.7
5586.3
5250.2
4477.6
3645.9
3341.5
3452.7
3468.9
3466.3
3410.7
3533.8
3733.6
4165.2
4628.9
5295.9
5997.9
6784
7436.4
8099.6
8628.6
8821.9
8596.1
8063.7
7743
8101.5
8388.2
8658.1
8880
8724.4
8219.5
7793.5
7991.9
7771.8
6719.4
5245
4691
4753.8
4962.8
4856.4
4676.2
4646.6
4838.1
5349.8
5898.8
6597.2
7346.8
8186.5
9226.4
10203.2
10935.2
11563.7
11763.9
11329.4
10682.2
10225
10798.8
11145.6
11507.9
11995.3
11726.1
11237.3
10410.5
10770.7
10568.6
9196.7
7015.9
5995
6167.9
6335.6
6331.7
6125.1
6116.8
6119.4
6725.6
7408.3
8219
9203.4
10243.3
11536.3
12852.4
14004.4
14911.4
15716.1
15548.3
15045.7
14108
13815.7
14471.5
14995.1
15328.1
16088.4
15756.6
14891.9
13831.5
14428.8
14199
12388
9610.9
8124.1
8376.9
9175.8
12035.1
17888.2
20434.4
19724.2
14324
11307.8
11257.4
12173.1
13281.5
14794.6
16531.7
17972.2
19248
20366.5
21029.6
20784.7
19915.6
18732
18696.4
19476.4
20128.2
20734.4
21426.9
20883.8
19900.7
18683
18984.7
18489.7
16109.1
12338.6
10171.6
9766.7
9789.5
9752.4
9398.3
8916.5
8605.7
8689.2
9183.4
9879.3
10869.4
11973.1
13206.1
14635.3
15948.2
17227.3
18299.2
19265
19552
19152.9
18292.2
17444
17386.4
17908.1
18327
18861.3
19189.9
18788.7
17872.8
17149.6
16856.6
16199.7
14159.7
11115.6
8974.7
8122
7881.4
7660.1
7432.6
6872.1
6611.2
6361.8
6472.1
6811.1
7255.2
7879.8
8481.7
9465.6
10316.3
11269.8
11976.2
12706.4
13042.4
13382.4
13062.4
12628.1
12023.5
12030
12171.1
12488.3
12744.5
12891
12672.4
12230.7
11703.3
11287
10673.1
9505.6
7754.3
6290.5
5457
4852.4
4552.7
4266.8
3905.1
3616.3
3360.9
3138.4
3146.8
3172.1
3425.9
3632.9
3882
4269.6
4508.6
4832.7
5083
5347.7
5503.7
5560.8
5497.8
5290.1
5161.1
5093.8
5122.9
5119.1
5362.6
5252.9
5230.6
4985.6
4858.8
4615.5
4381.2
3888.2
3322
2800.2
2352.2
1961
1720.7
1509.4
1386.3
1234.9
1065.8
886.3
849
707.7
644.1
646.3
559.3
575.3
546
600.5
560.8
552.6
527.7
520.1
507.2
496.7
495.7
531.3
558.8
498.1
492.4
528.5
589.1
535.1
545
560.2
610.5
626.6
589.7
730.1
628.2
592.3
591
623.9
614.1
710.6
659.7
688.3
664.1
725.6
806.2
855.1
943.2
937.8
927.9
929.4
908
895
884.9
911.7
970.8
1031.7
990.9
1043.9
1068.2
1130.8
1240.3
1221.9
1284.1
1344.7
1484.2
1562.6
1793.8
1866.9
1984.9
2184.1
2441.1
2660.1
2836.9
3044
3278
3865.6
5713.7
6382.7
5568.5
3346.2
1617.4
1399.4
1404.7
1569
1549.4
1651.3
1776.4
1973.2
2132
2445.4
2641.2
2965.2
3395.5
3727.1
4245.5
4767.4
5365.6
5982.4
6784.6
7626.6
8476
9429.2
10514.2
11630.2
12895.6
14169.1
15263.5
16602.1
19126.1
24777.3
31251.6
32314.3
26405.5
15281.9
7553.2
4645.8
3834.6
3444.4
3207.6
3021.4
2777.7
2686.7
2676.7
2545.3
2636.7
2559.5
2687.5
2622.8
2776.4
2847.8
3040.1
3166.9
3409.4
3691.5
3953.3
4252
4575.2
4943
5345
5815.3
6267.9
6655.5
7064.6
7459.6
7647.2
7985.9
8085.9
8270.3
8470.7
8408.6
8512.6
8582.8
8714.2
8694.4
8661.5
8641.5
8716.5
8607.7
8383.4
8227.6
8027.7
7667.4
7454.2
7162.4
6793.6
6520.4
6212
5896.2
5635
5374.6
5196.9
5095
5145.2
5121.6
5308.3
5544.5
5813.4
6105
6469
7050.9
7530.2
8105.4
8845.5
9544.3
10326.1
11090
12069.1
12920.3
13818.9
14467.9
14867.9
15207.9
15450.4
15645.3
15765.1
15631.4
15605
15624.2
15670.3
15769.8
15577.4
15406
15501.1
15439.9
15268.9
14829
14467.6
14126.6
13878.1
13501.1
12918.4
12400.9
12089.5
11751.5
11472
11171.9
11108.7
11218.3
11334.8
11445.8
11470.2
11544.7
11654.1
11486.2
11315.8
11208.2
11268.2
11309.2
11430.2
11607.4
11872
12389.4
13186.1
13994.1
14921.1
15887.8
16898
17865.9
18680.9
19398
20175.8
20862
21646.4
22013.6
22557
23237.7
23879.8
24211.8
24642.5
24988.5
25449.9
25904.9
26497.7
26979.1
27447.4
27601.8
27934.6
27593.6
27129.6
26221.5
24727.2
23337.5
21497.8
19826.8
18294.5
16832.7
15099.7
13626.8
12222.9
10978.5
9959.3
9365.8
9021
9045.5
9169.7
9468.3
9819.8
10241.8
10832
11547.3
12474.3
13264.2
14341.9
15443.4
16688.4
17831.9
18970.7
20270
21405
22567.4
23872.3
24855.9
26063.2
27335.4
28853
30005.1
31106.2
32344.6
32912.4
32831
32587.4
32198
31535.8
30204.7
28994.5
27710
26262.9
24816.3
23202.4
21555.5
19802.8
17981.8
16333.8
14689.2
13388.3
12216.6
11403.6
10531.2
9834.5
9185.9
8683
8271.3
7937.1
7582.1
7436.3
7404.4
7500.4
7602.9
7875.7
8095.1
8374.3
8779.9
9298.6
9991.1
10528.4
11140.5
11894.6
12672.3
13319.3
13997.6
14606.2
15065.6
15579.9
15949.7
16332.5
16631.2
16904.9
17153.2
17276.4
17432.7
17557.4
17685.2
17573.7
17487.1
17288
17123.9
16754.6
16495.4
16044.2
15516.8
15170.1
14746.3
14402.2
14159.8
14158.6
14105
14140.6
14054.8
13799.5
13612.2
13256.3
13111.1
12116.9
11362.7
10740.1
10143
9444.1
8863.9
8331.6
7745.3
7156.8
6557.9
5956.8
5457.4
4970.3
4381.6
3854.6
3313.1
2958.1
2754.5
2535.2
2422.3
2255.8
2288.3
2250
2329.3
2288.7
2369
2441.3
2557.5
2630.9
2785.1
2856.4
2983.2
3149
3207.5
3407.1
3591.1
3777.9
3963.9
4185.8
4304.2
4338.8
4395.7
4412.4
4471.2
4432.4
4351.4
4227.7
4181.5
3907.7
3775.7
3568.6
3456.7
3280.4
3290.2
2883.2
2639.2
2401
2335.2
2086.7
1924.5
1691.2
1588.6
1467
1398.8
1374.3
1378.9
1388.8
1334.9
1376.4
1428
1551.4
1597.1
1660.2
1738.7
1879.6
1996.3
2179.6
2315.1
2493.9
2737.1
2863
3132
3395.3
3717
4016.8
4208.5
4436.2
4570.8
4692.5
4831.9
4763.8
4819.1
4808
4745.2
4715.7
4613.8
4570.2
4279
4097
4011.8
3812.9
3555
3249.2
2967.4
2746.5
2560.3
2346.5
2078.7
1770.3
1665.1
1472.5
1389.8
1293.1
1239.5
1230.2
1179.3
1185.3
1110.1
1159.7
1145.6
1136.5
1111.5
1143.8
1203.3
1195.3
1275.8
1314
1312
1465.6
1451.5
1598.3
1706.9
1797.7
1925.6
2147.5
2410.7
2563.3
2780.9
2844.5
2940.8
3116.7
3126.6
2999.5
3042.5
2979.9
3066.5
3061.5
3231.1
2882.6
2772
2701.1
2652.8
2507.4
2290.4
2109.1
1867
1698.3
1628.7
1467
1225.1
1076.7
934.6
882.1
744
682.2
662.3
680.6
668.7
630.3
679.9
668
680.4
522.9
607.1
585.3
547.6
622.2
521.1
485.2
481.1
490.9
478.5
422.9
427.7
355.3
322
318.5
328.9
311.3
221.8
258.5
162.6
203.8
203.4
197.5
100.2
208.6
112.2
165.2
169.9
201.1
158.2
231.9
198
251.1
225.9
260.7
319
345.9
406.7
474
426.6
496.9
483.4
469.9
432
456.4
406.3
456.7
426.8
406.3
431.2
360.2
333.1
324.5
319
317.4
270.7
313.4
176.4
171.5
320.5
81.1
119.2
123.5
68.3
81.6
61
31.9
2.7
0
61.1
42.7
83.6
230.5
88.9
31.8
30.1
65.2
114.3
64.1
67.5
93.5
68.8
117.6
114.8
94.3
172.1
184.7
208.2
177.1
199.6
274.7
267.1
305.1
334.5
351.5
386.5
339.3
351.7
378.8
358.4
367.5
302.8
313.5
286.8
218.6
218.2
235.4
176.6
153.4
196.4
167.3
133.2
122.4
142.5
162.2
275.3
421.1
560.3
584.5
589.3
560
547.4
515.7
543.3
542.2
641.2
618.3
534.8
493.7
473.3
344.7
453.9
364.2
331.5
333.5
263.9
277.7
227
245.9
228.2
231.1
260.5
263.6
259.6
396.1
286.8
247.9
263
224.3
265.9
343.8
232.5
301.2
292.7
339.4
384.5
357.9
338.6
377.3
365
308.5
327.2
281.4
288.7
213.5
183
192.9
209.1
105.6
145.6