NaN
3953.1
2380.8
1219.3
1310.5
1488.7
1763.5
2221.5
2705.9
3385.7
4348.9
5528.5
6923.4
8698.3
10610.2
13124.5
15721.6
17851.3
18841.3
15678.6
10181.1
5014.1
2149.2
1840.4
2045.1
2465.3
2857.8
3389.9
4180.4
5257.8
6532.8
8173.8
10428.4
12593.4
15560.1
19026.2
23230.5
27371.7
31097.1
31101.7
24019.2
14063.8
5520.6
1546
1131.4
1041.3
973.8
920.9
792.8
804.2
918.9
773.2
748.1
836
1060.6
1039.6
1217.7
1460.8
1664.1
1909.2
2176.7
1998
1690.5
1180.1
919.1
786.4
874.8
944.5
1125
1441.3
1932.1
2495
3073.2
3722
4348.1
5095.7
5548.2
5076.3
3656.9
2281.8
1284.7
1154.5
1179.9
1303.9
1656.5
1674.8
2090.3
2331.1
2770.5
3801.4
4792.4
6082.7
7401
9046.6
10768.1
12545.7
13532.5
12598.1
9222
5502.2
2649.6
1676.6
1629
1818.6
2087.7
2426.4
2757.2
3263.9
3944.6
4769.4
5777.5
7135.5
8582.5
10432.2
12705.6
15102.8
18017.4
22126.1
25967.3
27960.4
26191.1
19126.9
11491.9
5035
1873.4
1699
1672.7
1761.8
2018.8
2176.6
2593.6
2959.2
3522.4
4225.5
5149.7
6201.3
7336.7
9061.9
10733.2
12811.7
15168.7
17955.8
21431.8
25883
28836.3
29030.9
24376.5
16755.5
9293.5
3623.4
2043.4
1993.9
2028
2287.2
2479
2750.3
3187.1
3820.7
4457.6
4602.6
4411.1
3566
2557.4
1679.6
1241.5
1187.3
1323.7
1396.7
1513.1
1725.2
2104.4
2637.1
3044.9
3578.8
4199.8
4761.6
5436.5
6547.1
7334.5
7769.7
7185.7
5527.5
3685.4
2009.2
1118
1042.1
1041.3
1050.7
1111.5
1231.2
1332.6
1506.7
1594.5
1783.2
2154.7
2688.6
3502.1
4359.1
5220.3
6185.5
7067.1
8300.8
10110.6
11619
12127.5
11138.1
8754.7
5802.5
3020.1
1453.1
1214.4
1254.9
1288.3
1273.4
1424.5
1529
1573
1730.1
2046.3
2128.8
2375.9
2723.4
3173
3713.3
4299.9
5112.7
5869.9
6794.1
7950.9
9174.4
11026.8
12927
13880.1
13425
11518
8311.6
4846.4
2123.5
897.8
758.2
746.1
695.8
730.8
700.1
818.4
762.2
1043.5
1112.3
1196.4
1316.2
1470.8
1624.1
1949.1
2119.3
2531.5
2887.6
3291.6
3859.1
4384
5089.1
5959.8
6977.2
8325.6
9459.4
9855
9509
8049.8
6349.2
4582.2
3263.7
2736.6
2248.3
1639.1
1218.3
796.9
703.3
895
718.3
798.9
736.4
726
752.1
845.9
959.6
1122.7
1264.4
1445.4
1626.6
1804.8
2054.6
2315.8
2746.9
3266.4
3670.7
3670.4
3408.9
2905.2
1897.8
1145.7
478.8
344.8
307
322.3
286
336.5
366.8
366.8
454.1
487
501.7
550.8
844.6
634.6
713.5
900.4
1089.9
1515.3
1565.3
1894.5
2232.4
2480.4
2893
3372.2
4151.5
4712.1
4899.4
4536.5
4022.5
2863.6
1808.4
1111
873.5
927.9
948.8
964.5
859.9
742.2
695.7
651.8
554.3
601
587.9
643.3
699.9
749.8
768.3
925.1
1012.6
1099
1280
1594.4
1597.7
1818.5
2107.7
2384.1
2739.8
3172.8
3584.8
4301.2
4799.2
4937.3
4576.7
3993.7
3070.1
1915.2
1027.7
503.9
444
483.4
426.8
438.7
440.9
509.2
443.9
498.7
537.9
596.6
592.7
612.1
706.7
717.2
803.2
805.1
880.5
977.3
1118.2
1368.9
1483.4
1708
1987.4
2321.1
2489.5
2561.5
2597.5
2589.6
2483.8
2443
2651.3
2818.9
2804
2692.6
2352.3
1841.3
1348.3
814
583.1
608.5
504.9
493.2
481.7
536
647.7
682.9
722.3
837.9
913.2
1054.7
1194.3
1289.1
1461.7
1682.7
1964.8
2081.5
2063
1894.5
1678.3
1289.3
824.2
486.8
298.1
308.3
300
346.7
333.3
335
312.1
360.2
353.7
474.4
349.2
410.7
446.2
460.8
459.7
546.4
518.9
460.1
498
634.5
646.1
722.7
832.4
1014.7
1112
1361.6
1461
1616.4
1798.4
2115.1
2482.1
2702.3
2801.8
2694.8
2663.8
2421
2064.4
1710.8
1525.3
1569.6
1520.8
1383
1227.2
1093.1
807.7
585
462.3
319.4
324.3
374
577
614.7
702.7
751.9
827.5
940.5
856.5
820.8
617.4
560.8
624.7
601.6
769.8
808.1
882.2
931.5
1036.9
1041.8
1243.4
1276.1
1322.3
1486.5
1646
1755
1940.7
1975.5
1849.4
1749.2
1583
1325.5
966.7
608.7
466.9
413.4
338.2
359.2
381.6
345.7
342.8
402.2
328.5
405.8
418.9
450.5
419.5
482.1
614
705.5
680.8
710.3
690.5
638.9
599.5
502.1
491.6
296.3
246.5
266.1
347
323.9
337.2
377.4
539.6
440.4
419.1
527.6
508.5
569.6
591.3
654.6
670.3
741.3
880.4
812.5
871.4
879.4
850.9
773.2
703
664.7
629.3
620.4
637.3
743.4
748.7
830.8
900.7
959.2
1015.9
1015.1
918.9
870.7
788.9
674
637
474.8
440.5
405.8
454.6
461.8
348
346.2
374.5
349.8
347.6
267.5
393.3
280.1
272.9
297.9
273.7
353.2
374.3
444.4
612
471.1
508.9
507.9
557.9
594.6
647.8
727.1
697.8
767.8
820.9
829.2
924.4
930.6
1004.5
1219.1
1175.6
1266.8
1295.4
1519.9
1590.4
1650.7
1719.8
1741.6
1786.9
1788.7
1759
1731.7
1665.5
1508.8
1432.4
1292.2
1154.6
989.6
771.6
617.7
584.9
503.3
510.2
480.5
417.1
357.7
338.6
406.9
390.1
399
320.8
304.9
302
324
386.4
478.6
545.5
347.3
296.6
318.4
329.2
302.7
361.1
319.7
318.7
298.4
349.4
341.9
291.7
316.6
329.4
330.8
296.5
319
450.2
376
325.7
360.4
489.5
446.1
448
561.5
553.1
455.9
433.9
402.7
363.8
384.3
533.7
496
568.7
673.6
688.1
824.5
899.1
1076.2
1101.6
1211.7
1360.5
1375.8
1428.3
1446.8
1550
1598
1616.2
1599.1
1640.6
1628.6
1612.7
1605.6
1588.8
1681
1810.4
1640.5
1665.9
1653.6
1685.5
1771.7
1728.1
1773.8
1791.5
1807.4
1759.4
1688.9
1652.4
1647.3
1577.8
1533.7
1560.6
1611
1594.4
1756
1671.6
1717.1
1694
1714.3
1714.3
1701.4
1726.8
1686.2
1642.3
1697.9
1692
1696.9
1598.2
1641.2
1579.6
1593.1
1534.3
1493.5
1558.5
1529
1444.3
1359.4
1339.2
1236.7
1161
1108.5
1071
1107.4
1152.1
1135.1
1293.7
1208.3
1237.4
1279.4
1353.7
1348.6
1309.1
1280.7
1240.7
1155.9
1127
1080.7
1044.2
1027.7
1034
934.2
937
969.7
935.9
967
1050.6
1102.9
1056.9
1039.6
1092.5
1030.7
1009
1012.6
1037.1
1055.6
944.3
992.2
947.5
974.4
953.1
1006.3
1038.3
1082
1142.9
1234.1
1265.7
1255.2
1230.1
1246.4
1199.9
1167.8
998.6
878.4
757.4
789.1
494.4
468.2
558.1
456.5
481.5
487.3
465.9
471
491.3
582.9
519
642
599.1
573.5
608.8
642.1
676.7
685.9
704.2
749.1
743.8
910.3
857.2
883
963.2
1007.7
974.5
1028.8
1005.8
1074.9
1110.6
1096.6
1156.2
1177.7
1282.2
1428.9
1467.8
1671
1701.4
1898.7
2122.7
2387
2764.5
3224.9
3733.5
4095.8
4513.7
4675.5
4892.5
4932.2
4971.7
5062
5161.2
5262.8
5416.3
5485.3
5274.4
5052.9
4633.9
4542.4
4384.3
4362.9
4706.3
5097.4
5575.2
6174.2
6739.9
6971.5
7165.8
7279.4
7299.9
7382.9
7638.6
7574.3
7718
7778.7
7487.3
7100.7
6680.6
5985
5673.6
5344.4
5422.4
5634.2
6140.5
6632.7
7247.7
7803.7
8012.5
8256.1
8216.2
8225.7
8286
8493.9
8647.6
8680.4
8827.7
8662.3
8176
7377.3
6663.3
6139.1
5708.9
5593
5880.8
6308.4
6854.7
7500.5
8087.1
8613.6
8821.6
8774.2
8804.9
8749.6
8779.3
9139.5
9214.9
9298.6
9342.6
9027.9
8422.8
7365
6600.4
5857.3
5400.2
5433.9
5613.3
5978.3
6444.1
6888.5
7516.5
8040.3
8320.1
8332.1
8089.1
7990.2
7804.9
8102.6
8355.3
8330.9
8508.1
8361
7880
6905.6
6016.5
5316.7
4963
4756.7
4956
5288.1
5710.8
6217
6778.4
7439.4
7865
8117.2
8021.8
7760.5
7615.6
7570.7
7962.1
8253.2
8286.3
8339.9
8359.7
7956.1
7103.1
6059.3
5362.6
4987
4715.7
4873.7
5146.7
5416.6
5730.9
6167.8
6783.6
7240.8
7544.6
7651.5
7282.8
6962.9
6800.4
6723.6
7228.8
7272.2
7202.1
7140
6939
6429.4
5752.1
4481.1
3775.6
3287.3
3115.9
3001.3
2855.6
2998.7
3031.8
3118.7
3313.8
3605.9
3970
3801.7
3725.5
3478.4
3434.7
3424.2
3679.7
3894.8
3960
3794.7
3971.7
3589.9
3163.2
2478.8
2137.6
1885.3
1866.1
1898.6
1917.1
1985.7
2081.5
2180.1
2251.7
2483.3
2633.2
2639.6
2471.2
2422.1
2303.3
2255.7
2264.4
2307.2
2461.1
2263.7
2208.1
2217.9
2086.7
1732.9
1495.5
1335.8
1253.2
1333.8
1326.3
1295.4
1400.6
1558.6
1711.1
1896.1
2125.7
2401.3
2702.1
2877.3
3071.5
3002.1
2889.6
2802.7
2806.1
2943.6
2893.4
3045.6
2996.6
2871.9
2785.9
2785.1
2691.5
2381
2035.4
1809.9
1848.5
1928.3
1945.5
1977.6
2122
2254
2597.4
2904.2
3318.5
3763
4190.4
4628.6
5009.7
5244.3
5366
5016.1
4748.7
4701.7
4892.4
5084.7
5198.5
5260.6
4995.3
4746.7
4716.8
4722.1
4282.5
3432.5
2912.6
2821.8
2951.9
2966.2
2890.8
2966.7
3019.7
3444.5
3731.4
4286
4765.8
5488.3
6158.9
6828.8
7230.2
7661.6
7650.2
7387
6953
6815.2
7195.4
7437.9
7697.3
7860.5
7463.8
7071.8
6709.4
7020.6
6495.9
5400.1
4195.3
4154.1
4322.5
4351.3
4257.1
4151
4140.3
4461.7
4969
5400
6176.4
6863.4
7678.8
8566.1
9378.7
9969.3
10523.7
10262.1
9953.5
9282.2
9322.1
9834.9
10123.5
10438.8
10698.4
10342.4
9776
9310.9
9630.2
9014.8
7521.8
5800.9
5435.7
5597
5814.8
5651.7
5549.9
5565.1
5826.4
6379
6984.4
7823.7
8698.4
9772.8
10939.1
12046.5
12930.7
13843.9
14354.2
14168.5
13371.6
12625.4
12761.1
13465.3
13710.9
14367.4
14487.3
14127
13369.3
12673.3
12948.3
12414.1
10484.7
8173.7
7642
7928.6
9357.8
13332.7
17806.1
19397.8
16933.7
12310.2
10614.9
10851.8
11708.6
12806.5
14269.9
15734.7
17177
18133.1
18946.9
19304.6
18954.9
17897
17265
17535.8
18194.9
18694.7
19450.5
19461.9
19092.9
18038.4
17361
17218.5
16128.9
13503.3
10593.4
9320.8
9048.1
8940.1
8851.7
8477
8225.4
7937.6
8183.4
8728.3
9414.4
10392.1
11390.9
12663.3
13960.7
15210
16177
17212.9
17790.3
17994.4
17373.5
16621.7
16142.7
16314.3
16756.4
17312.1
17527.3
17536.7
17054.7
16173.9
15673.8
15368.7
14161
12046.5
9682
8131.3
7487.2
7169.1
6917.7
6640.6
6441.9
5989.8
6021
6072.2
6381.3
6938.4
7495.5
8229.4
8957.8
9809.7
10598.4
11318.8
11837.9
12248.6
12134.3
11933.9
11441.5
11265.7
11109.7
11355.9
11679
11786
11810.2
11513.3
11148
10685.9
10219.1
9398.2
8057.7
6781.7
5538.6
4839.6
4421.2
4022.8
3761
3516
3154.5
2999.2
2889.3
2858.2
2944.8
3106
3430.3
3641.7
3911.1
4320.5
4472
4800.9
4970
5050.6
5070.8
4986.8
4829.8
4726.3
4699.5
4681.4
4813.2
4741.8
4898.1
4672.2
4606.5
4386.1
4164.8
3787.7
3307.1
2841.5
2264.7
2009
1707.3
1419.8
1215.9
1068
916.3
801.8
651.2
512.9
536.1
411.8
361.9
362.3
286.7
357.2
302.7
405.6
356.8
336.2
298.6
291.7
279.2
290.9
268.6
298.3
355.5
250.3
270.1
304.7
388.8
306.6
321.5
355.4
416.2
448.4
369.5
537.9
389.2
362.3
367
426.5
387.6
515.5
444.6
488.7
435.5
501.9
667.6
651.9
712.8
633
613.9
673.1
662.6
703.6
631.4
699.5
733.5
849.1
787.6
800.2
844.5
883.5
1055.7
1021.5
1106.3
1123.9
1272.6
1360.9
1691.1
1711
1847.7
2010.2
2286
2452.5
2593.6
2855.9
3606.3
5213.1
5498.9
4453.5
2286.1
1256.7
1206.2
1165.7
1248.9
1464.6
1400.8
1538.6
1737.1
1881.2
2135.6
2430.4
2695.6
3084.3
3514.4
3878
4474.6
5019.1
5709.6
6391.7
7229.6
8018
8907
9964.8
10966.9
12175.4
13346.4
14546.2
15884.9
18956.3
24394.5
29302.4
28922.2
22050.9
12494.4
6709.9
4051.4
3436.6
2984.1
2769.5
2593.6
2504.5
2293.5
2245.8
2287.5
2244
2379.1
2316.2
2530.4
2448.1
2582.1
2683.5
2936.3
3069.9
3348.3
3577.2
3948.4
4298.7
4629.1
4991.4
5392.4
5769.5
6228.4
6533.4
6822.6
7123.2
7196
7566.7
7572.3
7748.1
7758.6
7863
7968.9
7972.3
7977.6
7976.4
7898.2
7952.1
7871.9
7617.8
7418.7
7201.4
7091.9
6811
6403.4
6191
5875.5
5639.2
5369
5139.3
4973.5
4804.5
4698.7
4698.5
4875.4
4952.9
5165.4
5512.9
5771.7
6137.3
6558.1
7220.2
7669.8
8282.3
9001.5
9766.9
10486.4
11263.7
12098.7
12878.2
13385.6
13727
14074.3
14256.1
14552.4
14583.8
14696.9
14556.4
14506.7
14671.9
14583
14594.3
14380.8
14382.7
14368.5
14167
13672.3
13253.5
13089.3
12791.4
12481.4
12021
11496.9
11187.5
10967.9
10604.3
10445
10353.9
10440.6
10570
10636.1
10630.8
10716.2
10701.8
10643.9
10540.3
10409.4
10540
10707.6
10862.6
11055.5
11501.7
11908.1
12628.9
13548.9
14319.3
15210.7
16139
16964.5
17749.2
18319.7
19108.8
19815.8
20415.6
21071
21304.5
21901.1
22568.9
23078
23269.9
23591.1
24065
24627.5
25032.5
25637.9
25870.8
26085.8
26168.4
25840.6
25328.5
24411.6
23082.7
21541.3
20065.3
18478.6
17107.3
15642.4
14393.5
12857.3
11694.5
10507.3
9722.8
9096.2
8833.6
8682.6
8916.6
9223.7
9579.3
10098.5
10611.1
11320.8
12154.3
13206.4
14001.7
15107.2
16245.1
17495.9
18537.8
19708.3
20939.3
21926.8
23039.7
24219.2
25419.7
26580.3
27922.1
29223.8
30211.4
31010.1
31508.3
31662.3
31301.6
30802.7
30170.8
28945.9
27566.7
26358.1
25149.7
23730.2
22209.2
20539.4
18857.6
17249.4
15643.4
14095.3
12810.9
11795.8
10774.3
10096.3
9410.3
8845.4
8333.7
7929.3
7641.7
7414.6
7252.1
7186.9
7213
7329.7
7503.4
7915.5
8112.7
8463.3
8928.8
9513.8
10254.8
10778.5
11374.7
12072.8
12881.8
13400.4
13868.3
14452.3
14833
15217
15523.5
15929.3
16002.6
16261.8
16509
16516.8
16632.7
16794.9
16751
16516.3
16490.3
16260.3
16088.9
15543.7
15084.5
14662.8
14271.5
13944.9
13643.3
13452.7
13282.8
13219.9
13176.6
12943.7
12818
12524.5
12217.9
11561
11344.1
10214.7
9647.4
9072.8
8553
8017.9
7413.2
6958.2
6439.6
5888.9
5364.4
4949.2
4418.5
3983
3433.9
3058.2
2711.7
2435.3
2308.3
2141.7
2067.2
1983.6
2049.8
2014.2
2155.2
2110.5
2219.5
2257.7
2398.4
2511
2648.1
2667.5
2866
2990.2
3031.2
3250
3461.5
3654.9
3740.5
3921.4
3936.5
3979.8
4018.7
4015.9
4013.9
3887
3787
3652.7
3632.3
3401.7
3232.5
3086.7
2991.4
2795.7
2807
2340.7
2181.5
2046
2000.9
1715.9
1590.9
1392.9
1338.8
1303.3
1214.5
1264.4
1303.7
1339.9
1270.3
1320.2
1335.1
1499.9
1576.8
1636.4
1728.9
1884.2
1994.7
2168.5
2313.2
2534.6
2837.4
2912.2
3216.7
3475.6
3705.9
4023.6
4157.8
4342
4382.2
4423.6
4636.7
4474.3
4445.4
4426.8
4378.4
4298.7
4220
4102.2
3808.7
3660
3583
3404.9
3018.3
2790.8
2589.3
2382.8
2187.9
2004.5
1708.8
1476.1
1473.8
1244.2
1194.1
1120.3
1110
1097.1
1070.3
1093.9
1025.2
1095.2
1072.6
1042.2
1066.8
1058
1155.3
1121.8
1286
1325.9
1283.5
1502
1489.8
1658
1748.3
1869.4
2016.6
2285.7
2641.8
2713.2
2821.6
2859.9
2855.5
3083.1
3034.5
2913.4
2875.2
2891.4
2951.9
2916
3204.8
2690.2
2600.7
2505.4
2452.3
2198.9
1973.7
1866.2
1689.6
1499
1395.4
1269.4
979.1
884.9
765.7
738.1
630
544.7
554.5
580.5
585.1
593.4
505.2
569.3
578.9
395.4
499.7
464
431.3
557.7
410.9
384.9
360.4
357.6
360.9
343.7
326.9
239.6
207.7
231.8
242
264.1
115.2
251.9
133.1
186.2
133.3
178
65.2
244.5
72.1
153.6
164.1
184
152.1
213.9
193.2
263.7
205.5
296.3
351.6
335.3
421.2
469.2
416.8
441.7
434.6
386.4
377.8
427.9
342.2
424.6
363.9
353.8
364.2
283.1
224.5
280.8
302.2
292.6
235.2
345.7
144.9
152
346.3
102.4
113.1
117.7
34.2
72.6
66.5
34.5
0
1
60.2
74.6
112
294.6
78.1
40.6
51.9
64.3
137.4
62.1
68.5
84.4
105.2
166.7
128.5
114.6
212.8
188.5
247
225.5
223.8
311.9
361.5
350
347.2
373.6
391.5
360.4
314.3
380.6
371.8
360.6
287.6
354.4
326.3
248
204.1
238.8
186.7
153.2
236.4
196.1
172.5
189.7
223.4
260.4
375.9
484.3
655.7
650
533.7
513.3
555.6
504.3
545.6
547.4
668.3
623.6
507.9
420.9
472.9
364.7
493.4
373.6
384.9
385.3
320.7
359.1
279.8
287.9
320.7
285.9
320.4
386.6
313.2
551.6
378.9
329.2
333.4
312.8
368.1
404
334.7
373.4
393.1
452.3
529
464.3
400.7
417.4
399.3
332.8
411.4
316.1
330.5
269.9
226.9
236.4
256.5
196.2