6882.2
5275.5
3492.2
1927.7
1379.2
1549.6
1816.3
2205.7
2733.3
3424.2
4374.1
5587.8
6958.4
8640.3
10782.3
13260
16295.8
19410.2
20975.3
19191.2
13721.6
7803.9
3246.1
2120
2157.4
2397.5
2815.7
3441.8
4176.6
5125.9
6574.9
7993.1
10023
12583.7
15519.6
18910
23428.5
28336.6
32889.5
34416.1
29265.9
19295.8
9839.4
2887.8
1481.1
1278.6
1131.5
1067.6
1174.7
985.6
945.1
940.4
1079.9
1014.3
1182.9
1343.8
1495.1
1742.8
2084
2278.6
2596.3
2601.2
2379.9
1767.7
1314.1
999.5
1010.5
1146.8
1363.5
1679.7
2139.5
2783.7
3490.1
4233.5
5128.3
5973
6513.5
6220.7
4939.2
3391.7
2017
1403.3
1541.5
1575.8
1870.7
2002.2
2085.3
2514.4
3044.6
3936.1
5113.2
6715.4
8008.1
9625.8
11876.6
14073
15588.8
15221.7
12070
8010
4250.4
2078.8
1960.1
2096.1
2211.2
2531.6
2949.4
3491.5
4159.1
5005.7
6064.8
7329.2
8977.8
10969.2
13232.8
15886.4
18941.4
23348.5
27782.8
30371.3
29851.4
24127.2
15867.9
8462.4
3125.3
1923.5
1976.8
1926.7
2174.5
2350.5
2657.3
3107.7
3641.3
4409.1
5168.5
6306.2
7464.2
8945.2
10800.8
13028.9
15465.2
18156.5
21668.3
26426.8
29913.6
31222.2
28315.7
21097.4
13177.4
6441.8
2750.4
2391.5
2447.6
2617.8
2897.6
3254
3825
4369.9
5050.5
5468.7
5409.8
4675.5
3574.6
2492.5
1760.4
1500.8
1538.3
1641.5
1775.1
2065.4
2271.8
2718.3
3304.4
4008.3
4658.2
5334
6059.3
7210
8327.6
8916.9
8727.7
7400.1
5255.1
3249.8
1664.9
1231.3
1210.1
1262.4
1307.2
1449.9
1513.7
1651.3
1772.7
1985.6
2353.4
2915.1
3581.3
4512.6
5456
6488.4
7536.4
8820
10579.3
12254.9
13347.4
13049.9
11047.2
7833.2
4674.9
2284.1
1496.5
1383
1447.5
1536.5
1523.2
1616.1
1819.3
1813.6
1987.9
2228
2467.5
2823.5
3194.6
3772.8
4373.3
5120.7
5992.8
6940.2
8071.5
9237.8
10937.6
13098.7
14603.3
14966.7
13532.6
10542.4
6910.6
3646.4
1523.6
984.6
884.4
808.3
869.7
815.2
996
1042.5
1104.6
1108.5
1240.8
1366.7
1584.6
1690.2
1964
2221.6
2534.9
2938.5
3287.9
3864.7
4485.5
5184.2
5995.2
6957.6
8391.2
9774.3
10403.1
10406.2
9442.9
7842.6
6041.4
4379.7
3367.1
3032.5
2314.7
1705.2
1288.3
848.8
869.3
822.7
812.7
849.6
874.2
915.7
1003.1
1075.5
1250.2
1362.7
1579.3
1820.2
2087.6
2327.5
2642.4
2986.2
3491.3
4002.9
4326.2
4080.5
3624.2
2745.7
1813.7
967.6
546.3
436.9
419.1
466.6
475.9
483.5
548.9
580.2
613
852.6
682.3
679.8
785.2
904.2
1189.4
1162.1
1452.6
1766.6
2017.1
2342.1
2614
3043.2
3660
4431
5045.3
5478.9
5291.2
4648.8
3690.1
2575.9
1580.1
1090.3
1015.3
1048
1021.6
958.3
944.6
791.5
764.2
678.2
678.6
733.5
757
757.7
865.5
938.2
966.3
1085.7
1329.2
1318.9
1538.4
1720.9
1959.7
2192.6
2557.2
2798.5
3257.9
3728.4
4379
5057.3
5364.9
5160
4648.5
3841.5
2732.4
1641.5
899
591.2
533.4
525.6
599.4
557.6
601.3
642.7
688.4
670
684.5
761.8
777.1
791.2
796.7
868
922.3
1049.8
1217.4
1266.6
1476
1666.2
1952.7
2227
2532.5
2739.4
2987
2967
2916.9
2844.9
2731.6
2837.9
3012.2
3029.6
2933.3
2767.9
2331.3
1760.3
1280.7
793.3
651.4
592.3
605.6
659.8
679.7
690.2
809.3
865.1
996.4
1138.9
1268.1
1354.1
1465.6
1662.4
1942.3
2234.6
2386.6
2463.9
2298.9
2097.4
1767
1235.8
794.7
522.4
467.9
451
469
419.6
488.9
439.6
547.8
454.4
471.2
540.3
506.1
567.1
628.8
572.2
552.2
579.4
653.5
586.2
669.7
695.5
828.1
938.8
1181.9
1268.9
1433.2
1543.9
1708.1
1917.2
2247.8
2664.7
2907.4
3013.3
3024.7
2916.1
2697.9
2329.9
2040.3
1662.8
1512.7
1524
1471.9
1275
1143.7
977.3
775.8
607.2
494.2
488
465.4
565.8
783.7
919.4
984
1074.1
1183.2
1036.7
915.8
826.4
707.2
772.7
812.6
876.9
910.1
1012.9
1058.3
1174
1216.8
1298.1
1443.9
1527.6
1640.4
1707.4
1977.1
2118.6
2237.8
2161.2
2043.4
1892.3
1584.7
1284.8
952.5
677.9
563
530.9
496.2
482.3
508
467.5
502.7
540.6
522.7
516.2
567.1
641.7
707.1
725
829.4
908.5
911.2
902.3
829.3
865.8
703.4
629
482
468
374.3
387.1
405.5
546.3
502
502.8
579.4
569.3
638.3
624.2
717.7
730.7
775.7
865.6
857.8
925.1
1028.4
1046.4
970.9
973.3
992
952.2
845.5
784.5
772.9
812.2
875.9
921.1
979.7
1097.3
1165.7
1180.2
1154.2
1123.8
1098.7
1082.9
892.1
803
649.2
622.2
611.8
538.1
473.2
512.5
476.8
462.5
437.7
512.3
447.6
406.4
425.5
404.2
436.8
472.3
502.5
637.1
560.9
588.3
595.7
669.3
690.9
708.1
774.8
778.1
854.6
900.3
905.5
995.1
971.4
1044.3
1216.1
1216.1
1272.2
1314.8
1465.8
1489.6
1617.5
1741.7
1869.6
1962.6
1916.6
1927
1915.2
1978.2
1880.5
1823.2
1719.1
1585.1
1484.2
1358.5
1190.3
1044
915
840.3
756.9
718.7
658.9
638.4
670.3
630.7
557.6
476.3
420.7
415.6
458
509.6
578.7
649.2
531.1
464.2
511.2
441
429.2
475.6
439.1
433.2
445.3
481.7
467
449.5
447.8
476
458.2
467.2
439.4
535.8
478.5
429.1
422.9
510.2
482.1
511.3
673.6
689.7
616.4
645
653.9
605.2
579.1
636.6
533
566.2
658.9
658.6
771.9
871.2
1017.4
1084.6
1187.1
1318.7
1426.7
1540.9
1579.2
1677.2
1732.2
1812.8
1806.1
1878.2
1899.2
1925.6
1939.5
1893.7
1933.4
2061.1
1955.1
1932.6
1953.3
1941.1
2006.2
2021.3
2051.5
2113.9
2065.1
2145.4
2147.9
2068.5
2064.9
1960.2
1931.3
1912.2
1934.4
1864.9
1985.3
1905.5
1972.4
1983.8
1973.2
2009.4
2042
2109
2028.8
1973
2048.8
2009.7
1942.4
1926.5
2021
1896.6
1971.1
1911.7
1901.6
1882.9
1879.4
1824.2
1818.1
1796.3
1726.3
1574.1
1521.5
1439.2
1373
1422.4
1320.2
1432.8
1376.4
1422.7
1461.4
1533.7
1567.9
1606
1628.6
1587.7
1513.6
1504
1442.9
1401
1350
1312.1
1216.9
1207
1197.2
1134.1
1134.9
1173.7
1212.6
1228.6
1233.8
1264.5
1223.2
1210.5
1204.8
1240.4
1197.1
1148.2
1205.6
1144
1148.8
1143.8
1110.6
1088.8
1096.9
1117.4
1266.1
1302.2
1364.3
1332.1
1324.7
1385.7
1372.7
1345.5
1229.6
1157.9
1204.1
881.2
801.8
769.6
633.2
635.5
592.4
608.6
619.8
633
699.9
581.8
689.7
680.9
681.7
700
687.1
769.8
766.8
817
801.7
803.2
932.6
915.2
964.9
947.1
1023.4
1045.7
1100
1108.8
1156.5
1207.2
1186.1
1215
1215.7
1300.8
1373.1
1408.5
1583
1633.9
1805.6
1914.1
2118.7
2383.8
2706.6
3119.1
3487.9
4057.7
4625.8
5101.6
5393.5
5528.6
5627.4
5770.2
5794.9
5979.1
6054.9
6181.5
6341.1
6113.8
5855.6
5506
5272.7
5156.5
5052
5207
5604.7
6169.6
6845.1
7434.5
8003.5
8211.3
8293.4
8495.4
8406.8
8575.7
8687.5
8657.1
8963.9
8961.6
8333.2
7688.1
7033.5
6570.1
6264.1
6103.3
6274.2
6732.7
7293
7873.6
8654.1
9006
9315.5
9335.2
9319.7
9460.7
9557.3
9690.9
9749.9
9988.1
10070.8
9536.1
8662.7
7797.2
7100.3
6663.1
6312.2
6435
6947.1
7481
8099.5
8795
9454
9818.4
9995.7
9890.3
9831.3
9822.8
10131.9
10260.2
10229.4
10538.6
10264.9
9800.2
8686
7580.6
6908.6
6239.4
5956.2
6184.3
6511.8
6893.4
7444.3
8127.9
8849.6
9129.1
9334.9
9005.1
8816.5
8770.1
8909.8
9289.5
9333.8
9432.3
9261.9
8979.4
8201.8
7123.5
6217.2
5597
5239.4
5478.3
5722.4
6102.4
6657.8
7197.9
7924.6
8546.4
8898
8979.9
8563.6
8465.4
8335.1
8537
8920.3
9127.9
9117.6
9183.4
8796.1
8232
7089.8
6110.4
5406.5
5184.1
5271
5506.4
5751.7
6147.3
6581.4
7117.8
7888.9
8129.1
8274.8
7959.8
7543.2
7339.4
7296.5
7639.8
7947.4
7849.9
7806.6
7883.6
7309.6
6452.7
5251.5
4379.9
3668.4
3386.3
3475.6
3345.5
3192.4
3245.7
3412.2
3834.1
3896
4179.7
4268.1
4123.8
3939.1
3816.8
3847.6
4077.8
4281.2
4512
4288.3
4213.3
4058.9
3799.1
3086.1
2542.4
2184.5
2088.1
2168.7
2268.3
2295.5
2271.5
2433.7
2593.5
2808
2939.4
3050.6
2934.7
2794.4
2630.9
2537.2
2702
2672.3
2723.1
2686.9
2627.4
2525
2509.9
2281.2
1851.4
1683.7
1549.6
1504.6
1540.8
1614.4
1661.8
1800.3
1994.7
2203.5
2516.9
2716.6
3081.9
3299.3
3546.8
3607.2
3519.5
3363.7
3273.3
3398.1
3409
3558.6
3615
3439.2
3255.2
3316.4
3274.9
2936.8
2436.2
2160.1
2186.9
2292.3
2254.4
2272.7
2382.8
2554
2901.4
3247.7
3680.8
4133.7
4661.9
5172
5625.1
5919.7
6078.3
5862.6
5550.2
5485.4
5556.3
5680.4
5910.4
6105.2
5871.5
5548.9
5414.9
5488.6
5162.1
4276.8
3455.7
3195.9
3337.4
3440.9
3322.4
3352.6
3363.4
3690.6
4125.5
4647.3
5276.5
5956.9
6699.7
7445.2
7980
8526.5
8712.5
8350.3
7922.9
7683.9
8011.2
8279.9
8477.3
8843.6
8497
8166.6
7646.5
7933.8
7610.7
6551.8
5019.3
4529.5
4771.7
4870
4716.8
4630.3
4596.5
4749.8
5382.5
5830.5
6553
7260.4
8228.5
9243.6
10270
10905.6
11606.9
11596.9
11188.7
10616.4
10196.1
10723.7
11167.7
11490.6
11926.7
11586.9
11016.9
10325
10723.9
10402.4
8908
6894.4
6043.2
6109.3
6307
6328
6100.4
6022.3
6178.9
6820.9
7377.1
8277.3
9205.8
10288.6
11567.7
12903.5
14004.2
14931.8
15506.3
15536.9
14928.6
14118.9
13753.6
14596.9
14930.2
15486.7
15972.4
15549.2
14805.1
14122.7
14348.9
13910.1
12202.2
9549.6
8416.7
8614.3
9568.4
13226.7
18674
21296.3
20077.2
14736.5
11815.8
11518.2
12446.5
13507.5
15040.5
16489.5
18041.1
19339
20397
20848.1
20787.1
19913
18945.9
18879.3
19603.8
20135.9
20967.4
21324.2
20827.3
19822.5
19020.5
18962.5
18201.9
15787
12484.6
10363.9
9832.5
9850.6
9718.8
9357.7
8945.9
8681.2
8755.1
9246.2
9935.4
10980
12007.6
13319.6
14646.9
16046.2
17291.4
18500.1
19135.7
19422.6
19093.8
18287.3
17664.1
17635
17869.1
18397
18912.9
19034.6
18651.3
18029.4
17291.8
16940.1
15904.8
13874.5
11255.2
9238
8242.9
7901.6
7717.2
7279.2
6980.7
6616.6
6423.1
6548.2
6820.9
7272.8
7881.8
8620.7
9406.3
10354.9
11216.7
12008.3
12574.8
13148.4
13180.4
13024.9
12486.3
12236.6
12088
12279
12464.2
12733.7
12853.7
12565.8
12166.3
11633.1
11258.7
10603.9
9226.6
7750.8
6458.9
5472.5
4898.2
4557
4226.9
3925.9
3572.1
3342.3
3159.9
3133.8
3258.9
3357.1
3619.2
3951.7
4151.3
4476.8
4738.8
5040
5233.9
5431.4
5494.9
5381.5
5276.6
5136.5
5125.4
5021.1
5243.4
5179.5
5234.1
5099.8
5019.4
4850.5
4602.8
4264.6
3746
3293.6
2772.2
2276.2
1932.7
1668.1
1494.7
1349
1164.3
960.2
914.4
720.6
628.1
580.5
527.9
515.9
470.6
517.2
483.9
456.2
480.2
424
439.7
432
430.2
448.6
484.3
405.9
425.5
428.5
522
412.1
431.2
462.9
513.7
519.3
467.3
641.6
544.7
496.9
534.4
537.8
528.6
611.7
535.7
564.8
540
601.9
670.9
651.1
784.5
808
869.3
884.8
839.9
786.5
748.2
810.7
854
941.3
912.2
910.8
946.2
966.9
1075.1
1081.3
1128.9
1167.8
1285.5
1377
1582.7
1631.5
1735.8
1895.5
2148.4
2298.1
2473.9
2701.6
2946.2
3127.6
3758.5
5512.9
6185.5
5393.8
3266.3
1520.7
1316.1
1471.7
1411.4
1437.9
1576.8
1708.3
1853.7
2110.8
2303.4
2586.4
2956.7
3250.5
3670.2
4174.2
4711.7
5294.3
5991.9
6667.3
7489.3
8418.9
9309.6
10405.4
11642.3
12821.4
13944.5
15190.8
16683.7
19447.9
24746.4
30311.4
31325.7
25942.1
15914.9
8464.3
4903.6
3885.5
3500.2
3201.1
2964.5
2763
2714.4
2531.6
2615.3
2548.7
2608
2513.8
2596.1
2677.7
2809.1
2897.2
3181.2
3381.9
3627.6
3901.5
4157.9
4487.8
4901.5
5349.6
5782.9
6176.1
6599.8
7066.4
7311.1
7681.1
7846.1
8057.3
8253.6
8342.5
8425.4
8445.7
8690.3
8723.9
8667.7
8668.2
8665.6
8646.5
8660.4
8409.4
8202.8
7937.9
7697.9
7484.8
7118.4
6833.5
6524.8
6196.9
5943.3
5649
5424.5
5198
5166.7
5112.3
5195
5423.1
5482.8
5803.3
6078.1
6584.2
6930.4
7553.4
8167.5
8836.5
9505.7
10269.4
11202.7
12090.2
12850.4
13670.7
14361.4
14826.8
15180.8
15440.1
15670.9
15689.2
15691.4
15656.6
15710.9
15834.9
15827.8
15683.8
15488.3
15487.3
15541.9
15327.1
14936.1
14452.9
14255.8
13994.3
13553
13007
12634.4
12182.4
11894.9
11552.9
11354.7
11300.6
11316.9
11390.3
11495.3
11491.5
11537.8
11687.5
11557
11443.5
11339.5
11364.6
11386.4
11582.6
11703.1
11974.4
12711.9
13282.4
14093.3
14898.6
15965.5
16941.1
17807.3
18709.3
19527.4
20150
20981.1
21549.6
22196.7
22807.2
23440.5
23875.1
24363.6
24774.8
25261.9
25613.5
26193.9
26736
27327.7
27611.3
27899.7
27942.9
27768.7
27263.8
26173.7
25053.4
23418.1
21806.9
20182.8
18808
17077.3
15622.3
14032.9
12687.2
11370.6
10417.9
9591
9322.5
9322.7
9404.1
9634.2
9949.2
10385.5
11044
11851.8
12483.5
13423.8
14515.7
15595.3
16626
17890.8
19233.5
20384.2
21627.9
22775.7
23887.9
25007.7
26324.4
27657.2
28956.5
30212.4
31601.9
32604.1
32985.9
33149.4
33080.2
32510.8
31774.4
30636.2
29472.5
28082.2
26650.8
25414.7
23786.4
22259.2
20368.9
18501.6
16797.9
15323.8
13847.3
12693.5
11649.4
10805
10096.1
9434.4
8924.7
8503.5
8045.7
7739.1
7525.6
7549.8
7577.5
7791.6
7931.8
8070.4
8403.2
8898.2
9439
9924.4
10536.5
11116.5
12024.3
12544.4
13290.6
13989.7
14570
15140.4
15547.9
16019.4
16240.9
16638.4
17060.5
17118.7
17290.2
17543.6
17692
17708.1
17748.4
17633.6
17505.8
17148.2
17043.1
16628.3
16154.3
15728.5
15214.7
14860.8
14551.8
14306.8
14232.8
14121.2
14114.7
13885.3
13756.3
13474.4
13471.2
12686.9
11963.7
11229.7
10570.6
9996.6
9293.1
8681.6
8206.7
7705.9
7106.7
6476.6
5923.6
5471.1
5002.7
4499.7
3874.4
3315.8
3029.9
2767.1
2540.9
2340.1
2357.7
2191.6
2283.5
2259.5
2264.1
2339.9
2414.2
2485.6
2637.5
2644.8
2782.5
2967.7
3013.3
3219.8
3356.9
3494.5
3678.5
3996.9
4192.8
4234.5
4189.7
4280.6
4389.8
4399.1
4432.2
4335.6
4339.9
4075.2
3893.1
3783.3
3643.6
3421.2
3472.7
3070
2927.1
2705.9
2512.4
2278.2
2127.9
1939.6
1752.7
1609.6
1453.8
1416.2
1408.3
1396.6
1327.6
1337.4
1359
1463.8
1510.1
1558.2
1609.6
1742.3
1847
1991.6
2121.7
2305.6
2481.4
2594.7
2856
3076
3367.1
3691.9
3961.8
4199.3
4358.7
4560.4
4778.6
4774.7
4795.2
4801
4782.5
4752.2
4698.4
4677.6
4534.6
4323.2
4214.8
4048.8
3839
3672.2
3352.6
3023.6
2789.4
2674.3
2400.4
2069
1915.4
1639.8
1497.3
1378.2
1308.8
1241
1215
1196.4
1165.8
1217.5
1138.6
1094.2
1116.4
1098.8
1123
1126.4
1209.4
1270.4
1266.2
1389.1
1393.6
1502.8
1563.3
1651.8
1765.5
1975.6
2217
2318.9
2544.8
2727
2834.2
3122.1
3088.4
3031.6
3028.3
3029.8
3055.4
3097.4
3319.2
2993.6
2901.2
2824.5
2760.6
2669.4
2569.2
2469.4
2135.9
1868.7
1760.2
1697.2
1471
1350.4
1114.3
1002.1
891.6
724
656.4
691
685.4
668.7
648.4
667.6
674
509.7
613.8
568.8
555.1
646
534.5
495.9
498.4
465.3
475.3
431.8
444.1
352.3
323.6
314.7
343.3
326.4
241.4
334.3
185.6
202
231.1
200.7
76.8
214.2
108
154.2
167.7
171.4
154
233
193.6
253.4
215.6
228.2
297.6
285.8
380.8
423.4
388.5
471.4
443
442.6
398
453.3
449.2
470.5
427.3
390.8
415.7
372.6
354.8
348.7
362.2
316.8
296.6
397.2
211.2
240.4
385.8
135.8
139.3
160.6
96.8
105.5
82.4
37.5
25.4
32.1
61.2
51.4
65.6
249.1
91.4
0
37.6
55.8
99.3
33.4
47
75.2
73.4
139.8
64.5
80.4
163.6
171.8
181.6
134.3
183.1
265.9
254.7
273.8
284.1
366.1
372
358.8
336.3
381
366.3
403.6
312.4
383.7
338.6
213.8
246.7
267.2
227.2
192.1
252.6
195.1
147.3
135.9
93.2
110.7
172.6
286.6
437
480.5
533.8
572
564.1
522.3
540
500
621.6
592.4
514.2
525.2
536.4
431.6
507.2
382.1
391.4
393.9
312.3
349
282.7
278.8
245.9
261.9
292.8
297.8
291.6
449.7
285.6
243.9
273.3
255.8
304.8
352.6
242
308.2
320.6
391.9
411
378.9
343.8
402
396
341.1
358.7
328.6
329.4
279.5
240.5
242.5
268.8
191.1
219.4
NaN