NaN
4032.8
2377
1185.2
1251.8
1414.4
1680.3
2169.2
2664.5
3307.2
4196.2
5401.3
6777
8537
10433.7
12906
15491.5
17674.9
18704.9
15607.7
10122
5040.7
2138.8
1823.1
1973.6
2327.4
2732.2
3285.6
4054.5
5095.4
6348.1
7969.9
10157.4
12347
15102.2
18623
22693.4
26875.6
30525.9
30671
23957.3
14072
5608.9
1526.6
1094.9
994.1
955.5
864
790.3
782.4
937.1
751.8
718.5
813.8
1046.8
1021.9
1211.5
1428.8
1679
1943.8
2192.9
2022.6
1764.1
1216.1
914.9
766.7
870.3
892.8
1123.7
1433.7
1928.4
2469.1
3023.7
3683.9
4431.1
5109.5
5557.4
5082
3720.7
2337.4
1307.3
1113.3
1149.9
1267.4
1619.5
1654
2002.1
2292.8
2735.4
3710.5
4785.4
5949.4
7318.6
8929.2
10646.4
12507.9
13555.4
12630.8
9274.1
5566.3
2658.6
1609.6
1611.7
1775.2
2028.5
2339.5
2677.2
3206.5
3806.7
4690.1
5665
6970.4
8362
10258.8
12480.7
14919.6
17661.8
21690.9
25574
27629
25939.8
19223.7
11553.8
5095.3
1868.8
1679.6
1613.5
1674.8
1951.4
2075.4
2502
2818.7
3407.1
4104.3
4931.9
6043.4
7145.9
8743.6
10466.2
12472
14833.2
17492
21014.5
25315.7
28355.8
28646.7
24201.5
16688
9297.2
3638.4
2010.6
1963.5
2061.6
2247.3
2485.9
2753.7
3194
3784.7
4461.4
4653.5
4399.6
3588.1
2567.8
1684.6
1206.9
1142.3
1242.4
1343.2
1471.6
1675.4
2021.3
2596.1
2954.4
3580.5
4188.2
4768.5
5427.8
6522.7
7387.3
7862.4
7271.1
5614.1
3733.5
2037.9
1063.1
985.4
973
1046.9
1091.6
1199.9
1266.5
1414.6
1519.3
1743.3
2134.4
2632.4
3416.1
4292.7
5164.5
6101.5
7035.4
8193.2
9998.6
11530.2
12012.7
11129.2
8770.4
5747.5
3067.9
1427.4
1168.4
1210.1
1257.4
1266.8
1383
1469.4
1538.4
1647.3
1996.2
2087.9
2276.1
2666.2
3095.7
3602.9
4196.7
4974.4
5744.3
6634.2
7804.2
9044.8
10852.5
12721
13696.5
13385
11451.8
8294.6
4820.1
2138.2
878.8
736.3
712
670.9
710
652.4
797.4
753
974.7
1092.9
1167
1269.3
1454.8
1606.3
1878.3
2074.6
2455.5
2787.7
3187.4
3768.9
4251.5
4971.8
5825.2
6849.8
8195
9348.9
9739.7
9379
7946.5
6317.8
4621.5
3278.5
2777
2223
1626.9
1185.3
724.2
672.6
865.6
693.2
753.6
676.6
670
699.8
773.1
929.9
1068
1211.1
1430.7
1577.8
1772.4
2047.3
2309.3
2690.8
3222.4
3661.5
3643.6
3412.5
2928.8
1929.9
1113.5
485
306.8
289.8
291
275.2
262.9
351.7
355.2
396.6
464
510
500.9
831
596.5
686.2
845.1
1058.8
1501.8
1544.1
1902.9
2175.9
2392.8
2847.2
3377.3
4081.1
4699.8
4838.2
4495.3
3986.1
2845.8
1776.7
1031.1
811
857.9
865
835.1
796.9
696.1
621.9
602.6
515.2
568.3
571.9
579.3
652.7
687
690.7
846.8
978.3
1019
1221.7
1526.6
1473.8
1759.6
2017.6
2316.2
2638.5
3061.3
3501.6
4226.5
4666.4
4855.9
4539.9
3983
3008.9
1946.5
999.8
477.5
418.2
448.7
363.3
357.5
395.3
453.1
416.4
467.1
504.8
548.8
544.5
577.3
651.8
678.2
717.5
777.7
835.6
934.4
1066
1326
1432
1676.6
1963.3
2299.3
2431.4
2520.9
2535.4
2562
2437.7
2409.8
2577.3
2720.2
2765.2
2624.3
2310.8
1808.7
1324.8
773.7
538.2
538.5
433.5
439.8
465
501.8
577.9
663.3
703
803.8
892.7
1024.8
1168.2
1280.8
1429.9
1659.7
1938.2
2056.2
2053.2
1897.3
1649.9
1246.9
786.3
459.7
283.4
264.6
265.9
320.3
295.5
274.9
265.4
312.9
328.6
416.2
295
375.9
410.7
431.1
422.4
510.1
450.1
396.9
436.5
570.5
618.8
659.4
780.5
927.3
1058.6
1310.5
1361.1
1603.2
1741.3
1995
2387.1
2619.6
2727.7
2652.5
2539.7
2337.1
1921.3
1633.6
1379
1451.1
1357.6
1265
1085.5
960.5
712.2
531.9
386.6
274
277.2
303.4
502.4
579.7
674.1
695.9
807.9
866.2
798.9
769.8
553.8
527.1
553.9
555.8
702
765.4
833.2
861.7
989
984.2
1166.7
1198.4
1292.1
1467.6
1559.6
1708.5
1876.7
1917.3
1790.4
1771.3
1527.6
1277.3
951.8
567.4
447.7
369.6
318.9
302.7
363.8
301.1
320.4
368.4
308.4
353.2
371.5
439.3
417.8
485
570.1
636.9
630.5
684.8
657.9
613.3
539.3
462.4
440.8
267
248.7
240.2
312.6
279.4
299.1
333.8
465.1
396.6
399.5
480.9
448.6
484.7
533.8
640.5
634.7
674.3
803.2
782.8
778.9
836.1
787.3
697.1
619.9
612.8
611.2
597.5
586.9
701.2
695.9
801.3
863.9
917.2
960
969
876.5
829.5
733.4
628.3
581.5
429.9
379.8
363.5
380.9
394.8
310.4
273.3
329.3
321.6
299.7
242
337.8
238
251.7
261.5
225.3
294.7
378.3
409.3
564
476
476
450.1
514.3
563.4
608.6
656.4
646.9
707
783.5
804.6
881
890.5
925.6
1162.5
1124.7
1201.7
1237.3
1469.4
1499.2
1582.8
1642.3
1691.5
1674.7
1687.1
1643.7
1612.2
1562.9
1368.1
1308.9
1218.4
1110.1
923.5
732.4
584.2
583.6
489.9
472.6
446.9
411.4
320.5
321.1
408.7
396.7
369.3
285.9
288.8
267.8
278.7
360.4
435.6
492.7
333.7
258.2
312
284.2
273.9
325.5
304.5
255.2
259.9
296.3
301.9
231.6
291.3
317.4
308.2
281
266.3
435.7
341.4
301
336.8
443.2
408.1
416.2
521.1
518.9
405.5
405.9
374.7
336.1
320.2
488.2
453.1
536.1
626.6
691.5
771.8
844.7
1013.7
1056.3
1133
1304.1
1328.1
1394.8
1446.1
1537.2
1550.1
1588.4
1556.7
1641.6
1610.8
1580.8
1587.1
1551.7
1673.8
1745.7
1612.4
1615.2
1672.9
1673.7
1757.6
1726.1
1740.1
1754.2
1773.4
1709
1653
1628.3
1627.7
1546.7
1527.9
1518.9
1606.8
1585.1
1709.7
1615.7
1679.4
1685.6
1676.9
1675.8
1681
1667.7
1671.4
1609
1720
1681.4
1633.3
1593.3
1630.2
1556.9
1567.1
1495.5
1516
1532.6
1500.3
1442
1332.8
1301.1
1259.9
1144.5
1082.4
1053.6
1087.8
1172.4
1108
1255
1175.5
1160.6
1271.5
1357.5
1326.6
1306.2
1208.2
1234.9
1183.9
1093.5
1067.4
1019.4
984.6
970.4
908.1
900.1
948.7
876.5
909.9
993.8
1035.2
1032.6
969.3
1070.8
962.3
947.8
971.2
987.7
961.9
884.1
964.3
871.9
913.5
870.1
928.7
922.6
1006.3
1053.7
1177.7
1166
1156
1151.3
1137.9
1095.1
1038.9
939.4
800.9
649.5
744.6
430.6
459.3
496.3
429
445.8
443.6
460.4
446.2
444.5
521.8
442.2
586.1
544.9
526.9
563.6
588.1
630.3
631
649.1
681
710.4
837
770.3
849.6
867.5
939
943.9
961.7
927.2
1000.8
1010.9
1053.8
1087.8
1107.6
1258.3
1391.3
1412.7
1567.8
1662
1874
2086
2352.1
2727.4
3252.7
3729.3
4082.2
4521.9
4692.7
4899.9
4906.2
4950
5111.1
5177.2
5261.8
5484
5524.7
5307.7
5023.7
4695.9
4499.9
4410.3
4378.3
4695.8
5050.5
5596.6
6157.7
6798.6
7080
7205.6
7289.2
7318.9
7408.3
7690.3
7546.8
7762.8
7876.8
7555.5
7210.5
6750.1
6052.7
5708.8
5367.8
5398.8
5642
6076.3
6650.6
7265.9
7793.5
8030.7
8313.8
8227.1
8241.6
8339.3
8515.9
8681.5
8730.3
8874.3
8694.3
8201.7
7444.1
6682.5
6137
5711.5
5585.5
5911.1
6231.2
6820.7
7443.6
8106.9
8632.2
8877.5
8891.5
8776
8731.5
8807.3
9128.4
9254.7
9342.2
9378.4
9023.8
8374.2
7352.6
6646
5827.7
5424.6
5420.6
5651.1
5940.1
6361
6883.3
7483.7
7977.9
8310.1
8380.8
8052
8025.4
7788.2
8086.6
8383
8368.9
8500.4
8361.3
7924.4
6989.8
6081.6
5312.1
4940.2
4691.4
4950.8
5228.3
5691.8
6151
6704
7415.1
7801.2
8064.9
7928.5
7736.9
7591.6
7525.2
7916.4
8191.7
8271.6
8299.3
8365.5
7923.8
7119.9
6085.1
5331.2
4900.4
4647.7
4843.9
5090.2
5306
5629.1
6054.3
6683.6
7205.1
7459.4
7593.1
7226.5
6899.7
6679.1
6674.1
7134.4
7187.1
7152.2
7106.8
6812
6438.2
5721.2
4424.1
3733.4
3237.5
3069
2924.5
2811.2
2907.1
2974.6
3076.4
3252.9
3569.3
3960.2
3798.5
3680
3470.2
3388.9
3326.2
3623.3
3853.2
3921.1
3777.4
3941
3545.9
3190.8
2447.7
2122.7
1815.3
1815.1
1852.3
1898.5
1945.8
2048.4
2166.3
2203
2468.6
2579.3
2612.8
2457.8
2382.6
2283.5
2276.1
2228.9
2294.1
2437.6
2274
2228.6
2204.1
2083.8
1714.3
1490.8
1285.2
1250.6
1293.7
1294.1
1281.2
1369
1495
1654.4
1854
2116.2
2434.3
2739.9
2849.5
3067.7
2987.8
2918.3
2795.1
2801.9
2974.5
2932
3080.5
3008.3
2899.8
2796.9
2778.5
2706.7
2421
2047.9
1792.5
1848.6
1898.4
1944.6
1954.9
2053.9
2222.1
2550.4
2869.1
3293.4
3724.8
4190.7
4655
5052.7
5293.8
5375.2
5071.4
4791.8
4728.2
4941.7
5108.9
5271.2
5268
5048
4820.3
4719.5
4791.3
4360.5
3477.1
2893.1
2856.4
2942.5
2940.6
2860.2
2949.6
3030.5
3445.3
3693.6
4232.7
4808
5398.2
6136.9
6800.3
7256
7680.7
7762.1
7436.1
6985.9
6842.1
7205.4
7427.6
7695.8
7851.1
7457.8
7067.3
6747
7138.7
6546.1
5382.9
4246.6
4100.4
4288.5
4316.8
4224.4
4101.3
4102.4
4417.6
4914.2
5368.9
6110.6
6793.8
7663.1
8618.7
9372.9
9891.3
10515
10374.7
10033.7
9335.3
9252.2
9885.5
10187.1
10449.7
10764.2
10334.4
9746
9317.4
9645.2
9038.2
7605.7
5816.1
5462.8
5627
5780
5584.5
5496.9
5535.4
5759.1
6297.8
6900.4
7762.5
8563.3
9716.8
10855.8
12020.9
12942.7
13760.9
14281.5
14155.2
13387.2
12654
12782.7
13435.7
13775.4
14255.5
14438.5
14048.9
13463.3
12699.4
12998
12465.7
10462
8172.8
7573.7
7870.8
9221.5
13131.2
17381.3
19093.9
16859.8
12189.9
10554.3
10680.9
11591.5
12679.9
14211.6
15675.2
17078.8
18004.1
18902
19357.9
19005.1
17871.4
17246.2
17492.6
18274.4
18638
19355.3
19483.7
19046.9
18004.4
17348.2
17180.6
16224.6
13632.3
10690.4
9360.8
9013.7
8985.3
8754.3
8437.9
8158.6
7881.1
8140.2
8711.2
9359.7
10265.7
11393
12626.6
13821.3
15150.3
16159.3
17139.7
17793.7
18093.3
17362
16595.5
16154.4
16223.6
16672.8
17275.1
17514.7
17585.6
17014.3
16259.6
15619.1
15363.8
14227.4
12091.7
9764.4
8118.7
7423.2
7165.3
6918.7
6634
6398.6
5954.2
5988.7
6053.2
6349.1
6852.6
7457.7
8078.1
8862.3
9795.4
10511
11263.9
11774.7
12229.9
12069
11898.4
11479.2
11215.7
11119.9
11342.7
11650.4
11795.2
11800.9
11542.1
11069.7
10672.8
10234.1
9402.9
8044.5
6802.6
5544.1
4808.9
4415.5
4012.4
3705.7
3467.5
3139.3
2983.7
2849.9
2871.5
2900.1
3094.1
3347.5
3565.9
3827.6
4266.9
4411.7
4721.9
4867.2
4998.4
4998.9
4951.9
4815.8
4650.2
4665.3
4687.5
4811
4673.6
4791.1
4616.4
4595.6
4336
4174.2
3783
3295.8
2820.4
2297.1
1975.2
1714
1398.1
1179.1
1022.5
901.4
812.9
660.2
476.1
500.8
365.9
335.2
361.7
258.2
301.4
304
369.1
346.6
287
304
254.2
259.9
257.2
252.2
281.2
340.7
248.5
291.5
265.8
386.5
276.3
305.9
339.9
382.3
393.5
323.3
497.2
398.1
327.5
340
401.2
359.3
488
410.9
452.8
402
454.9
613.9
635.1
687.5
574.5
574.8
626
655.7
666.6
605.6
679.8
723.4
844.7
753.4
787
813.6
871.9
995.6
998.8
1060.7
1090.9
1252
1320.4
1614.1
1673.3
1801.8
1952
2269.9
2376.5
2556.2
2740.6
3517.4
5101.3
5433.8
4467.9
2299.6
1195.4
1188.5
1147.5
1195.4
1418.4
1375.4
1499.1
1660
1879.9
2064
2400.7
2604
2998.5
3478.2
3835.5
4377.2
4924.3
5585.1
6252.9
7046.6
7843.1
8772.3
9763.8
10736.8
11932.5
13064.2
14269.1
15624.9
18504.9
23886
28790.9
28565.7
22003.7
12601.9
6727.1
4030.3
3419.1
3036.5
2806.7
2589.2
2460.7
2296.9
2224
2249.8
2201.2
2358.5
2285
2493
2422.9
2573.6
2673.9
2856.3
3039.4
3316
3579.7
3897.6
4182.2
4553.2
4943.2
5337.2
5740
6175.3
6490.2
6801.8
7074
7198.3
7522.1
7556.9
7717
7766.6
7789.6
7917
7924.3
7940.8
7954.8
7911.7
7914.8
7890
7632.6
7365.9
7210.4
7054.8
6683
6382.1
6144.2
5788.2
5673.9
5357.3
5144.1
4958.1
4742.5
4666.5
4678.3
4884.2
4881.1
5069.4
5467.2
5715
6114
6523.6
7142.5
7610.1
8282.6
8993.4
9696.3
10450.3
11184
12087.4
12785.6
13315.7
13664.7
13997.6
14185.4
14473
14620.2
14596.1
14467.6
14533.3
14664.8
14577.5
14438.2
14433
14312.7
14344.3
14007.4
13645.1
13269
13002.7
12754
12487.7
11980.7
11461.5
11126.7
10986.6
10630.1
10427.9
10318.6
10428.3
10489.8
10639.1
10578.9
10710.3
10659.5
10563.2
10513
10335.7
10528.6
10671.2
10849.3
10961.3
11403.5
11801.5
12455
13396.3
14206
15102.3
15993
16933.6
17596.4
18252.6
18982.3
19759.5
20273
20965.5
21212.4
21782.1
22478.1
22958.8
23127
23493.2
23967.8
24556.7
24901.3
25387
25669.3
26012.4
25917.7
25694.1
25146.9
24316
22974.5
21446
20022.5
18404.9
16992.2
15598.8
14291.9
12800.7
11583.4
10513.2
9612.7
8988.9
8747
8618.9
8825.5
9090.2
9466
9934.7
10472.1
11178
11988.7
13048.5
13815
14884.1
16003.9
17236.2
18255.4
19486.7
20683.6
21685.3
22724.8
24036.5
25113.4
26319.5
27701.8
28931.8
29732
30652.6
31260.5
31377.2
31034.3
30636.6
29974.4
28628
27453.2
26193.8
24865.6
23506.8
22072.7
20450.6
18769.4
17232.9
15601.3
13999.3
12710.7
11731.1
10730.5
10008.2
9276.1
8811.4
8264.5
7823.2
7570.5
7359.9
7141.2
7220.1
7176.4
7283.4
7436.8
7806.2
8044.7
8439.2
8869.4
9462.6
10100.9
10702.7
11291.2
11982.8
12783
13314.5
13862.6
14346.9
14711.9
15142.9
15415.7
15836.6
15935
16175.2
16483.7
16563.4
16608.1
16730.2
16685.7
16488.2
16423.8
16157.5
15985.7
15506.1
15068
14656.5
14196.1
13915.1
13646.2
13396.1
13216.8
13207.5
13107.2
12912.5
12794.1
12460.5
12138.7
11543.8
11299.7
10208.1
9605.7
9052.7
8509.8
7988.4
7376.9
6912.5
6444.1
5892.2
5347
4901.5
4428.7
3948.4
3429.1
3032.7
2723.9
2407.5
2255
2069.5
2039.8
1970.1
2088.8
2010.4
2137.7
2116.6
2159.7
2213.7
2366.8
2474.5
2637.7
2664.9
2803.3
2937.2
2967.3
3236.8
3456.4
3611.2
3700.3
3832.6
3945.5
3970.6
3965.9
3992.3
3976.9
3852.2
3794.6
3645
3618.1
3403.2
3213.8
3054.4
2965.6
2776.3
2807.8
2297.5
2163.4
2015.3
2005.6
1712.9
1574.1
1402.2
1310.3
1269.7
1221.7
1248.4
1257.5
1294.7
1209.5
1259.5
1322.5
1478
1537.8
1622.7
1687.6
1816.9
1950
2141.3
2282.3
2518.3
2740.5
2865.1
3167
3423.6
3650.2
3918.2
4070.7
4276.3
4336.8
4402.2
4549.5
4436
4405.8
4416.3
4346.5
4231
4139.2
4036.5
3792.9
3624.5
3556.8
3382.1
2972
2745.6
2555.1
2365.9
2165.9
1968.4
1691.9
1454.7
1426.4
1221.9
1178
1130.6
1042.2
1057.8
1047.1
1058.2
1025.9
1083
1045.9
1023.9
1044.3
1034.4
1104.5
1105
1236.4
1292.1
1308.9
1446.9
1453.6
1584.4
1680.6
1797
2004.3
2239.2
2532.5
2672.2
2831.1
2812.8
2809.7
3051.5
2953.7
2877.2
2818.3
2853.7
2880.2
2860.3
3124.2
2635.6
2504.1
2465.9
2413.5
2172.7
1966.3
1830.6
1664.9
1470.2
1373.5
1237.9
971.5
870.3
741.1
744
593.1
542.3
525.6
589.2
588
577
537.1
575.8
594.2
362.1
501.7
472.8
408.6
550.3
425.4
383.7
370.7
373.8
370.9
338.2
311.8
242.1
222.6
205.2
219.2
221.5
127.5
271.2
116.9
165.2
162.8
158.6
44.5
205
89.1
100.2
171.8
185.5
134.6
196.2
192.2
227.7
165
271.6
311.2
307.4
405.7
463.1
392.3
433.2
411.4
380.5
336
398.7
349.1
422.4
375.1
341.3
356.6
261.4
250
243.8
309.5
293.3
210
313
112.1
154.8
353.3
62.3
76.1
155.5
23.1
76.6
55.8
18.7
5.4
0
66.6
55
99.2
281.3
95.5
29
16.7
59.7
124.8
50.9
52.4
59.2
101.3
132.8
101.1
92.6
167
155.9
214.7
185.4
219.2
314
293.3
337.6
310
363.9
367.7
320.8
330.8
370.8
349.4
354.4
266.5
349.8
300
215
222.3
251.3
150.2
153.6
237.1
182
153.5
176.3
167.3
255.6
353.4
509.8
637.3
622.6
536.9
510.3
523.8
475.4
512.1
512.6
640.4
607.1
476.5
415.3
438.8
344.7
489
340
382.3
329.8
298.1
320.7
266.1
278.5
318.3
276.6
301.9
328.8
288
539.7
329
292.6
332.6
282.8
371.7
362.1
325.1
375.8
353.1
415.6
470.6
435.4
397.3
390.8
401.9
313.8
377.8
311.3
328.2
234.1
198.6
224
269.4
158.6