NaN
4641.2
2903.4
1448.6
1315.5
1459.5
1743.5
2200.6
2702.4
3358
4250.9
5431.7
6783.9
8665.8
10518
12937.6
15710.4
18344.6
19765
17361.9
11692.2
6197.7
2603.2
1917.9
2000
2397.7
2759
3300
4048.2
5112.6
6244
7845
10042.6
12242.2
15051.6
18511.6
22746.2
27369.2
31460.7
32205.9
26180.5
16213.6
7378.9
2009.6
1206.6
1099.4
1037
965
884.6
899.1
985.8
832.3
839.3
922.9
1163.1
1157.1
1388.1
1569.3
1842.5
2175.9
2448.4
2340.2
2047.4
1458.6
1128.3
878.4
995.1
1029.8
1224.7
1580.1
2082.1
2684.4
3261.1
3988.2
4786.5
5594.8
6150.9
5748.3
4324.1
2825.5
1605.3
1242.7
1272.6
1425
1748
1780.9
2153.4
2450.3
2868
3875.8
5006.6
6295.7
7730
9415.2
11305.1
13316.6
14429.8
13845
10545.8
6600.1
3385
1829.7
1728.5
1878.5
2131.6
2468.2
2814.2
3325.6
3975.1
4819.8
5853.6
7192.3
8626.2
10576.2
12827.1
15371.3
18276.5
22600.9
26634.3
28790.8
27445.3
21149.4
13319.3
6464.2
2262.5
1775
1732.8
1767.2
2039.2
2171.5
2583.8
2946.1
3481.7
4205.3
5042.9
6099.1
7230.1
8860.4
10629.6
12631.7
15034.3
17719.2
21244.9
25676.4
28834.4
29229.6
25551.2
18401
10848.1
4754.8
2287.7
2152.8
2248.7
2488.6
2747.1
3029
3508.9
4176.3
4937.9
5131
4961.4
4173.5
3048
2051.1
1442.5
1285.8
1417.3
1478.8
1595.7
1806.3
2131.4
2730.1
3150
3815
4451.6
5111.4
5838.6
7039.2
8025.4
8434.9
8021.6
6448.6
4453.8
2538.1
1338.9
1149.6
1134.7
1166.5
1203.5
1324
1385
1554.7
1677.1
1884.7
2279.6
2803.7
3561.6
4475.7
5370.1
6359.3
7303.7
8537.8
10343.1
11940.3
12586
11919
9800.8
6764.9
3757.5
1757.7
1341.8
1328.8
1372
1363.9
1465.2
1560
1591.8
1787.3
2058.2
2168.2
2414.1
2788.6
3187.5
3698.6
4324.1
5087.7
5852.5
6769.4
7929.2
9159.4
11073.8
12913.4
14057.6
13855.8
12222.8
9212.2
5707.5
2698.1
1079.2
831.6
777.5
742.5
751.3
765.1
854
836
1072.8
1155.7
1226.4
1322
1486.6
1690.2
1934.9
2128.9
2529.1
2850.9
3262.9
3799.3
4334
5043.2
5896.7
6896.6
8276.7
9445.4
9894.2
9720.1
8560
6963.2
5162.2
3777.8
3077.9
2565.3
1922.2
1442.3
881.8
737.8
875.8
745.7
799.5
763.9
727.4
757
856.1
972.9
1138
1323.2
1508.7
1697.5
1943.9
2193.3
2477.8
2907.5
3454.2
3882.8
3929.7
3716.1
3314.4
2288.9
1432.8
650.4
410.8
361.6
347.2
359.2
370.7
418.8
442.1
457.6
515.1
586
579.2
883.5
693.6
745.7
907.6
1154.9
1561.9
1632.6
2001.3
2316.1
2576.8
2987.9
3519
4255.5
4841.5
5076.5
4731
4350.9
3247
2083.4
1255.8
894
899.5
902.9
863.7
850
736.4
697.4
666.9
571.7
608.5
604.5
673.9
700.3
750.8
803.4
913.1
1030.4
1109.6
1262.3
1582.6
1631.1
1806.6
2104.3
2386.6
2732.2
3151.2
3590.4
4330.6
4802.2
4991.6
4692.8
4228.4
3344.1
2222.3
1253.9
621.4
491.8
491.1
448.7
439.3
497.7
520.9
510.4
546
595.8
626.8
621.7
658.8
728.3
766.3
828.1
851.9
939.9
1029.5
1170.2
1459.6
1583.8
1806.2
2124.2
2522.5
2617.4
2711.6
2714.9
2759.9
2632.6
2575.8
2693.2
2792.9
2822
2685.1
2419
2022.3
1482.2
982.5
633.7
577.5
508.4
533.4
518.4
558.3
667.9
710.2
812.5
901.3
967.3
1133.2
1241.1
1416.2
1544.2
1782.2
2074.5
2223
2178.6
2085.6
1891
1451.4
967.5
631.8
379.6
319.6
324.2
401.4
364.8
337.1
348.7
384.7
332.2
475.4
371.9
421.6
450.5
449.2
459
555.9
505.7
467.4
526.3
611.5
636.8
759.7
876.9
1026.2
1088.9
1398.5
1480.5
1680
1787.4
2109.6
2459
2670
2768.1
2698.9
2618.8
2434.2
2049.5
1682.1
1421
1411.1
1313.1
1232.9
1118.5
997.3
754.5
556.7
486.1
355.7
336.2
355.8
576.6
661.4
715.9
778.3
842.4
928.2
855.9
861.4
642.9
608
596.7
658.5
755.1
835.6
899.3
925.9
1047.1
1079.9
1232.3
1291.5
1360.4
1546.6
1659.4
1783.5
1971.4
2052.2
1897.9
1843.4
1660.7
1420.7
1102.6
696
540.8
443.9
391.6
352.2
416.9
401.3
386.8
398.7
358.5
428.9
437.8
480.4
490
559
689.1
760.9
779.7
788.1
760.8
698.9
668.1
567.6
559.4
358
288.1
290.7
350.5
331.6
360.3
385.5
510.7
453.4
461.6
553.4
539.8
577.3
629.6
687.2
733
786.1
898.4
876.3
873.3
908.7
881.2
800.4
734
737.6
714.8
671.8
683.7
799.7
787.4
906
957.4
1028
1072.5
1064.8
994.1
908.1
859.8
760.4
665.3
533
490.7
442.4
436.2
472.4
418.8
375.1
414.3
370.7
350.8
320.4
431.7
339.4
316.6
319.7
300.4
395.5
422.6
471.5
624.9
503
554.7
569.1
599.2
674
727.5
734.2
732.9
813
863.4
898.4
964
1001.2
1035.7
1310.1
1227.5
1275.3
1348.3
1534.2
1627.8
1697.8
1758.1
1751.3
1789.1
1750.7
1739.3
1669.2
1603.5
1425.5
1342.6
1273.6
1180.5
1029.6
871.7
744.3
691.8
607
584.4
570.3
509.5
427.8
392
491
453
455.2
370
377.9
356.5
377.2
436.9
500.3
559.5
411
342.9
379.7
343.8
364.7
393.1
353.2
347.8
353.6
366.8
376.1
313
343.6
373.5
349.1
347.3
337.2
464.2
397.1
388.7
409.3
525.8
488
478.3
601.3
585.7
527.9
510.5
497.9
415.8
436.8
571.7
520.6
604.9
684.1
776.1
885.6
980.6
1155.6
1166.8
1296.1
1424.6
1486.4
1532
1543
1653.1
1725.4
1744.4
1735.3
1764.1
1738.1
1739.8
1766.6
1775.5
1837.9
1900.2
1838.7
1761
1844
1834.8
1959.4
1881.7
1937
1953.1
1983.3
1921.2
1869.9
1829.6
1818.9
1720.7
1731.7
1698
1760
1778.8
1919.6
1832.5
1849.8
1864.5
1877.5
1870.8
1852.5
1854.2
1832.3
1841.2
1909.5
1833.2
1768.5
1741.3
1794.3
1754.6
1766.4
1661.5
1701.2
1683.4
1687.6
1620.2
1505.5
1431.4
1398.9
1316.2
1248.7
1225.7
1251.5
1303.2
1300.6
1408.8
1367.4
1363.2
1433.4
1483.5
1504.2
1444.2
1423
1383.7
1318.5
1259.9
1183
1158.9
1140.4
1099.1
1037.2
1033.4
1029.2
1004.9
1025.4
1101.2
1163.2
1127.2
1093.9
1119.9
1104.1
1069.2
1049.3
1076.1
1054.8
1002.2
1022
966.2
1007.2
1009.7
1010.6
1018
1098.2
1118.3
1216.6
1223.2
1202.7
1194.9
1184.4
1119.5
1093.2
990.4
880.6
759.2
823.7
550.9
506.1
573
495.8
512.9
530.1
499.6
522.5
523.3
592.8
534.6
651.1
611.9
615.7
639.6
669.9
717.1
746.4
720.1
770
770.3
905.8
842.8
920.4
926.6
1004.4
1008.3
1022.6
1007.7
1103.1
1154.1
1157.3
1175.4
1210.1
1347
1475.8
1568.8
1715.9
1833.5
2044.7
2294.1
2595.8
3003
3481.8
4038.7
4426
4888.1
5104.5
5316.6
5393.3
5458.6
5535.5
5660.2
5750.5
5854.2
5957.5
5771.6
5439.3
5093.8
4960.8
4797.2
4756.8
5051.3
5487.8
6008.6
6652.6
7315.2
7606.7
7735.6
7873.1
7951.7
8013.5
8297
8169.6
8393.2
8473
8212.4
7753.8
7262
6570.8
6234.4
5867.1
5851
6098.3
6585
7110.5
7778.3
8326.2
8576.7
8885.6
8865.5
8864.4
8975.5
9178.2
9336.4
9326.4
9548.6
9354.9
8798.7
8070.7
7229.9
6704.1
6238.3
6035.8
6261.7
6728.8
7308
7909.8
8669.5
9155.1
9392.3
9464.2
9374
9343
9434.6
9751.8
9841.3
9939.2
9980.9
9645.4
8960.6
7884.6
7152.5
6332.3
5843.5
5770.6
5937.5
6327.4
6828.1
7289.6
7910.8
8471.6
8792
8813.2
8574
8504
8355.3
8602.3
8846.8
8904.3
9047.4
8895.8
8446.1
7413.8
6540.4
5733.6
5358.2
5032.6
5212.3
5557.2
6045
6494.4
7055.1
7749.4
8218.3
8450.3
8388.3
8144.5
8005.4
7937.4
8322.9
8570.3
8669
8736.1
8785.7
8283.7
7467.1
6382.2
5658.7
5216.7
4903
5082.7
5333.5
5545.2
5913.6
6355.1
6969.6
7468.3
7766.8
7868.7
7512.2
7188.2
7027.5
6991.8
7405.1
7510.3
7407.3
7362.8
7144.9
6714.6
5914.9
4649.1
3957.1
3423.9
3199.1
3110.7
3007
3118.5
3155.5
3270
3463.8
3805
4157
3997.5
3896.9
3706.1
3575
3584.5
3813.8
4048.2
4142.9
3993.6
4097.8
3777.7
3335.4
2607.7
2304.3
1968.3
1969.2
2001.3
2025.7
2101.7
2185.6
2336.4
2404.7
2674.6
2804.6
2811
2676.2
2598.3
2492.2
2431.7
2438.7
2518.3
2656.1
2453.9
2395.3
2386.4
2285.5
1914.8
1643.4
1448.3
1368.3
1452
1443
1444
1555.3
1718.1
1899.1
2088
2378.1
2675.6
3008.5
3148.2
3327.9
3321.6
3213.9
3069.7
3103.9
3269
3231.5
3400.4
3325.3
3149.3
3063
3073.1
2929.6
2627.4
2239.2
2004.4
2021.6
2101.6
2142.9
2144.4
2250.2
2438.2
2821.4
3122.4
3546
4027.3
4543.8
4973.8
5387.1
5667
5797.8
5448.5
5203.7
5130.9
5358.2
5504.5
5646.4
5696.1
5448.5
5178.3
5149.4
5189.5
4697.7
3775.2
3162.9
3060.1
3172.3
3206.2
3124.1
3202.5
3273.3
3672.3
4011.5
4579.7
5154.2
5872.6
6611.8
7343.5
7781.2
8217.4
8273.3
7887.6
7515.8
7351.1
7725.9
7936.9
8213.7
8501.3
7998.8
7618.2
7241.3
7595.3
7009.4
5775.3
4527.9
4438.3
4593.4
4636.2
4493.6
4408.8
4380.1
4725.7
5220.5
5697.1
6535.9
7218.1
8155.4
9112.4
9979.9
10554.1
11182.4
10997
10614.3
9890.8
9851.7
10480.3
10740.7
11111.8
11411.6
10990.2
10297.8
9821.5
10220.4
9585
7994.2
6104.5
5718.5
5854.7
6091.4
5875.6
5847.3
5894.6
6036.7
6662.2
7263.9
8148.1
9056.4
10220.7
11431.8
12691.2
13596.2
14457.8
15043.7
14836.6
14022.3
13277.9
13371.2
14185.2
14395.8
15043.8
15241.4
14816.2
14030.1
13262.9
13607.8
13097.2
10971.6
8481.9
7883.1
8188.3
9513.6
13499.3
18149.8
19863.1
17420.4
12454.7
10809
11141.5
12082.7
13187.8
14801.2
16304.9
17828.5
18773.3
19793
20136.8
19817.9
18658.8
17856
18134
18922.6
19390.4
20196.4
20356.9
19903.8
18694.2
17984
17973.2
16993
14202.6
10979.1
9701.1
9397.2
9359.3
9219.6
8875.6
8534.6
8232.4
8494.7
9070.3
9827.3
10721
11785.3
13133.9
14413.5
15810.6
16888.5
17905.5
18570.6
18790.5
18050.9
17268.9
16752.2
16871.4
17310.9
17913.7
18268.4
18326.3
17755
16780.5
16259.8
16009.6
14861
12564.6
9986.7
8401.5
7720
7429.8
7253.3
6915.9
6641.9
6172.1
6181.3
6260.6
6652.4
7105
7760.9
8454.2
9255.7
10183.9
10949.8
11720.4
12297.6
12612.3
12534.4
12368.7
11818
11685.4
11527.3
11710.8
12054.9
12210.6
12327.6
11924.3
11483.3
11096.8
10653.8
9757.4
8431.4
7008.9
5667.2
4971.5
4561.3
4213
3899.8
3658.8
3290.5
3092.2
3002
2987.1
3078.9
3239.1
3549.8
3766
3999.1
4436.5
4605.4
4925.1
5076.8
5240.4
5221.9
5117.2
4991.7
4849
4838.5
4870.5
4977.8
4849.4
5017.8
4885.5
4734.9
4505.5
4274.8
3888.4
3471.4
2945.6
2379.3
2069.4
1765.7
1473.1
1287.6
1158.5
992.7
864.3
730.2
562.2
583.6
461.9
396.1
436.8
371.2
385.6
373.6
435.8
395.6
389.4
375.6
339.9
324
333.3
353
357.5
372.5
339.1
356.9
344.2
444.4
364.8
402.4
451
459
484.9
412.6
584.2
463.1
423.5
410.5
501.1
437.5
562.4
491.5
532.6
495.6
572
728.3
754.4
824.7
692.6
664.6
693.2
726.9
736.1
693.1
769.6
812.5
943.7
831.5
907
930.8
986.1
1102.5
1087.8
1146.5
1213.8
1339.5
1468.2
1767.2
1819.1
1956.2
2082.6
2433.7
2583.6
2768.6
2988.8
3797.6
5532
5755.9
4670.3
2360.2
1313.4
1290
1228.3
1309
1528.3
1503.9
1628.6
1814.6
1988.4
2224.3
2526.3
2780.3
3189.9
3683.7
4029.3
4584.3
5196
5836.7
6580.7
7382.6
8212.2
9189.7
10253.2
11294.4
12424.2
13594.7
14806
16157.9
19217.3
25045
30112.4
29717
22306.2
12324.2
6464.3
4099.3
3515.9
3203.7
2913.2
2743.5
2580.1
2425.5
2354.8
2441.9
2368.3
2465.5
2458.4
2605.4
2570.5
2716.2
2833.5
3070.3
3213.2
3514
3784.3
4126.5
4460
4827.6
5196.2
5621.1
5997
6497.3
6838.1
7115.4
7413.2
7521.7
7862.9
7864
8074.8
8082.8
8152.1
8264.3
8264.6
8293.7
8275.3
8233.6
8287.1
8209.2
7951.1
7754
7478.2
7295.4
7009.1
6667.6
6409.9
6044.9
5858.8
5598.1
5391.4
5168.1
4940.8
4823
4904.2
5036
5118.3
5303.1
5686.3
5975.5
6411.5
6837.8
7473.2
7980
8663.1
9398.2
10161.8
10984.1
11772
12694.7
13469.5
13956.9
14372.2
14665.6
14796.6
15121.1
15188.2
15223.5
15014.4
15113.2
15194.2
15090.7
14984.9
14884.2
14851.8
14820.2
14628.4
14236.7
13802.7
13483.1
13229.7
12902.6
12457.3
11898.6
11614.2
11367.8
10975.6
10810.6
10749.3
10890.8
10934.2
11112.3
11082.4
11192.8
11156.2
11060.9
10949.2
10836.8
10902.5
11023
11271.8
11390
11848.9
12255.6
12970.3
13985.6
14749.5
15733
16653.9
17494.5
18307.4
18942.1
19699.1
20430.1
20996.1
21679.9
22022.6
22547.4
23217.7
23770.5
23973.3
24339.5
24723.7
25419.6
25732
26303.5
26624.8
26816.8
26793.6
26697.6
26004.4
25067.7
23676.1
22031.7
20553.1
18842.6
17404.1
15921.7
14602.6
12985.8
11819.9
10619.8
9653.8
9125.7
8926.7
8876.4
9027.6
9395.3
9787.3
10312.3
10797
11561.7
12356.1
13484.4
14307.4
15380.2
16534.9
17757.4
18928.5
20118.1
21359.3
22317.8
23378.5
24710.9
25797.9
27070.1
28339.4
29673.9
30633
31478.1
31961.4
32139.2
31695.2
31184.5
30612.3
29156.1
27928.8
26702.4
25374.8
23912.3
22460.6
20726.7
18980.2
17390.4
15724.5
14196.5
12920
11865.9
10960.4
10188.7
9454.2
8954
8450.8
8019.3
7729.6
7477.2
7324.6
7317.8
7334.8
7507.2
7737.4
8063.2
8281.3
8683.6
9161.8
9772.5
10449.9
11073
11669.7
12416.5
13224.2
13745
14297.6
14815.3
15192
15690.6
15994.3
16345.5
16464.4
16675.3
16914.5
16954.9
17109.1
17194.3
17088.2
16998.7
16900.1
16613.9
16352
15877.5
15509.9
15074.9
14579.5
14309.4
14069.4
13875.8
13768.3
13815.7
13790.7
13647.6
13492.3
13247.1
12939.7
12295
11966.9
10887.1
10290
9732.5
9141.7
8599.4
7997.4
7455.1
6861.7
6324.4
5727.9
5233.2
4717.8
4206.2
3611.6
3225
2867
2560.6
2372.1
2254.5
2218.6
2101.2
2201.9
2157.9
2263.3
2241.5
2321.5
2403.7
2519.2
2600.3
2760.4
2829.7
2967.5
3160.8
3173.5
3437.8
3673.7
3860.5
3958.1
4070.9
4170.2
4225.8
4173.3
4247.2
4223.1
4065.2
4003.8
3841.7
3764.5
3552.1
3371
3244.7
3101.6
2936.6
2889.5
2406.9
2277.3
2094.2
2026.2
1784.5
1599
1443.1
1365
1324.6
1278.1
1295.5
1301
1334.8
1301.5
1330.1
1414.6
1532.2
1613.8
1681.9
1759
1951.3
2041.3
2218
2405.6
2628.6
2870.8
3015.9
3325.1
3596.8
3816.2
4134.7
4277.3
4458.6
4505.9
4580.4
4725.1
4584.2
4618.3
4559.4
4503.4
4410.6
4324.3
4152.4
3881.7
3727.1
3647.8
3485.2
3046.3
2800.6
2638.2
2441.7
2188.8
1992.7
1744.6
1489.5
1458.3
1239.6
1221.2
1134.2
1098.6
1097.2
1093.7
1091
1057.2
1115.1
1076
1038.9
1083.3
1106.4
1156.9
1167.9
1283.5
1330.3
1338.1
1501
1517.4
1661.4
1722.1
1895.1
2040.8
2321.4
2566.9
2705.7
2845.2
2858.5
2858.5
3092.7
3014.3
2934.2
2887.1
2870.7
2934.3
2954.7
3125
2644.5
2579.7
2513.4
2427.4
2166.8
1956.4
1829.4
1643.7
1509.6
1379.9
1231.6
964.3
883.3
744.3
735.2
632.9
556.4
551.7
625.7
620.2
619.1
604.6
607.1
613.5
430.7
555.8
516
452.5
564.3
458
410.3
416.2
388.6
379.8
335.5
358.6
272.4
193.1
261.2
246
238.9
135.9
253.9
116.4
149
146.3
179.2
58.4
195.2
85.3
143.4
128.7
166.3
141.4
224.9
198.8
279.6
194.7
258.1
327.7
333.9
392.3
485.3
407.4
445.2
431.4
412.6
345.9
425.3
353.1
415.8
383.4
333.5
363.6
267.7
237.9
256.1
293.4
287.5
217.3
297
132.4
125.3
334.9
85.5
96.2
102
53.8
50.5
44.4
25.4
11.2
0
54
45.9
80.5
254.2
86.3
20
38.2
54.5
128.1
60.7
58.2
90.7
79.2
136.6
93.8
110
170.6
194.2
197.5
193.9
244.8
298.9
325.3
341.4
339
365.1
363.3
328.8
311.7
354.5
343.8
340
229.6
305.1
301.2
218.9
204.8
222.7
156.1
166.9
233.8
191
142.9
196.7
211.5
257.1
383.8
546.7
682.2
666.7
582.1
551.3
543.5
531.4
559.8
550
667.9
641
489.4
438.2
478.5
354.6
462.2
332.4
350.1
345.2
283
325.1
269.8
248.5
284.4
228.6
293.9
310
317.3
502.2
343.8
281.6
308.8
265.3
339.5
364.4
286.2
350.3
340.5
418.2
446.8
418.9
389.3
410.1
395.3
276.6
363
290.5
302.3
204.5
159.6
167
218.5
130.4