6367.1
5346.1
3513.5
2024.6
1148.3
1217.3
1497.8
1823.2
2240.8
2806
3616.3
4624.2
5887.9
7229.1
9013.4
11175.2
13762
16340.7
18482.6
18422.2
14369.1
8820.5
3837.3
1791.4
1889.6
2045.3
2347.4
2785.4
3484.2
4192.7
5329.9
6841
8333.5
10469.6
12909.3
15802.6
19232.8
23605.9
27602.3
30910.9
29229.4
20889.2
11546.4
3784.9
1301.1
1111.9
966.3
841.8
813
945.4
754.9
710.1
732.1
914.2
872.8
998.1
1188.9
1306.1
1617
1955.2
2050.9
2325.5
2141.5
1762.3
1228.7
890.5
762.5
858.9
1023.4
1259.1
1648.9
2150.3
2818.9
3459.7
4143.3
4964.3
5667.5
5962
5092.7
3537.9
2141.9
1168.5
1103.6
1419.7
1384.1
1725
1852.6
1923.4
2469.2
3074.6
4024.1
5338.6
6802
7979.5
9536.8
11583.6
13356.4
14480.8
12554.6
8703.7
4918.2
2067
1557.5
1698.2
1893.7
2034.4
2402.4
2790.8
3414.1
4142.3
5011.4
6047.8
7334.5
9033
10952.4
13185.8
15745
18896.4
23178.1
26675
28005
25179.1
17452
9836.8
3800.8
1731.4
1545.9
1685.5
1675.4
1931.5
2125.5
2483.3
2926.4
3516.7
4304.4
5091
6291.6
7495.7
8949.6
10802.6
13005.3
15274.6
17818
21550.2
25958.8
28246
28067.5
22314.6
14551.1
7512.9
2885.2
2018.4
2085.8
2194.1
2369.7
2710.2
3159.1
3725.4
4285.3
4833.5
5085.4
4654.8
3600.2
2489
1532.8
1200.7
1178.2
1284.2
1369.3
1535.8
1922.3
2140.4
2604
3271.5
3984.3
4580.7
5256.9
5983.8
7251.4
8227.9
8425.5
7587.2
5582.6
3467.5
1782.7
1041
1000.2
992.1
1045.2
1064.4
1305.8
1319.8
1436.5
1650.7
1860.2
2325.2
2933.1
3644.3
4684.4
5536.3
6500.9
7513.4
8890.7
10720.6
12135.7
12555.8
11348.1
8349.2
5129.3
2505.4
1296.6
1228.6
1156.1
1250.2
1364.5
1335.1
1430.2
1716.3
1725
1841.7
2075.4
2347.2
2740
3178.4
3755.4
4349.5
5099.3
6048.9
6942.1
8124.3
9347.7
11129.1
13161.6
14030.3
13418.5
10959.8
7402.7
4076.2
1600.6
823.6
657.1
650.1
595.7
685.8
586.5
834.2
892.4
953.5
1004.3
1111.7
1246.6
1460.6
1597.2
1863.6
2094.1
2426.4
2843
3257
3824
4416.5
5093.4
5932.5
6949.5
8401.3
9474.1
9682.1
9213.8
7634.7
5965.2
4423.6
3305.3
2829.5
2366.7
1595.1
1019.9
858.6
608.3
648.6
602
560.9
569.4
616.1
702.4
761.9
866.2
1051.5
1212.2
1435.6
1679.5
1943.8
2186.9
2536.4
2971.2
3444.1
3806.9
3978.8
3534
2818.1
1788.4
947.5
370.8
242.2
243.6
224.1
266.9
259.5
305.5
358.7
391.7
396.6
753.6
449.8
469.5
616.1
721
1099.2
1027.3
1355
1651.5
1885
2249.6
2471.5
2957.9
3605.6
4422.7
4828.7
5138.3
4554.9
3650.2
2541.8
1461
811.9
721.9
687.7
729.9
653.3
628.8
596.9
500.6
493
436.7
479.5
504.4
543
543.5
620.2
702.2
750.4
862.9
1200.2
1130.7
1304.1
1535.3
1753.3
2010.9
2373.5
2666
3092.8
3513.1
4275.8
4762.3
4845.6
4465
3796.7
2739
1617.9
782
416.6
330.8
321.1
325.9
361.4
383.9
378.8
408.5
475.8
435.8
436.8
577.1
551.5
585
633.4
643.1
719.9
867.4
1083.4
1111.8
1305.5
1479.1
1838.6
2064.1
2352.5
2539.7
2734.6
2626.8
2527.3
2392.9
2306.1
2498
2651.5
2684.1
2460.3
2176.2
1619.1
1070.2
715.7
381
367.9
308.5
323.1
432.7
459
480
606.2
652.9
790.7
981.9
1065.8
1148.1
1269.1
1483.5
1769.8
2093.6
2186.3
2135.3
1944.4
1571.3
1130.9
646.5
311.5
187.4
245.3
213
203.7
186.7
228.3
188.5
320.3
210.5
237.1
285
314.8
314.9
384.1
369.5
291.6
302.5
402.2
375.8
430
500.1
650.8
715.9
984
1053.5
1267.3
1319
1479.1
1676
1997.8
2377.2
2560
2631.5
2592.3
2365.4
2040.1
1563.9
1302.1
1076.2
1023.7
1029
992.7
779.1
624.2
510.7
338.1
264.7
176.2
243
199.2
374.7
528.8
610.5
673.4
733.1
842.7
637.8
555
436.6
401.9
495.3
540.4
592.1
637.3
769.2
761.4
946.2
979
1028.9
1200.9
1256.1
1360.7
1494.3
1699.8
1818.7
1922.9
1764.3
1679.4
1453.8
1082.5
788.1
515.7
331.7
306.8
283
271.2
234.8
283.1
244.3
251.8
291.1
312.3
289.5
354.2
463.6
492.1
500.2
604
656.3
659.9
646.9
580.6
586.3
386.9
270.6
178.3
196.3
142.1
160.8
157.9
343.1
228.4
272.2
339.2
328.5
388.7
368.7
510.6
532.4
535.2
639.2
615.5
725.9
791.1
791.6
721.8
690.8
675.2
632.4
515.3
469.9
532.8
564.4
607
670.9
736.1
871.9
928.1
873.7
866.3
818.5
766.3
700.2
514.1
400.1
325.1
323.7
366.5
234.7
219.6
252.2
254.5
230.1
167.2
307.9
167.1
179.9
198.1
167.5
214
273
269
477.6
300
339.1
354.4
394.6
441.3
512.8
558
495.4
599.5
630.3
655.2
746.7
741.8
765.4
1001.2
939.9
1043.8
1048.8
1205.5
1250.3
1348.1
1444.2
1568.8
1587.9
1564.4
1553.2
1509.6
1509.4
1377.8
1313.3
1242.3
1180.5
1007.2
936.4
772.5
700.8
575.3
567.1
494.2
496.6
389
354.9
418.3
404.5
333.5
216.8
216.6
201.8
229.9
307.4
382
481.5
276.1
221.3
223.7
184.7
189.4
253
193.7
174.8
185.4
218.7
233.7
188.9
205.3
241.5
252
200.1
197.3
369.7
272.7
175.8
221.8
311.4
240.1
310.7
483.4
472.8
393.3
384.1
411.8
300.8
284
358
299.3
334.3
401.4
448
529.1
663.8
836.8
809.1
923.8
1094.7
1166.3
1262.9
1323.1
1429.5
1481
1506.3
1523.2
1589.9
1634.8
1625.5
1644.7
1576.6
1663.3
1765.9
1671.8
1637.9
1603.6
1700.6
1742.6
1738.4
1746.8
1785.5
1818.2
1850.9
1831.8
1743.4
1768.1
1636
1608.7
1561.9
1640.3
1567.1
1739.8
1634.4
1661.8
1662.4
1660
1734.8
1765.7
1807.4
1766.7
1710.4
1800.6
1722.9
1669.2
1637.9
1715.7
1663
1664.2
1599.4
1566.7
1623.2
1602.5
1548.2
1541.3
1499.5
1428.1
1253.8
1193
1119.8
1125.9
1185
1133.7
1211.3
1125.6
1196.2
1231.6
1354.9
1360.8
1409.6
1366.5
1313.7
1275.5
1225.2
1164.1
1112.7
1080.9
1033
965.9
909.1
887.7
846.7
840.9
896.2
968.5
963
956
1025.5
963.7
936.7
908.6
902.8
961.4
843.1
899.9
854.1
842.4
810.2
811.5
746.3
791
834.8
973.9
1020.6
978.2
1002.5
938.8
965.9
986.4
909.2
873.9
756.7
829.1
506.7
485.7
494.5
371.7
347.1
368.7
329.5
371.6
367.3
394
313.3
457.4
432.6
420
430.2
404.6
503.1
532.3
510.4
537.4
529.9
674.1
620.8
660.2
684
735.6
742
792.4
815.8
849.7
912
871.1
920.9
910.7
1003.6
1114.7
1158.2
1354.6
1374.7
1577.5
1707
1918.9
2148.2
2514.7
2970.6
3359.1
3948.9
4463.6
4903.8
5113.2
5174.6
5228.3
5361
5425.9
5523.6
5686.3
5822.1
5865.4
5561.3
5292.8
4911.4
4634.1
4678.8
4631.6
4911.9
5437.5
6057.1
6679.1
7186.6
7613.8
7752.5
7798.3
7961.4
7851.1
8122.2
8090.3
8145.5
8377.3
8354.6
7572.8
6924.2
6296.1
5916
5621.6
5678.8
5976.2
6571
7037.3
7658.9
8381.2
8709.1
8831.7
8807.8
8772.1
8855.2
9096.6
9135.1
9278.1
9501
9264.7
8736.9
7766.5
6899.9
6322.5
5927.8
5842.2
6175.3
6747.2
7293.2
7818.3
8608.1
9078.8
9469
9392.2
9299.6
9187
9207.7
9654.8
9745.8
9755.1
9868
9431.4
8913.6
7585.1
6652.8
6082.2
5595.1
5553.9
5898.4
6217
6706.8
7208.4
7886.7
8454.6
8736.3
8767.9
8358.2
8216.6
8225.7
8502.4
8825.6
8845
8873.4
8463.8
8280.1
7261.3
6192.6
5394.4
4908.2
4894.7
5212.2
5489.1
5951.3
6434.8
6988.9
7689.2
8182.1
8419.2
8243.6
7848.5
7744.2
7660.2
8070
8351.1
8570.2
8548.2
8375.3
8027.1
7177.6
6122.5
5234.1
4686.3
4696.4
4924.1
5115
5352.2
5801.4
6196.1
6762.9
7367.9
7560.6
7546.4
7084.4
6722.4
6635.3
6723.3
7177.8
7247
7130.4
7007.5
7102.6
6432.8
5276
4276.5
3454.3
3038.4
2911.9
3053.8
2925.1
2841.3
2912.9
3130.5
3576.3
3620.9
3846.7
3817.8
3618.9
3409.3
3407.4
3461.5
3841.7
3864.9
4081
3796.4
3747.5
3569.7
3103.5
2441
1966.2
1762.9
1826.5
1897.6
1988.1
2027
1980.8
2152
2351
2588.5
2629.2
2772.4
2558.4
2379.2
2268.4
2234.3
2413.3
2366.9
2413.6
2335.7
2294.9
2196.9
2128.1
1786.8
1477.5
1373.8
1275.8
1282.7
1281.2
1388.7
1469.2
1610.5
1797.2
2017.4
2350.1
2565.8
2901.6
3083.1
3260.3
3252.7
3117.7
3074.8
2964
3121.7
3081.8
3256.7
3213.6
3055.5
2898.6
2943
2875.8
2455.3
1980.7
1831.3
1962.9
2040.2
1996
2027.2
2173.8
2355.8
2716.5
3061.7
3521.6
3927.9
4534.9
4929.8
5379.6
5569.1
5643.1
5310.5
4999.5
5043.8
5265.9
5366.9
5586.7
5655.5
5396.2
5012.7
5010.3
5022.7
4511.2
3560.2
2991.5
2968.7
3110.8
3120.8
3008.2
3143
3172.5
3642.6
3994.3
4590.1
5215.2
5888.5
6586.2
7217.8
7732.5
8181
8187.1
7785.2
7255.6
7243.3
7689.9
7944.1
8112.8
8228.5
7870.4
7481.5
7152.1
7430
6786.7
5536
4299.9
4247.6
4494
4512.8
4309.7
4284.8
4307.2
4653.8
5191.7
5774.9
6452
7134.4
8113.9
9067.1
9989.9
10515.4
10955.1
10829.9
10318.4
9749
9819.4
10333.5
10617.7
11024.7
11165
10807.5
10010.5
9699.2
10032.6
9334.5
7539.7
5894.3
5649.8
5698.9
5881
5785.9
5722.5
5654.5
6026.6
6612.6
7231
8177.7
9109.7
10142.3
11383.9
12612.9
13533.5
14374
14593
14458.2
13778.3
13123.6
13202.1
13928.5
14187.9
14814
14977.9
14452.3
13582.8
13285.9
13374.9
12518.5
10412.1
8283.5
7847.1
8214.9
9732.8
13438.8
16988.6
18092.5
15666.5
11954.3
10735.1
11045
12021.3
13161.8
14680.7
16115.9
17412.6
18522.4
19404.4
19519.4
19145.4
18274.3
17688.8
17881.2
18651.6
19199.4
19850.9
19819.5
19204.7
18109.5
17711.3
17515.5
16213.6
13533.3
10771
9514.1
9217.7
9181
9039.4
8630.5
8316.1
8204.4
8379.6
8950.9
9789.6
10797
11847.5
13096
14271.7
15596.5
16665.5
17746.2
18043
18160.4
17771.5
16984.6
16638.5
16781.5
16964.6
17486.4
17810.9
17767
17185.9
16668.6
16048.9
15549
14218.8
11925
9714
8253.8
7633.5
7279.4
7148.5
6693.5
6477.3
6088.1
6033.7
6197.2
6553.7
7029.4
7652
8365.1
9124.8
10008.2
10797.7
11516.7
11957.3
12397.3
12307.4
12105.5
11593.2
11436.4
11395.9
11588.2
11819.7
11954.2
11899.9
11550.6
11257.6
10775.1
10222
9372.3
8017.6
6701
5663.2
4866.4
4370.4
4093.5
3717.3
3466.2
3198.5
3006.4
2873.9
2857.2
3043.4
3161.4
3353.5
3739.5
3885.3
4190.9
4480.2
4707.4
4940.6
5028.1
4988.1
4910.4
4790.1
4679.8
4709
4570.3
4802.7
4773.4
4790.6
4562.5
4576.3
4297.9
4100.4
3732.1
3225.7
2783.1
2327.1
1877
1566.3
1361.9
1181.3
1039.9
921.7
686.8
656.4
465.3
373
405.6
276.9
288
277.3
351.6
302.9
278.5
246.9
228
224.8
210.1
248.4
239.9
310
218
261.5
229
331.8
227.9
243.5
242.8
296.4
362.4
276
465.6
373.3
261.3
297.1
348.2
310.5
445.7
358.3
356.4
355.4
352.5
481.9
472.6
582.6
562.2
618.4
645.4
585.5
581.4
521.1
585.1
591.4
782.2
683.7
691.9
718.7
757.3
903.8
842.2
913.5
934.3
1027.3
1104.2
1384.9
1358.8
1460.9
1603.9
1883.6
2023.2
2184.1
2334
2544.1
2787.4
3589.8
5137.1
5260
4182.3
2108.5
1123.8
1130.9
1275.9
1189.8
1226.7
1371.5
1470.9
1667.6
1874.7
2076.5
2360
2740.8
2972.5
3512.2
3865.2
4433.7
4957.5
5581.8
6206.8
6977.8
7814.5
8693.6
9635.6
10756.6
11819.6
12881.2
13931.8
15589.2
18981.9
23899.5
27691.8
26764.6
20430.4
11777.1
6534.8
4055.2
3348
3032.2
2821.5
2564.2
2411.7
2401.5
2282.7
2355.4
2287.4
2388.1
2322.2
2368.2
2449.4
2620
2678.9
2945.3
3154
3458.1
3712.3
3991.3
4298
4685
5021.9
5508.2
5890.1
6285.6
6635.9
6842.8
7241.5
7287.5
7591.7
7694.6
7740.2
7867.2
7948.5
8085
8221.9
8032.3
8037
8007
8032.6
7875.7
7680.7
7546.3
7281.4
7040.2
6835.7
6482.9
6248.9
5980.9
5711.1
5452
5171.1
5004.1
4848.5
4905.9
4831.5
4889.2
5175.9
5278.8
5585.6
5863.5
6356.9
6691.1
7303.1
7957.5
8576.3
9241.7
9894.4
10846.7
11657.7
12424
13112.6
13679.5
14058.4
14398.8
14573.7
14852.2
14825.6
14796.5
14809.6
14825.5
14937.4
14875.6
14684.7
14604.3
14624
14565.8
14272.4
13907.8
13501.1
13343.2
13073.6
12584.4
12135.7
11807
11446.4
11145.2
10829.8
10655
10628
10812.2
10766
10919.3
10805.3
10936.4
11027.4
10911.1
10773.8
10749.5
10860.3
10901
11135.3
11312.4
11628.2
12322.1
12825.3
13650.2
14549
15506.3
16429.2
17194.4
18029.6
18674
19363.2
20209.9
20592.5
21199
21756.7
22397.4
22766.2
23220.1
23550.2
23977
24361.8
24947.9
25259
25911.8
26034.7
26237.4
26142.9
25946
25289.6
24192.8
23003.3
21489.8
19916.8
18440.7
17254.3
15687
14297.6
13016.3
11793.6
10585
9779.4
9050.8
8889.9
8947.5
9009.2
9319
9591.2
10086
10706.7
11546.7
12265.4
13057.7
14180.3
15198.6
16246
17373.4
18623.9
19679.4
20734.1
21947.6
23008.4
24018.6
25174.5
26526.4
27669.1
28830.3
30061
30845.5
31054.5
31045
30917.5
30346.3
29458
28377.8
27284
25909.6
24708.5
23453.3
22011.5
20535.2
18786.5
17098.7
15542.8
14169.1
12785.9
11764
10842.1
10095.8
9421
8807.2
8450.4
8038.8
7599
7397.4
7264.4
7218.1
7260.3
7486
7625.7
7816.7
8115.9
8517.5
9219.6
9665.4
10158.2
10815.6
11642.6
12246.4
12782.6
13530.9
14061.2
14527.9
14909
15317
15501.2
15916
16223.2
16328.1
16446.7
16662.2
16826.8
16818.6
16904.7
16694.6
16522.1
16262.1
16003.7
15682.6
15201.8
14770.8
14390.2
14033.5
13839.8
13708.9
13658.5
13695
13756.1
13528.2
13495.2
13313.7
13344.3
12398.2
11650.3
10976.3
10428.9
9820.2
9154.7
8587.2
8113.7
7639.1
7035.1
6390.7
5763.8
5406.1
4849.4
4381.1
3740.8
3188.4
2892
2581.7
2407.6
2200
2189.9
2098.2
2152.8
2127.2
2130.7
2204.1
2309.6
2416.9
2518.5
2518.6
2670.7
2835.8
2817.9
3028.8
3228.9
3325.5
3488.9
3759.6
3902.7
3947.1
3927.4
3984.4
4125.2
4068
4107.6
3961.3
3976.3
3761.3
3560.8
3454.4
3338.2
3124
3210.2
2812.9
2640.3
2386.9
2327.1
2076
1914.9
1698.3
1602.6
1473.4
1308.4
1296.9
1285.7
1269.8
1174.4
1203.7
1218.7
1377.3
1403.7
1420.5
1500.9
1624.8
1752.2
1845.1
1969.3
2165.7
2410.6
2431.3
2668.4
2868.6
3135.4
3507.9
3680.9
3931.1
4068.7
4212.6
4503.1
4379.4
4393.1
4437.7
4421.6
4378.2
4330.6
4356.5
4150.5
3945.2
3827.9
3716.1
3473.7
3312.8
3025.3
2749
2566.9
2451.3
2191.1
1860.3
1775.2
1491.7
1392.6
1235.7
1166.7
1151.8
1131
1094.1
1061.3
1120.3
1055.9
998
1007.2
999
1061.5
1016.5
1131.2
1193.5
1160.1
1299.4
1279.9
1392
1485.5
1581.4
1654.7
1834.9
2095
2173.4
2435.9
2518
2639.7
2891.3
2888.4
2743.5
2770.5
2776.3
2800.3
2838.3
3123.2
2738.2
2670.8
2599.8
2496.6
2423.3
2348.5
2207.9
1958.5
1678.2
1597.8
1572.7
1327.6
1200.8
994.1
922.4
780.4
630.6
616.8
650.1
654.2
627.6
599.3
617.3
629.7
431.4
590.2
541.1
492.7
620.1
469
416.9
447.3
396.8
428.8
431.6
396
296
257
286.9
320.8
295.9
215
316.2
146.2
191.1
160.5
202.5
77.7
235
77.3
129.5
164.9
165.6
133
188.4
191.9
239.1
166.4
213.4
285
257.9
362.2
439.5
377.9
429
455.9
376.9
341.5
425.9
374.2
458.3
382.4
339.2
422.1
329.5
323.1
313.5
331.3
334.3
286.6
424.7
192.3
216.7
408.6
134.9
134.2
154.8
75.4
95.2
61.3
47
18.1
4.8
69.1
66.8
111.8
315.7
80.9
0
33.2
45
152.9
61.4
51.4
55.3
73.1
128.4
116.9
103.8
146.1
188
197.3
167.8
191.7
275.7
252.7
298.7
272.8
365.6
403.7
383.4
354.7
379.9
371.1
431.4
338.2
390.6
374.7
229.4
220.8
289.3
244.1
176.7
301.1
203.5
176.3
196.2
187.5
182
217.3
344.5
536.6
579
623.1
651.4
633.3
595.9
577.9
570.7
711.9
689.8
581.8
551.6
628.7
489.7
575.8
452.4
470.6
442.5
368
397.7
325.7
327.6
324.2
304.5
327.4
360
311.5
543
338.5
305.2
320.6
290.7
367.5
409.5
304.1
371.9
372.8
436.3
462.9
434.7
401.2
457.3
438.4
349.6
401.7
358
376
290.6
276.6
296.4
333.1
231.5
284