6327
4926.4
3063.8
1676.6
1141
1286
1623.1
1941.2
2424.6
3056.3
3910.1
4961.5
6365.7
7817.5
9769
12063.3
14755.5
17401.6
19245.3
17886.8
12766.2
7227.2
2826.6
1733
1967.1
2112.9
2459.9
2944.1
3715.2
4539.7
5663.1
7369.7
9003.8
11229.2
13835.3
16954.5
20702.6
25153.9
29210.1
31401.3
27204.5
17907
8901.3
2436.2
1203.1
1065.3
940.6
823.2
823.4
918.1
738.2
730.5
756.3
945.4
931.4
1075.4
1273.9
1448.6
1724.3
2066.7
2204.1
2402
2048.5
1630
1072.7
846.4
781.4
926.7
1117.5
1378
1853.6
2364.6
3091.9
3715.4
4531.1
5367.9
5979.4
5957.8
4648
3098.7
1769.4
1104.1
1168.4
1440.2
1446.1
1750.2
1962.2
2071.8
2686.7
3424.7
4494
5860.7
7322.2
8584
10494
12614.5
14148.6
14411.9
11438.3
7511.2
3898.8
1708.8
1601.7
1735.8
1978
2146.9
2539.1
3002.5
3619.3
4360.8
5412.8
6524.8
7926.5
9758.3
11854.4
14237.7
16978.8
20554.8
24997.3
27674.4
27818.1
22869.9
14955.6
7707.6
2738.2
1654.9
1553.1
1713.5
1759.8
2044.6
2265.9
2647.8
3138.2
3770.8
4613.8
5449.4
6661.9
8034.7
9513.4
11483.7
13847.9
16208.1
19049.2
23424.5
27226.3
28528.6
26716.6
19719.2
12141.8
5713
2355
2005.8
2156.5
2278.1
2534.1
2875.6
3342.5
4004.9
4660.2
5078.4
5071.5
4414.1
3267.5
2211.2
1375.4
1214.7
1233.7
1297.7
1410.2
1632.6
2033.3
2300.5
2824.3
3526.7
4206
4826.8
5583.8
6511.6
7785.7
8412.3
8272.3
7003.2
4920.7
2899
1469.4
1012
997
1005.9
1103.8
1148.2
1317.8
1371.8
1500.9
1678.8
1997.8
2519.7
3257
4022.2
5021.4
5918.5
6910
7993.8
9696
11461.6
12406.1
12375.2
10494.9
7320.4
4237.1
1899
1220.1
1194.3
1136.2
1251.7
1325
1319.7
1453.1
1724.5
1727.7
1914.1
2177
2526.8
2866.3
3341.7
3990
4590.9
5426
6394.7
7342.4
8632.2
9975.4
12064.4
13553.8
13866.9
12839.9
9836.1
6355.6
3183.4
1176.7
787.8
656.3
603.9
604.6
665
595.1
867
892.1
952.7
1003.8
1152.8
1281.4
1487.3
1602.6
1979.1
2218.1
2537.6
2984.4
3435.4
4022.8
4633.6
5379.7
6284.3
7515.2
8890.9
9668.3
9592.8
8758.3
7127.3
5533.2
4046.9
3148.3
2650.2
2148.4
1419
882.1
828.8
598.7
649.1
583
592.8
577.9
625.7
726.6
803.4
954.3
1093.3
1279.1
1505.9
1770.7
2044.3
2304.7
2701.7
3198.9
3682.5
3920.8
3962.2
3301.6
2499.3
1488
743.3
326.1
241
222.9
225.6
300.5
309
320.3
392.2
407.6
415.1
756.5
471.9
527.9
624.5
781.1
1133.1
1139.6
1486
1790.8
2048.2
2401.7
2677.4
3196.1
3953.1
4657.7
4903.4
4976.4
4305.2
3310.4
2190.2
1190.1
694.9
711.4
678.2
654.1
627.1
563.1
559.7
445.2
455.4
414.4
460.9
494.2
533.5
558.8
658.9
734.4
803.2
916.2
1219.6
1189.9
1379.7
1600.4
1841.8
2149.7
2425.4
2776.9
3259
3857.6
4492.1
4763.8
4718.4
4259.6
3470.2
2384.7
1313.4
603
384.8
313
289.3
335.2
366.3
315.6
338.8
406.7
443.2
476.3
457.1
560.2
555
641.3
619.5
695.5
790.7
926.2
1131.5
1201.6
1389.7
1604.1
1959.6
2263.3
2489.2
2567.5
2666.4
2643.6
2479.5
2427.3
2370.1
2588.2
2654.5
2545.1
2319.6
1989.9
1408
962.6
597.5
377.8
365.1
337.2
367.2
454.1
470.5
488.1
649
670.6
866.8
1006.7
1124.5
1187.6
1321.2
1591
1883.3
2146.3
2157.1
2059.7
1840
1448.7
989.7
525.3
248.6
186.4
222.3
180.9
189.6
173.6
209.4
210.4
338.6
218
250
291.9
321.8
311.2
385.4
341.8
300.4
321.3
439.6
403.9
437.1
547
647.8
766.2
1062.9
1057.8
1251.3
1375
1552
1817.3
2183.1
2463.5
2574.3
2578.8
2468.9
2222.1
1866
1429.3
1206.5
1030.4
974.9
918.8
897.5
714.3
542.6
437.2
252
209.9
181
289.6
312.9
428.3
553.8
650.4
721.9
776.2
802.1
619.9
510.1
417.7
433.7
523.5
599.3
614.8
672.2
776.3
797.1
969.2
992.2
1053.8
1204.1
1278.9
1382.7
1574.4
1782.5
1880.6
1838.3
1700.9
1581
1339.3
915
674.1
461.1
277.5
262.9
280
250
240.1
288.6
227.1
286.4
289
316.2
295.6
377.4
483.2
507.5
551.4
643.8
672.5
659.3
607.1
542.8
561.6
326.3
266.2
184.3
188
157.2
143.7
188.7
337
266
256.3
351
354.9
359.7
407.9
492.6
513.9
564.1
661.7
659.6
727.4
776.4
715.8
688.7
680.1
657.6
623.4
521.3
484.9
554.6
565.3
628.4
667.7
782.9
897
952.3
885.4
852.8
811.7
754.9
672.2
460
367.4
315.8
320.1
359.8
240.2
220.1
255.2
250.5
207.4
181.3
291.5
191.2
193
194.9
164.5
228.9
268.4
280.9
470.7
316
343.7
347.2
428
456.1
502
549.9
512.9
593.9
662.3
694.4
766.2
754
774.7
1039.1
936.6
1069.3
1062
1218
1294.6
1385.7
1462.9
1583.9
1596.5
1551.4
1550.7
1494.7
1516.3
1311.4
1250.3
1172.2
1106.1
992.4
878.8
749.6
653
593.6
529.9
536.7
474.6
393.3
366.8
421.4
368
316.6
230.7
205.4
233.9
246.3
302.6
382.8
446.7
283
238.4
241.8
165.3
205.4
243.7
180.1
172.2
176.2
216.1
227.1
203
205.7
239.4
239.7
219.4
208.9
353.2
253.5
217.5
214.2
327.3
276.3
328.7
489.4
486.4
381.7
410.4
393.7
306.7
296.2
386.3
306.4
382.7
458.9
493.8
594.4
689.6
865.8
894
954.4
1166.7
1221.5
1277.9
1321.1
1423
1491.8
1584.2
1554.9
1633.7
1641.8
1655.3
1657.9
1616.5
1679.2
1766.4
1693.7
1681.3
1675
1706.8
1754.5
1766.7
1779.5
1795.2
1838
1866.4
1831.3
1788
1756.8
1622.8
1620.2
1609.8
1643.1
1616.7
1744.5
1688
1695.8
1701
1722.3
1756.8
1815.7
1802.2
1763.3
1721
1813.8
1728.4
1706
1613
1702.4
1653.1
1696.9
1624
1582.7
1585.7
1617.6
1548.8
1530.8
1474.4
1398.8
1261.8
1193.2
1129.7
1148.8
1150
1151.8
1262.8
1191.9
1226.6
1263.3
1332.9
1382.5
1382
1341.4
1324.7
1245.3
1218.7
1168.3
1100.6
1050
1012.5
976.3
897.5
889.5
870.8
828.9
908.5
993.8
980.7
967.6
1013.7
936.4
916.9
859.2
922.2
929.8
866.1
909.6
829.4
874.5
796.2
758.6
763.9
804.4
859.2
953.5
994.6
990.9
979.9
939.9
946.1
977.4
862.6
836.8
720.6
787.4
475.5
476.4
504.2
360.3
385.9
358.7
333.5
379.5
364.3
429.3
329.9
473.1
437.3
433.2
407.1
434.8
502.1
536.4
518.6
532
515.9
703.9
615.2
650.9
696.9
729.7
732.4
774
784.1
858.3
919.1
880.9
942.1
927.1
1048.7
1160.6
1202.7
1400
1431.8
1645.6
1796.7
2042.2
2303.4
2758.4
3189.5
3644.3
4219.3
4707.4
5071.4
5228.2
5302.7
5327.2
5497.4
5600.9
5639.3
5825.7
5951.7
5876.2
5511.1
5228
4959.9
4699
4719.8
4818.5
5183.1
5705.2
6382.2
6999.4
7405.2
7791.8
7811.6
7935.2
8073
8033.3
8258.7
8208.1
8382.4
8409.8
8177.3
7339.2
6755.5
6183.8
5932.6
5651.6
5877.1
6313.5
6886.2
7418.7
8031.8
8614.8
8836.7
8895.9
8873.7
8906.7
9036.9
9261.6
9259.8
9445.4
9497.4
9158.8
8437.7
7453.3
6772.4
6268.8
5946.3
5993
6440.4
7053
7624.7
8249.7
8886.8
9233.3
9430.5
9425.2
9324
9293.1
9540.5
9832.4
9810.4
9946.2
9788.9
9301.7
8493.6
7204.4
6457.3
5928.6
5580.7
5757.5
6055.7
6465
6957.8
7522.2
8288.9
8694.3
8800.3
8728.9
8250.6
8292.9
8373.4
8733.3
8828.6
8912.8
8862.8
8380.2
7974.9
6706.6
5977.7
5258.5
4888.2
4983.7
5383.6
5741
6183.2
6736.4
7288.4
7977.6
8289.4
8417.5
8061.2
7812.7
7821.8
7879.4
8385.6
8372.3
8676
8571.9
8297
7755.1
6625
5846.1
4985.5
4689.5
4760.6
5024.5
5191.4
5509.1
5998.5
6431.3
7049.7
7570
7656.1
7395
6988
6751.3
6699.6
6959.2
7273.1
7238.6
7150
6920.8
7020
5950.6
4744.5
3981.2
3260
3025.5
2930.2
3007
2913.5
2882
3041.1
3225.8
3747.7
3700.6
3902.7
3793.1
3564.5
3435.5
3441.1
3548.7
3966.5
3930.4
4122.3
3812.7
3696.6
3439.9
2792.5
2268.7
1875.1
1795.3
1909.5
1907.3
2012.4
2051
2071.6
2250.8
2456.4
2665.3
2689.2
2693.1
2521.9
2391.9
2294.7
2264
2466.7
2444.9
2411.1
2352.1
2328.9
2197.8
2017.5
1691.1
1397.9
1345.3
1310.2
1303.2
1336.6
1443.9
1557.5
1734
1946.3
2187
2554.7
2752
3051.3
3229.2
3291.5
3212.7
3113.2
3142.9
3061.9
3203.2
3223.5
3286.3
3206.8
3002.1
2955.2
2963.2
2788.8
2238
1935.6
1887.1
2025.7
2013
2012
2080.6
2283.6
2525.2
2901.2
3326.9
3714.1
4204.1
4786.3
5170.9
5572.3
5640.3
5566.1
5250.3
5083
5239.1
5376.6
5520.5
5696.9
5662.2
5289
5048.7
5127.8
4906.6
4187.3
3270.3
2948.3
3097
3159.6
3140
3071.5
3180.1
3343.1
3820.5
4250.7
4866.5
5509.6
6313.1
6964.8
7539
8062.3
8319.3
8081.4
7640.7
7246.5
7525.3
7883.3
8032
8349.6
8173
7765
7308
7398.4
7273.2
6355.8
4878.9
4244.3
4364.3
4616.8
4475.1
4277
4292.5
4415.5
4911
5392.1
6091.9
6793.3
7589.4
8629.5
9535
10259.4
10844.8
11086.3
10779.5
10118.5
9703.9
10122.1
10547.2
10867
11310
11061
10639.3
9772.6
9959.4
9942.3
8698.5
6657.1
5651.7
5771
5861
5886.7
5775.6
5770.1
5729.6
6285.4
6954.8
7628.8
8636.5
9628.7
10792.4
12013.8
13225.4
14018.5
14831
14717.9
14284.9
13461.9
13163.4
13604.8
14217.5
14544.2
15098
14863.1
14221.7
13262
13504.2
13329.5
11784
9344.7
7834.6
8008.2
8752.5
11419.6
16266.6
19108
18587.3
14205.4
11231.9
10856.8
11428.8
12596.4
13946.1
15497.7
16886.3
18118.9
19239
19810.9
19687.8
18967.1
17922.1
17858.6
18363.8
18980.1
19610.3
20175.7
19840.1
18976.2
17920.4
17819.9
17339.2
15266.2
12215.1
10042
9342
9267
9175
8997.9
8502
8253.1
8283.4
8656.6
9354.9
10275.9
11339.2
12432.9
13740.6
14987
16223.5
17323.4
18220.2
18404.1
18166.7
17521.1
16763.5
16700.7
17059.9
17404.2
17906.9
18134.8
17704.7
17033
16545.8
15910.7
15272.1
13425.8
10935.9
8931.1
7934
7446.7
7182.9
7066.5
6508.5
6298.5
6025.8
6112.4
6386.7
6845.1
7295.3
8000.6
8840.5
9625.8
10506.4
11231.2
11935.5
12240.1
12570
12321.3
12005.9
11558.7
11471.5
11534.9
11764.7
12042
12092.7
11879.5
11564.8
11171
10635.9
10039.8
8887
7442
6117.3
5252.4
4637.5
4204.2
3956.6
3626
3343.7
3137.3
2910.9
2860.4
2927.3
3139.3
3279.9
3503.6
3916.9
4057.1
4358.5
4637.8
4884.3
5027.3
5122.7
5005.6
4868.8
4805.9
4691
4750.4
4683.7
4877.8
4813.6
4770
4600
4534.6
4234.1
3970.3
3523
3034.2
2569.7
2137.3
1735.8
1464.8
1290.1
1132.1
988.4
826
650.6
623.7
469.3
372.7
353.9
275.3
335.3
281.8
354.7
339.1
303.6
265
253.7
275.8
230.5
239.4
266.3
303.8
211.3
248.8
262.5
354.6
242.2
258.8
277.8
305.2
374.1
293.9
480.7
371.4
282.3
328.5
377.1
308.8
451.7
357.7
398.6
367.2
408.8
514.2
511
648.6
593.6
615
657.9
600.4
609.1
562.3
595.4
632.6
777.2
710.6
713.9
750.9
815.6
918.4
868.1
951.9
1001.7
1087.4
1163
1450.5
1473.7
1575.3
1719.3
1989.7
2144
2296.7
2433.4
2699.1
3087.1
4537.6
5507.6
5002.3
3300.6
1436.8
1122.3
1146
1312.5
1250
1310.2
1443.8
1589.4
1837.3
2033.6
2207.6
2518.1
2933.9
3231
3708.5
4112.8
4703
5289.7
5988.5
6656
7483.7
8372.7
9281.9
10278.7
11430.3
12578.6
13595.4
14770.9
16952.6
21441.7
26840.4
28647.3
24821.1
16251.7
8573.6
4893.1
3587.9
3175.8
2947.7
2746.7
2496.2
2387.7
2396.7
2259.7
2377
2284.5
2460.5
2350.6
2453.4
2529.9
2699.3
2806
3078.4
3277.4
3590.1
3881.6
4227.8
4495.1
4902.5
5298.7
5743.5
6113.7
6486.1
6888.7
7023.3
7400.6
7418
7731.7
7802.9
7848.9
7914.2
8022.9
8164
8188.7
8133.6
8125.6
8149.6
8075.3
7845.9
7636.7
7494.6
7216.4
6992.5
6728.3
6369.3
6136.7
5882.3
5568.6
5354.6
5082.1
4932.6
4811.6
4840.4
4843.1
4987.8
5221.6
5387
5670.7
6054.2
6629.2
7010
7588.2
8235.4
8957.4
9622.3
10407
11316.6
12196.3
12858.5
13474
14032.2
14322.5
14595.5
14785.5
15044
15009.4
14941.7
14944.1
15012.2
15092.6
14977.7
14725.5
14732
14729.7
14576.1
14165.5
13860.8
13546.3
13322.9
13027.9
12530.2
11942.9
11664.4
11303.1
11130.6
10723.2
10665.6
10749.2
10905.7
10916.4
10944.9
10910.8
11034.9
11063.6
10864.7
10806.5
10822.3
10905.8
11007
11251.1
11460.3
11914.6
12648.2
13284.1
14172
15078.8
16078.6
17033.7
17662
18403.5
19122.4
19847.7
20585
21094.8
21533.4
22185.4
22755.4
23109.1
23538
23900.6
24382.4
24778.3
25297.8
25702.1
26236.6
26338.5
26445.1
26185.7
25911
25155.6
23793.3
22498.8
20886.2
19388.8
17861
16627.1
14993.6
13596.7
12297.1
11114
10098.5
9288.9
8869.8
8812.8
8930.9
9154.6
9442.6
9799.8
10369.1
11052.4
11953.8
12574
13570.3
14656.1
15781.1
16799.8
18057.5
19237.8
20242.7
21382
22521.3
23643.7
24638.7
25813.5
27269.1
28331
29515.3
30649.9
31217.5
31235.8
30979.4
30954.1
30200.5
29039.4
27924.4
26762
25374.8
24125
22755.7
21181
19647.2
17927.6
16291
14711.1
13401.2
12127.3
11271.1
10440.2
9718.7
9066.3
8592
8139.4
7848.6
7432.5
7285.4
7208.7
7210.4
7286.4
7533.7
7730.3
7983
8359.7
8862.1
9442.8
9969.5
10527.6
11261.1
12033
12611.5
13208.3
13854.7
14337.9
14792.1
15116.6
15579.2
15751
16153.7
16393.2
16512
16610.5
16821.9
16908.2
16877.5
16813.9
16624.3
16592.3
16216.3
15897
15537
14933
14633.6
14248.3
13915
13647.3
13560.3
13482.8
13422
13300.6
13035
12926.3
12599.5
12558.1
11564.8
10804.1
10199.9
9646.5
9085
8360.1
7941.9
7437.2
6946.8
6304.4
5777.9
5292.2
4824.9
4347.2
3818.3
3328.5
2851.4
2714.6
2401.5
2257.4
2108.8
2114
2055.6
2086.1
2119.1
2145.8
2224.2
2323.1
2408.5
2570.1
2598.2
2728.6
2870
2883.3
3117.6
3280.6
3466
3624.7
3888.3
3957.4
4010.9
4026.5
4088.7
4136.8
4110.9
4058.6
3921.4
3940.5
3699.4
3504.7
3399.8
3302.4
3070.2
3158.8
2711.6
2491.4
2293.5
2218.9
1988.8
1810
1646.8
1512.5
1364.1
1261.1
1260
1222.2
1269.3
1180.6
1190.5
1256.5
1388.3
1407.8
1452.8
1505.9
1636.8
1784.9
1912.7
2067.3
2223.6
2468.6
2507.9
2790.2
3046.6
3317
3666.2
3832.4
4075.8
4195
4330.5
4516.1
4396.8
4466.7
4473.6
4441.2
4417
4367.9
4303.3
4081.6
3922.3
3792
3676
3432.4
3185.3
2902.5
2636.7
2465.4
2339.9
2052.7
1722.5
1650.9
1409.4
1308.8
1173.1
1133.1
1123.8
1112.1
1093.2
1040
1087.6
1027.1
999.1
991.6
1000.9
1060.8
1033.4
1142.8
1175.2
1184.6
1324.5
1322.3
1452.8
1493.9
1601.6
1716.2
1954.7
2204.8
2318.1
2502.7
2607.2
2671.9
2934.8
2879
2784.6
2754.9
2786.7
2844.8
2821.1
3123.6
2664.1
2616.3
2551.2
2475.8
2364.3
2245.9
2073.6
1822.9
1590.5
1538.9
1481.8
1236.3
1087.1
936.5
857.2
728.9
626.2
578
634.4
635.3
615.7
583.6
629.2
612.7
455.7
561.8
527.7
459.2
564.5
498.3
429.9
432.2
410.2
447.1
391.7
374.8
301
250.7
266
310.1
303.2
190.8
264.6
132.1
187
146.5
181
96.9
182.7
54.4
98.6
127.5
153
106.8
189
190.9
217.4
176.7
220.4
284.9
277.1
358.8
454
395.3
461.2
448
379.3
368.8
442.2
352.6
469.9
372.3
385.6
403.7
332.1
294.1
308.2
309.8
287.1
263.4
376.4
165.8
174.5
372.3
112.4
111.3
134.1
58.1
79.9
57.9
22.7
8.2
8.4
39.8
50.9
65.7
269.7
54
0
48
42.1
129.9
48.1
37.8
78.8
77
121.1
87.7
54.1
182
181.3
187.7
163.5
213
268.8
260.4
301.8
303.8
346.2
354
340.2
303.6
373
354.4
381.8
314.4
378.4
306
223
224.6
273.2
222.6
177.5
241.9
198.8
120.4
176.6
139.4
154.5
228.5
347.3
525.3
538.9
585.9
573.1
567.3
474.7
508.5
516.5
623.1
604.9
512.5
465.5
528.1
415.6
497.2
405.5
399.8
380.2
293.9
322
288.2
287.4
293.5
245.5
314.9
345.1
299.7
513.1
368.5
303.7
290.9
286.1
348.7
384.5
299.1
339.6
345.8
424.1
455.9
406.7
390.3
415.7
412.1
326.8
396.2
341.2
347.8
293.1
262.5
257.5
289.1
195.7
266.5