NaN
5912.6
4021.3
2259.8
1388.4
1370.3
1562.9
1936
2344.2
2892.1
3673.2
4655.6
5891.4
7469.6
9130.4
11273.3
13929
16692.7
19045.2
19246.9
15125.3
9384.3
4540
2008.7
1850.7
2100.3
2382.5
2844.3
3376.6
4280.5
5263.6
6569.1
8453.1
10350.7
12808.2
15810.1
19273.7
23626.8
28299.3
31033.8
29686.4
21473.6
12139.3
4566
1506
1205.7
1096.1
993
907.7
940.3
1032.4
897.3
867.6
923
1145.7
1158.8
1355.4
1567.9
1826.5
2190.9
2533.7
2552.4
2538.7
1972.4
1488.2
1046.7
988.9
1046.9
1194.8
1464.5
1930.5
2505.3
3083.5
3813.3
4667.6
5549.9
6298.5
6522.7
5564.1
3917.3
2477.8
1459.4
1275.7
1384.2
1726.7
1738.6
2061.1
2277.3
2550.8
3436.6
4389.2
5626.9
7128.9
8684.2
10312.7
12566.9
14437.6
15000.3
13098.7
9237
5495.5
2571.7
1710.8
1843.8
2054.5
2312.7
2568
3047
3584.4
4345.1
5181.9
6378.8
7633
9381.8
11373.8
13722.5
16319.7
19798.9
24256.1
27644.7
28372.1
25213.9
18007.3
10467.5
4397.5
1945.2
1748.5
1734.8
1916.1
1986.2
2315.8
2575
3063.2
3634.7
4350.8
5327
6234.1
7681
9156.8
10852.8
12988.1
15491.9
18235.5
22212.1
26184.1
28324.7
27204.1
22288.8
14744.7
8144.2
3337.2
2325
2294.9
2460
2709.1
3007.6
3466.1
4022.3
4921.9
5387.1
5514.5
5065.6
4026.2
2837
1879.4
1372.9
1393.9
1433.7
1545.9
1732.2
1991.3
2461.8
2909.5
3518.8
4304
5021.7
5682.8
6721.4
7897.4
8767.1
8976.8
7986.1
6072.7
3953.2
2093
1272.6
1141.9
1188.6
1214.4
1300.6
1378.1
1530.4
1598.3
1823
2030.2
2473.8
3154.9
3988.9
4881.1
5868.9
6806.8
7847.4
9433.1
11255.4
12568.5
12684.5
11606.2
8832
5680.8
2889.3
1512.1
1313.6
1377.2
1368.5
1448.6
1522
1526.9
1677.4
1969.6
2001.8
2216.4
2527.3
2905.6
3337
3887.5
4508.3
5241.4
6085.3
7153.5
8187.4
9639.4
11427.8
13204.6
13896.3
13227.8
11112.9
7693.9
4431.9
1878.3
935.1
803.9
769.4
743.7
741.6
863.1
814.3
990.5
1081.2
1156.3
1230.3
1354.5
1534.3
1754.8
1902.6
2255.3
2523.8
2908.7
3380.4
3868.3
4489.4
5185.9
5997.9
7156.5
8476.6
9439.7
9658.6
9104.4
7859.3
6339
4775.8
3629.1
3070.3
2473.8
1925.5
1187.4
824.6
872.1
709.5
774
743
713.4
703.2
785.4
898.5
1043.6
1171.8
1380.9
1608.8
1844.5
2149.1
2400.9
2740.3
3242.9
3849.6
4124.5
4082.7
3925
3012.9
2087.5
1137.8
589.1
394.4
367.8
336.1
365.3
414.6
410.5
457.5
507.7
557.1
572
856.1
636.6
744.9
826.3
1042.6
1393.5
1461.7
1790.5
2099.5
2384.1
2803.1
3190.5
3841.8
4618.9
5052.7
5010
4792.9
3889.7
2747.7
1704.6
958.7
792.6
766.3
786.6
731.8
675.1
649.9
652.3
520.3
575
574.9
593.5
631.7
667.7
701.2
823.1
900.3
971.7
1097.3
1414.9
1392
1606.4
1865.9
2136.4
2437
2803.6
3225.1
3804.7
4373.6
4778.2
4765.5
4458.4
3878.7
2901.1
1812.4
949.3
525.4
477.7
420.5
454.2
467.1
516.9
491.2
500.6
551.7
608.1
596.7
642.2
725.8
719.6
817.5
841.4
897.9
1006.5
1134.8
1344.9
1480.5
1715.9
1967.6
2370.8
2589.7
2763.3
2805.1
2827.7
2691.9
2522
2545.3
2613.2
2698
2654.8
2484.4
2179.4
1728.8
1191.7
765
593.3
482.3
474.5
457.1
483.4
593.2
650.4
735.1
861.6
913.2
1091.9
1226.9
1395.8
1473.7
1692.4
1993.1
2279.2
2353.9
2241.9
2097.7
1818.6
1304.7
874
447.3
300
289.7
354
336.4
286
302.4
328.7
325.9
408.5
324.6
343.7
404.9
410.2
421.4
494.4
474.2
414.3
452.4
542
525.5
622
737.6
908.8
1014.2
1223.4
1286.1
1510
1617.9
1878.4
2201.4
2499.8
2714.2
2641.5
2564.9
2443.9
2089.2
1651
1279.3
1165.8
1032.7
978.9
892.5
841.7
652.1
561.2
445.3
330.9
314
323.7
415.4
501.2
617.9
675.6
722.1
808
837
853.2
657.2
558.2
527.5
570.1
679.8
726.7
816.2
835.9
963.1
977.2
1115.9
1200.1
1248.9
1439.9
1524.8
1666.7
1872.1
1988.3
1922.4
1891.4
1707.9
1572.2
1283.1
881.7
655.4
497.6
421.5
406.1
411.2
386.8
393.9
431.1
336.1
421.7
423.2
462.7
457.6
536.9
653.1
722.6
788.8
844.2
813.7
775.7
735.2
646.9
597.7
419.6
325.7
255.2
299.5
284.6
293.7
331.6
464.8
388.9
402
492.5
488.6
514
586.5
651.1
678.6
730.8
858.8
845.2
872.3
894.1
844.5
808.3
784.3
724.6
710.8
645.4
680.2
740
750.3
843.7
908.5
957
1060
1070.1
1004.1
944.4
915.1
818
726
551.7
448.2
406
397.6
433.7
353.9
324.4
360.8
371.4
368.1
313.7
434.8
347.4
289.4
318.6
307.8
352.7
410.4
458.7
611.9
503.4
534.3
521.5
594.7
621.9
674
703
690.8
785.9
834.4
859.6
943.6
934.6
986.3
1196.6
1180
1265.9
1304.3
1440.8
1528.1
1630.4
1662.9
1702.5
1703.3
1658.9
1652.8
1552.1
1556.6
1374.2
1294.2
1216.2
1179.5
1018.9
966.4
836.5
783.8
698.3
690.3
653.7
605
515.3
471.7
533
482.8
489.9
339.8
403.5
377.8
376.3
439
510.7
557.2
417.1
347.2
363.2
313.9
302.1
375.8
321.2
333.3
307
387.2
344.7
312.3
368.5
364.4
380.7
339.9
312
458.8
385.6
353.4
400.6
452.2
459.6
472.4
580.7
599.9
506.2
523.7
504
430.7
413.3
516.5
479.1
555
655
717
818.9
916.1
1091.3
1141.8
1227.2
1421.3
1497.5
1537.3
1575.9
1652.3
1787.6
1758.2
1785.5
1842.7
1848.6
1859.4
1855.1
1826.8
1907.1
1973.6
1911.6
1890
1857.6
1924.8
2015.4
2015.4
2032.6
2097.1
2055.2
2040
1992.3
1949.9
1949
1872.6
1831.1
1836.2
1873.5
1828.8
1958.5
1897.5
1932
1925.4
1984.1
2038.4
1982.3
1974.7
1914.7
1923.3
1979.3
1943.4
1930.7
1850.5
1934.7
1867
1874.7
1821
1811.9
1831.9
1833
1752
1673.4
1621.7
1544.9
1443
1398.3
1319.5
1305
1374.9
1372.8
1468.9
1449.1
1473.4
1503.7
1586.3
1620.8
1598.6
1544.9
1518.2
1425.6
1389.1
1315.9
1251.2
1208.6
1193
1084.4
1032.5
1050.3
1029.5
1023.9
1133.9
1174.2
1131.8
1118.3
1167.1
1070.5
1027.1
1049.5
1068
1045.7
987.1
1020.1
975.9
967.4
900.1
939.8
925.6
978.3
971.8
1085.6
1100.8
1095.9
1074.3
1037.4
1001.2
994.5
917.6
889.6
758.9
825.5
569
560.3
583.7
485.4
504.3
505.8
483.7
520.4
485.9
548.3
494.7
603.5
564.6
560.6
566.6
598.5
667.4
695.9
661.1
702.3
706.9
852.4
770.5
792.5
854.1
887.9
893.3
919.8
947.6
1008.8
1037.8
1055.3
1130
1125.5
1254.2
1421.2
1497.2
1650.4
1748.5
1972
2187.1
2497.2
2885.1
3352
3917.1
4409.3
4974.6
5252.1
5607.3
5664.6
5770.6
5819.8
6008.3
6072.2
6199.1
6429.8
6346.6
6078.3
5643.2
5378.7
5194.2
5034.1
5181.4
5512.4
6030.6
6634.6
7373.8
7863.3
8179.3
8379.9
8475.3
8524.5
8706.6
8738.8
8817
8965.7
8911
8711.8
8216.1
7273.1
6903.7
6370.4
6178.6
6195.6
6622.6
7217.9
7772
8458.7
8920.1
9373
9462.6
9414.8
9457.1
9590.5
9828.8
9913.4
9971.8
10090.6
9778.1
9166.5
8179.5
7421.6
6865.4
6453.6
6397.4
6715.2
7288.9
7930.2
8596.9
9276
9700.3
9947.1
9898
9790
9833
9975
10275.5
10344.2
10450
10393.5
9862.4
9037.8
8025.6
7067.2
6371.2
6059.6
6003.9
6316.5
6737.4
7264.1
7834.2
8502.8
9043
9209.7
9102.7
8903.4
8718.6
8758.7
9143
9253.9
9366.1
9412.1
9087.9
8370.1
7427.2
6411.5
5842.3
5310.7
5236
5549.2
5962.9
6332.5
6968
7516.9
8156.6
8571.2
8689.6
8547.1
8240.2
8126.3
8182.5
8563.6
8796.1
8807
9041.1
8711.1
8271
7148.3
6181.1
5615.2
4940.4
4954.6
5176.9
5433.4
5644.7
6109.7
6626
7158.1
7640.4
7883
7797.5
7374
7046.5
6942.9
7080.3
7479.2
7452.6
7359.5
7298.1
6950.3
6631.9
5185.3
4308.4
3633.2
3208.4
3129.5
3029.8
3142.7
3102.1
3183.1
3355.2
3600.5
4104.7
4040.1
4056
3813.9
3690.6
3586.2
3698.6
4023.5
4143.4
4043
4239.9
3896.3
3690.6
3091.2
2550
2154.2
1963.9
2026.6
2044.1
2104.4
2193.2
2297.3
2409.1
2588.2
2820.2
2947.3
2858.6
2783.9
2630.6
2552.4
2511.7
2563.9
2733.5
2635.8
2553.5
2554.2
2487.8
2224.5
1951.8
1665.3
1503.8
1532.8
1544.3
1518.9
1594.4
1763.3
1928.8
2107.5
2342.5
2677.6
3066
3211.9
3515.5
3584.4
3555
3433
3319.5
3460.4
3443.5
3617.9
3605.9
3512.2
3362.8
3325.1
3195.5
3134.6
2683.7
2221.7
2073.2
2211.4
2270.3
2237.7
2266.6
2415.7
2726.4
3059.3
3475
3921.6
4386.8
4963.7
5442.6
5820.3
6110.6
5965.8
5726.6
5451.5
5551.6
5779.9
5856.1
6060.5
6035.1
5781.2
5419.3
5507.2
5389.9
4690.7
3743.8
3264.8
3314.8
3402.1
3362.4
3364.8
3373.7
3666.4
3984.4
4455.5
5042
5742.6
6443.5
7315.8
7859.3
8360.2
8786.7
8642
8267.7
7764.8
7854.6
8344.1
8468.1
8868.2
8721.6
8318.2
7761.5
7856.9
7794.5
7051.1
5553.1
4615.7
4599.3
4803.7
4852.5
4614.3
4557
4662.4
5115.6
5583.6
6291.6
6991.4
7836.5
8812.3
9828.4
10503.9
11266
11553
11361.8
10749.2
10155.4
10403.5
11015.1
11196.9
11787.7
11742.3
11222.5
10501.3
10291.6
10535.8
9521.4
7563.5
5964.7
6027.3
6227.8
6214.2
6033.5
5995.3
6004
6393.5
7138
7736.9
8688.9
9716.6
10923.2
12159.8
13377.5
14293.9
15118.1
15401.1
15001.2
14134.8
13521.6
14045.2
14555.8
15020.8
15553.2
15499
15044.1
13884.8
13713.5
13965.9
12755.8
10197.8
8251.1
8005.9
8611.6
10398.2
14643.4
17834.4
18170.2
14790.3
11375.6
10774.4
11569.8
12493.5
13958.7
15478.3
17060.9
18285.3
19397.2
20266.3
20280.8
19576.9
18569.1
18150.4
18711.5
19288.6
19957.7
20583.2
20532.8
19708.3
18578.7
18158.2
18060.7
16364.7
13234.4
10570
9728.2
9549.6
9487.3
9296.3
8940
8531.3
8495.4
8902.8
9524.9
10339.5
11323.1
12491.4
13878.8
15205
16399.3
17530.9
18427.8
19006.7
18741.1
18116.1
17304.5
16866.4
17299.6
17800.3
18201.2
18530.4
18407.7
17607.3
16817
16446.9
15941.5
14421.8
11774.4
9415
8198.2
7729.2
7493.2
7255.8
7020.3
6446.3
6317.5
6243.6
6478.9
6892.6
7471.4
8087.9
8825.7
9763.9
10545.1
11408.4
12007.3
12558.3
12790.9
12778.9
12305.2
11951
11702.5
11785.3
12012.9
12245.9
12400.4
12298.8
11843.8
11563.2
11000.7
10481.6
9409.3
8083.1
6502.6
5523
4873.3
4440.2
4133.9
3911.5
3520.6
3295.3
3123.2
2991
3017.9
3153.8
3412.2
3612.7
3833.6
4316.4
4404.2
4723.5
4974
5150.7
5245.8
5225.5
5089.1
4937.8
4891.9
4854.5
4933.6
4862.9
5069.7
4915.1
4832.4
4660.3
4449.9
4185.7
3817.7
3272.5
2755.5
2289.1
1987.4
1624.2
1411.9
1235.8
1111.6
983.6
809.7
666.5
649.5
495.9
477.9
468.1
383.9
412.8
381.6
453.7
443.5
389
413.5
378.1
340.7
350.7
360.4
379.2
403.1
331.9
368.5
353.4
459.8
348.4
380.6
430.7
448.9
464.3
424.5
569.2
473.4
415.5
436.8
470.7
463.3
569.9
498.4
531.7
489.6
559.2
694.9
714
809.2
764.8
724.2
732
714.9
760.6
721.8
783.8
805.5
936.6
854
880.3
894.5
969
1049.7
1071
1149.6
1180.5
1339.6
1388.7
1651.9
1706.1
1847.3
2014.6
2294.1
2449.5
2611
2819.3
3166.1
4405.8
5717.4
5473.9
3950.5
1748.1
1287.8
1210.5
1296.5
1456.6
1426.1
1526.1
1680.1
1886
2081.9
2338.6
2588.1
2925
3385.9
3684.3
4247.3
4742.9
5341.1
6003.5
6734.2
7505.1
8383.8
9291.2
10243
11369.5
12478.5
13651.3
14691.7
16351.9
20476.6
26364.6
29453.5
26721.8
18144.4
9655.8
5287.6
3930.3
3413.8
3136.3
2911.1
2757.1
2579.6
2476.1
2491.6
2398.9
2529.4
2458.2
2641.8
2524.4
2664.1
2777.1
2989.4
3149.8
3429.3
3622.9
3948.1
4314.6
4630.3
5011.4
5398.5
5832.8
6268.3
6752.4
6981.4
7333.5
7476.8
7773.6
7870.6
8119.3
8125.6
8157.7
8343.6
8327.8
8410.3
8410.2
8325.7
8388.8
8369.6
8214.2
7963.7
7698.2
7574
7358
7021.8
6727.4
6407.9
6108.3
5850.9
5603.7
5365.4
5108
5017.7
4940.2
5076.2
5098.9
5262.9
5638.7
5871
6236.6
6671.1
7272.4
7697.8
8387.5
9147.3
9844
10659.1
11426.7
12344.2
13234.4
13829.6
14346.7
14781.2
14920.6
15167.9
15359.7
15491.1
15311.7
15213.2
15351.6
15355.6
15331.4
15150.5
15063.5
15059.1
14964.7
14651.8
14223.1
13881.3
13595.1
13377.1
12954
12410.6
11960.2
11721.9
11341.1
11093.3
10919.2
10997
11136.7
11251
11277
11260
11318.5
11255
11228.4
11090.6
11103.5
11157.6
11293.1
11406.1
11726.8
12056.7
12617.6
13572
14323.6
15238.4
16152.2
17124
17893.6
18686.4
19394.3
20129.3
20807.3
21448
21823.6
22450.1
22972.7
23626.6
23878.6
24246.9
24568.8
25127.5
25535.3
25985.9
26462.4
26786.9
26833.6
26811.3
26370.3
25673.3
24615.3
22987.5
21528.4
19929.2
18376
16910.4
15490.8
13915.1
12636
11416.5
10310.4
9477.7
9064.7
8898.4
8989.9
9257.8
9505.4
9961.1
10419.6
10993.6
11843.7
12799.6
13493.9
14553.1
15766.2
16852.6
17996.6
19130.3
20428.9
21428.4
22472.5
23684
24706.8
25864.8
27193.3
28506.7
29462.5
30409.6
31230.9
31546.3
31357.5
30880.1
30667.3
29531.1
28293.2
27160.3
25934.9
24583.6
23088.4
21517.4
19943.8
18244.7
16684.9
15101.8
13706.9
12547.2
11487.8
10685.4
9859.8
9289
8755.5
8261.1
7973.2
7649.5
7410.5
7296.9
7322
7388.5
7580.9
7910.1
8100.4
8389.2
8842.9
9407.4
10083
10669.5
11260.9
12016.4
12849.9
13355.4
13930.9
14496.5
15009.6
15373.4
15766.3
16110.7
16321.5
16560.4
16808.6
16945.1
16999.9
17187.2
17158
16932.2
16960.3
16812.5
16656.5
16164.1
15829.8
15464.9
14939.1
14598.6
14274
14092.9
14084.1
14137.6
14185.9
14195.6
14187.4
13951
13851.4
13421.9
13195.6
12114.3
11361.4
10811.2
10197.2
9634.6
8940.2
8386.7
7817.4
7221.1
6572.1
6021.9
5485.4
4914.1
4295
3725.5
3280.3
2909.6
2697.7
2448.6
2324.7
2249
2250.1
2221.6
2318
2302.1
2313
2438.9
2520.5
2635.6
2782.1
2840.2
2983.7
3121.8
3170
3368.1
3589.2
3821
3960.3
4152.3
4211.9
4219.8
4276
4302.6
4305.6
4253.8
4180.5
4021.3
3939.3
3722.8
3539.1
3362.5
3287.1
3080.8
3086
2624.2
2439.3
2230.9
2176.7
1903.3
1725.9
1542.8
1437
1367.4
1307.4
1311.4
1325.7
1319.9
1290.6
1313
1324.8
1490.8
1581.1
1636.3
1703.4
1838.4
1983.6
2144.8
2260.8
2482
2731.4
2832.9
3100.9
3367.8
3614.8
3903.8
4073.9
4343.5
4392.8
4493.8
4662.9
4577.6
4561
4529.7
4497
4419.6
4324.3
4245.4
3979.2
3841.9
3697.1
3586.5
3266.5
2952.6
2770
2550.7
2362.8
2148.8
1908.2
1618.8
1584.1
1307.6
1300.7
1199.5
1125.7
1165.5
1113.1
1118.9
1071.3
1104.7
1062.7
1035.7
1040.8
1077
1127.1
1101.8
1229.8
1279.9
1253.1
1409.7
1418
1545.1
1594.8
1758.9
1875.6
2097.1
2332.8
2491.3
2675.7
2708.3
2702.3
2956.1
2940.9
2796.9
2780.8
2770.8
2849.1
2827.1
3080.5
2607.5
2519
2486.2
2436
2236.3
2056
1909.4
1715.8
1546.8
1470.6
1355.6
1085.3
956.4
842.1
811.7
704.9
610.1
596
676.2
651.1
657
626.2
636.5
681.8
506.8
616
565.8
530.1
632.9
523.2
465.1
456.5
440.3
470
407.7
397.8
333.9
256.6
281.3
307.4
280.6
198.9
274.1
142.7
204.5
179.1
215.3
92.6
196.9
81.6
152
166.1
185.9
169.1
232
211
246.9
221
249.6
323.6
329.8
433.2
498.3
434.5
490.8
484.6
442.9
381.5
484.5
396.8
479.3
421.4
380.7
417.7
332.4
302
287.6
323
300.7
275.9
365.7
157
183.9
354.9
130.4
137.8
125.1
57
80.9
71.2
47.2
0
10.1
51.4
67.4
91.9
249.9
73.8
27.8
5.9
48
139.2
68
64.8
87.7
101.1
145.9
108
113.5
160.3
205.6
216
214.3
196.6
273.6
315.1
338.3
332.9
396.6
367.7
386.2
330.5
386.5
375.1
367
289.9
330.6
300
227.8
231.8
253.7
193.1
156.7
221.6
170.9
138.3
181.3
186.9
218.8
373
502
681.3
696.2
679.8
633.7
628.8
574.2
606.5
636.2
724.5
707
591.7
527
542
430.8
535.4
384.9
391.7
375
312.5
332.4
280.4
285.6
295
265.9
315.5
293.1
311.7
484.1
339.9
269.5
323.8
270
341.2
369.6
269.3
354.8
343.3
400
461
431.7
397.1
443
386.9
324.6
359.9
277.4
324.4
257.4
184.7
204.3
225.5
166.1