6425.8
5106.8
3169.2
1725.9
1156.4
1305.8
1595.7
1941.8
2388.3
3007.7
3920.4
4984.3
6357.5
7833.6
9674.2
12049.7
14759.6
17205.7
19187.6
17987.4
13069.1
7451.7
2917.3
1716.4
1880.6
2075.7
2449.6
2897.6
3667.4
4486.2
5560.5
7250.2
8851.8
11009.4
13626
16683.2
20269.5
24620.6
28592.6
31130.3
27330.9
18210.8
9191
2516.5
1202.3
1078.9
928.5
829.6
799.6
943
761.5
717.6
733.5
967.6
943.4
1087.3
1327
1488.8
1798.3
2142.4
2257.2
2511
2150.5
1736.2
1151.5
891.6
840.5
906.1
1119.2
1422.1
1908.7
2460.9
3152.7
3837.6
4642.1
5502.7
6211.4
6211.4
4959.6
3302.6
1874
1132.6
1174.2
1500.5
1509.9
1844.4
1929.5
2075.1
2677.5
3467.6
4495.2
5868.6
7429.4
8613.5
10471.2
12611.1
14235.6
14780.8
11948.4
7888.1
4118.9
1757.2
1598.2
1770.4
1968.4
2147.3
2558.5
3044
3657
4388.4
5412.1
6472.7
7874.1
9676.5
11780.2
14069.9
16797.2
20237.7
24625.5
27669.6
28221.5
23539.9
15434.1
8046.2
2774.5
1661.9
1539.4
1698.5
1684.5
1996.8
2185.1
2606.3
3090.1
3717.5
4544.3
5356.4
6577.9
7832.8
9376.5
11299.9
13634.4
16020.8
18645
22729
26832.3
28394.9
26962.4
20087.8
12452.8
5932
2441.6
2071.8
2156.6
2328.2
2605.5
2967.8
3429
4120.5
4791
5289.3
5377.9
4689.2
3476.2
2346.3
1474.9
1225.8
1232.1
1290.3
1482.2
1611.5
2050.9
2284.8
2842.6
3612
4331.2
5039.6
5752.3
6710.4
8071.2
8846.6
8799.4
7482.9
5263.6
3085.8
1580.3
1014.8
1013.3
1057.2
1114
1156.2
1336.4
1402.8
1494.8
1712
1997.9
2544.1
3259.2
4034.2
5061.7
6017.2
6964.8
8055.1
9750
11649.7
12789.8
12835.6
10976.4
7671.2
4464.1
2025.9
1244.4
1232.5
1171.2
1289.4
1386
1383.6
1486.9
1744.1
1762.6
1910.7
2188.4
2505.6
2903.4
3372.4
4023.8
4613.5
5430.5
6402.8
7365.7
8580.2
9963.1
11977.7
13735.6
14101.6
13114.9
10106.8
6554.3
3280.8
1236.9
758.1
644.8
622.8
585.7
673.8
620.9
869.4
953.6
935.5
1065.3
1141
1293.8
1510.9
1651.3
1973.2
2162.2
2535.9
2986.8
3439.8
3982.5
4562.5
5344.7
6219.4
7405.2
8805.7
9737.8
9649.4
8854.5
7250.9
5674.4
4240.6
3341.5
2810.2
2254.3
1466.8
935.3
797
569.5
631.6
596
545.6
538.2
611.1
716.3
778.3
899.7
1136
1289.6
1549.4
1807.2
2106.1
2388.6
2721.3
3321
3785.2
4128.1
4114.7
3507.9
2661.7
1606.7
793.1
332.2
229.9
204.2
227.7
264.5
278.3
318.8
352.9
422.5
405.1
762.6
469.3
482.8
622.9
785.5
1133.8
1148
1487.1
1774.3
1997.8
2416.4
2688.8
3168.7
3896
4742.7
5045.3
5181.6
4484.3
3422.7
2231.2
1203.4
702.7
649.9
664.6
628.5
577.5
567.4
532.4
430.3
442.8
395.7
437.4
468.3
495.1
494.3
661
700.3
793.2
889.4
1220.8
1155
1359.4
1611.7
1824.2
2098.7
2410.8
2744.8
3239.6
3775
4497.9
4804
4819
4351.7
3509.7
2414.9
1352.6
599.5
366.7
287.2
293.9
302.8
384.5
337.4
355.4
416.7
445.4
416.9
465.7
547.6
562.5
597.8
614.5
702.8
752
892.8
1131.3
1164.5
1419.5
1606.4
1988.4
2289.8
2521.4
2654.5
2807.7
2661.1
2510.4
2367.2
2329
2512.1
2645.6
2567.6
2288.8
2015.3
1434.3
904.1
599.6
349.3
330.3
303.7
320.7
386.3
474.3
505.9
589.2
687.5
879.3
1013.5
1099.3
1220.1
1339.5
1641.5
1919.8
2219.6
2233.7
2181.1
1902.7
1507.9
1006.5
516.2
234.2
160.1
178
179
156.2
146.8
204.5
155.8
306.4
152.3
218.4
251.8
253.2
299.8
362.7
318.1
232.2
276.7
386.3
361.6
421
483.7
644.3
730.4
1000.8
1065
1244.5
1335.6
1482.7
1768.2
2100
2495
2602.4
2592.6
2508.9
2250
1803.7
1363.1
1138
919.4
864.4
840.8
796.7
611.2
502.7
400.2
221.9
198.1
114.5
224
225.5
345.3
501.6
587.3
623.8
691.6
753.7
565.2
463.3
376
378.2
517.9
541.3
601
620.9
763.2
753.7
921.1
1004.9
993.6
1217.1
1314.9
1371.8
1536.2
1759.6
1868.4
1906.1
1774.6
1631.2
1397
997.7
670.1
448
287.4
243.1
267.4
227.4
238.7
272.7
224.2
267.5
275.3
327.4
294
361
444.3
520.5
530.4
611.1
683
654.2
629.5
582.7
561.9
340
219.5
140.8
138
103
117
158.5
334.4
224.2
223.4
343.2
335.5
353.5
407.3
498.3
508
551
670.1
621.2
726.6
782.7
727.7
677.7
669.4
652.1
580
492.5
466.6
564.1
573.4
596
677.1
714.6
886.5
968.1
910.1
835.6
771.9
756.9
680
478.2
342.6
282.8
250.9
317.9
215.3
167.2
214.5
206.5
221.7
158.3
266.1
158
150
198.6
166.1
185.4
233.9
281.3
469.6
344.8
319.2
350.7
428.1
440.4
500.7
537.7
506.7
615.9
628.4
650
787.3
748.2
786.6
1055.1
988.1
1074.3
1070.1
1240.4
1300.1
1393
1505.6
1557.1
1585.7
1555.5
1510.7
1482
1444.8
1300
1244.7
1148.8
1074.5
942.9
865.8
738.2
661.6
588.6
578.7
530.3
484
383.1
371.2
417.1
347.8
347.2
201.9
214.5
216.2
246.7
283.9
392.3
458.3
267.6
205.9
220.8
179.8
162.7
210.1
170.6
148.5
176.7
191.2
219.6
174.5
181.3
207.7
219.6
185.2
192.7
340.2
262.8
196.8
182.9
317.6
244.7
324.6
464.3
454.2
357.2
383.5
381.6
303.6
269.6
369.6
277.1
348.6
430.7
475.9
592.1
703.3
836.6
864.4
977
1175.7
1253.3
1346.8
1364.5
1462.3
1529.3
1644.9
1571.4
1673.8
1718.2
1718.8
1732.5
1691.2
1708.3
1839.6
1708.3
1705.4
1706.3
1781
1841.3
1825.3
1841.9
1855.9
1928.7
1962.8
1932.2
1845
1792.1
1716.4
1691.1
1689.9
1734.5
1656.2
1843.1
1724.6
1792.5
1767.1
1760.9
1816.1
1872.3
1908.7
1802.7
1776.2
1843.3
1769.2
1753
1734.5
1800.7
1716.3
1760.3
1681.6
1672.9
1667.2
1670.1
1652.1
1611.6
1546.5
1493.5
1339.4
1249.3
1182.6
1173.8
1210.4
1202
1284.9
1242.2
1290.1
1335.4
1433.6
1475.7
1469.3
1434.2
1407.5
1259.2
1284.5
1217.9
1140.2
1090.4
1069
977.4
927.8
893.4
856.7
870
899.3
982
988.1
967
1036.3
981.1
891.6
917.6
907.5
921.8
850.8
897.1
809.3
826
792
778.1
744.5
776.2
844.6
934.6
948.5
939
923.7
864.5
881.9
892.7
822.1
777.6
682.8
773.7
443.4
442.8
463.8
338
329.5
314.2
328.9
365.4
336.3
422.4
328.7
436.3
418.5
395.2
407.7
389.2
484.9
531.2
508.6
490.5
510.5
655.2
564.6
615.4
625.5
673.2
716.9
763.6
778.1
871.9
877.3
854.7
926.3
933.2
1007.5
1158.1
1236.4
1426.1
1464.5
1664.1
1855.8
2080.2
2376.5
2807.6
3304.7
3743.1
4428.1
4914
5327.5
5452.1
5554.9
5628
5775.3
5880.6
5969.6
6148.5
6314.2
6227.6
5900.8
5520.4
5199.2
4949.1
4935.3
4991.5
5418.6
5954
6638.7
7296.8
7842.5
8209.5
8277.4
8317
8433.3
8442.3
8708.2
8675.1
8777.4
8875.6
8743.6
7855.6
7158.7
6468.4
6188.4
5967.9
6087.1
6562.7
7195.9
7798.1
8414
9007
9301.5
9472.2
9348.8
9319.3
9425.6
9758.3
9759.8
9957.2
10052.9
9698
8967.3
7988.6
7128.1
6564.4
6255
6277
6717.9
7245.1
7900
8525
9254.5
9697.5
9919.6
9879.6
9748.6
9730.6
9902.4
10284.9
10227.9
10361.6
10298
9756.6
9004.1
7672.9
6774.3
6235.5
5841.4
5923.3
6300.9
6677.7
7172.6
7758.3
8587
9039.5
9182.6
9113.7
8672.7
8620
8714.6
9098.9
9233.5
9314
9312.3
8812.9
8427.9
7188.3
6358.3
5515.2
5093.5
5174
5562
5837.5
6329.9
6886.6
7456.3
8260.9
8566.9
8720.9
8437.2
8075.6
8016.1
8115.6
8600.9
8723.6
8913
8859.4
8563.9
8135.6
6999.4
6118.3
5152.2
4737.5
4938
5147.8
5311.1
5578.6
6066.8
6530.6
7102.9
7715.6
7821.1
7596.9
7117.8
6830.4
6813.7
7035.3
7465.2
7379.5
7283.5
7160.2
7195.6
6301.4
5001.8
4135.7
3289.5
3051.8
2984.4
3064.8
3002.2
2986.3
3070.3
3278.4
3769.3
3858.4
4005.6
3896.5
3678.8
3474.7
3515.6
3598.6
3992.4
3974
4186.7
3880.5
3799.8
3590.9
2961.1
2333
1913.5
1815.3
1876.6
1941.3
2048.1
2098.8
2101.8
2307.3
2520.8
2772.4
2801.8
2797.5
2615.5
2430.8
2351.1
2343.2
2524.7
2526.5
2519
2428.8
2362.2
2253
2170.4
1799.6
1466
1396.6
1370
1341.8
1381.7
1489.8
1621
1763
1958.7
2252.1
2645.3
2836.2
3161.6
3355.7
3467.9
3427.2
3265
3261.1
3205.9
3331.8
3393.4
3448.6
3420
3203.8
3101.8
3125
2996.1
2445.4
2009.8
1972.5
2108.7
2150.1
2084.9
2129.5
2342.1
2642.4
3005.5
3382.6
3852.3
4338.8
4889.1
5376.6
5846.5
5930.7
5883.6
5574.4
5282
5489.4
5633.9
5758.4
5967.2
5887
5638.9
5336.9
5391
5183.4
4543.8
3540.3
3130.8
3234.9
3367.9
3313.7
3218.7
3371.5
3479.3
3957
4402
5046.1
5711.9
6504.2
7222.7
7846
8417
8739.7
8556.3
8088.7
7589.2
7861.7
8295.1
8450.7
8733
8601.5
8262.6
7694.5
7696.6
7713.4
6832
5318.1
4461.1
4519.2
4807.9
4736.2
4546.2
4510.1
4620.8
5029.8
5574.7
6235.9
6990.1
7798.6
8842.6
9862.5
10673.7
11268.8
11605.1
11309.5
10649.9
10087.2
10473.1
10914.5
11292.7
11756.4
11630.2
11147.1
10323.4
10308
10455
9324
7315.8
5963.3
6021.3
6068.1
6172.3
6006
5979.9
5953.2
6456
7155.6
7779.1
8879.3
9779.6
11012.6
12239.7
13544.3
14465.3
15154.6
15244.6
14917.6
14026.9
13539.4
13960.8
14646.5
14994.9
15512.7
15539.4
14823.5
13814.2
13841.3
13839.8
12446.1
10088.9
8255.3
8136.4
8745.7
10815
14942.1
17704.5
17889.3
14490.1
11509.7
10982.3
11628.8
12724.8
14107.8
15609.3
17084.1
18364.5
19526.4
20210.9
20224.1
19620.1
18542.9
18311.6
18685.3
19453.9
20063.6
20656.9
20404.7
19614.8
18533.3
18290.2
17898.2
16079.6
13093.3
10603.1
9730.9
9536.7
9483.1
9315.7
8847.9
8515
8605
8844.3
9503.6
10373.9
11508.6
12688
13903
15138.6
16552.2
17589
18583.8
18843.5
18634.8
18096.5
17270.9
17103.9
17437.7
17739.4
18226.8
18507.6
18214.4
17617.5
17021.9
16405.4
15811.4
14053.5
11614.3
9485.4
8218.7
7731.8
7438.4
7315.2
6793
6548.5
6216.8
6291.9
6556.4
6884.5
7460.4
8075.3
8900.9
9699.7
10599.4
11402.3
12081.9
12428.2
12792.7
12589.8
12321.3
11831.8
11814
11722.3
12050.6
12281.5
12354.8
12186.1
11852.2
11487.1
10960.5
10322.1
9296.1
7868.5
6475.2
5567.7
4822.7
4371
4092.6
3728.4
3475.8
3239.5
3049.9
2894.1
2943
3152.4
3296
3535.9
3949.3
4125.3
4422.3
4648.7
4937.6
5065.5
5163.2
5068.6
4969.7
4886.2
4791
4788.4
4764.5
4950.5
4869.4
4903.1
4713.5
4607.9
4301.7
4056.9
3644.1
3105.1
2656.9
2268.3
1820.4
1510.6
1305.7
1119.6
1005.5
860
621.2
632.8
437
374.5
376.9
278.1
280.6
234.4
341.4
291.7
267.6
228.4
193
212.6
217.4
221.4
241.7
288.1
187.2
258.6
207.1
332.7
219.2
203.5
259.6
304.9
338.7
265.7
433.7
329.1
287.5
293.9
344.8
289
422.9
326.6
375.6
328.6
369.7
487.1
457.2
596.9
578.6
599.1
651.6
595.4
582.5
534.7
579.6
641.5
769.6
698.2
732.4
763.6
779.3
898.5
890.8
905.2
949.4
1075.9
1127.1
1432.1
1441.8
1541.4
1667.9
1932.9
2123.9
2261.4
2422.4
2624.5
2962
4174.6
5452.5
5140.2
3669.1
1623.6
1105.9
1111.7
1353.4
1186.1
1293.9
1419.1
1599.9
1763.9
2025.5
2167.3
2477.2
2907.7
3194.5
3666.3
4073.5
4614.4
5222
5907.4
6624.8
7306.8
8144.7
9032.9
10119.1
11138.4
12236.4
13320
14406.8
16333.9
20542.6
25650.2
28276.8
25524.8
17786.5
9764.2
5534.2
3794.1
3319.8
3059.5
2863.5
2573.5
2465.6
2465.4
2335.3
2460.3
2311.3
2517.5
2373.5
2499.3
2541.8
2745.5
2839
3097.6
3310.3
3629.8
3888.1
4238.2
4535.4
4962.8
5353.4
5852.5
6216.8
6541.7
6981.1
7166.3
7568.6
7629.3
7875.3
8011.6
8039.4
8141.4
8201.5
8348.6
8453.1
8313.8
8297
8332.8
8271.1
8116.7
7900.4
7699.9
7498.2
7249.3
6951.2
6671.5
6410.4
6110.3
5841.1
5557
5325.4
5128.4
4957.5
5044.3
4978.1
5071.6
5430.7
5505.9
5851.4
6169.9
6720.7
7138.9
7730.8
8368.4
9076.9
9822.5
10585.9
11491.3
12349.3
13131.7
13809.8
14396.2
14682.9
15026.3
15190.3
15382.7
15366.9
15299.5
15330.2
15364.4
15460.4
15357.2
15165.6
15115.7
15122.3
14995.1
14692.6
14307.9
13905.1
13688
13474.4
12875
12376.1
12153.5
11644.2
11496.1
11112.5
10985
11013.8
11191.6
11154.3
11277.3
11214.9
11395.4
11331.8
11265.7
11131.1
11142.1
11278.1
11325.6
11575.2
11777
12169.7
12972.5
13534.3
14400.1
15318.6
16244.4
17273.8
17949.8
18787.7
19506.5
20219.9
21037.5
21453.3
21998.7
22565.5
23246.2
23561.1
23947.1
24360.6
24934.1
25183.7
25752.5
26188.5
26679.3
26818.3
26908.2
26794.1
26433.9
25732.5
24469.8
23167.1
21515.1
19955.7
18505
17312.6
15593.8
14303
12931.3
11673.2
10591.2
9734.2
9169.4
9069
9171.9
9344.2
9638.4
9940.2
10518.7
11148.4
12090.2
12700.3
13690.1
14843.2
15875.8
16861.7
18117.5
19406.3
20384.3
21485.2
22694.3
23721.6
24847.6
26020.1
27402.4
28495.6
29597.7
30739.4
31353.4
31557.7
31439.7
31280.2
30583
29603.4
28470.3
27324.6
26003.5
24658.4
23338.1
21837.7
20357.4
18602.5
16892
15398.9
14006
12697.8
11712
10821.8
10051.2
9423.4
8883
8455.8
8086.7
7706.2
7510.3
7423.1
7389.9
7502.2
7727.9
7889.5
8166.5
8553
9019
9595.2
10085.9
10721.7
11384.1
12185.6
12791.1
13393.6
14099
14544.6
15064
15458.8
15897.5
16062.6
16449.3
16684.6
16803.9
17035.3
17211
17325.2
17294.9
17301.9
17153.1
16926.7
16579.1
16353.3
15946.1
15424.9
15104.2
14662.5
14359
14169.7
14124.6
14196.2
14176.5
14224.6
14017.1
14005.5
13704.1
13830.6
12715
11956.5
11230.4
10636.1
10157.9
9426
8861.4
8387.4
7827.4
7164.6
6504.7
6007.6
5498.5
4958.3
4386.3
3781
3197
2936.8
2668.1
2464.2
2204.7
2256.1
2168.1
2229.8
2212.6
2235.9
2278
2405.8
2487.5
2649.5
2633.4
2803.6
2964.9
2945.8
3199.3
3377.6
3519.3
3714.5
3948.3
4081.3
4103.7
4078.6
4159.1
4269.6
4231.1
4209.7
4049.1
4071
3795.6
3639.2
3551
3379.5
3186.8
3271.3
2805.8
2662.8
2399.1
2284.9
2078.9
1929.6
1672.9
1545.6
1444.8
1299.1
1293.6
1266.1
1309.3
1194.4
1230.1
1248.5
1382.9
1410.7
1442.6
1545.3
1653.6
1754.5
1932.9
2053.2
2238.8
2468.3
2561.3
2757.1
2988.6
3303.7
3637.4
3827
4063.6
4249.1
4331.2
4549.4
4429.2
4497.4
4535.7
4488.8
4459.5
4455.8
4364.1
4170.9
3972
3875.4
3793.5
3498
3286.5
2993.3
2703.3
2576
2419.3
2145.8
1824.3
1696.7
1425.4
1346
1237.7
1151
1129.7
1072.6
1098.9
1053.9
1113.7
1020.6
1014.4
1010.3
988
1076.6
1009.3
1121.6
1148.9
1134.1
1301.6
1275.9
1399.9
1476.8
1566
1697.5
1920.2
2131.6
2233.9
2454.9
2572.5
2640.8
2889.1
2864.1
2744.1
2787
2717.6
2785.8
2813.4
3128.6
2674.1
2634.2
2516.2
2470.2
2397
2296.4
2102.5
1878.2
1635.8
1548.6
1516.4
1269.5
1105.9
951.9
875.2
729.8
618.5
594.7
642.3
644.5
613.4
613.4
630.7
644
432
576.1
532.6
461.8
607.3
481.8
444.8
428.3
408.2
426.1
378.9
374.1
294.3
247.7
254.8
298.7
257.9
171.6
303.1
155.1
186.2
154.8
169.2
40.2
188.6
54
97.4
150.8
162.6
99.4
198.8
143.9
206.2
143.1
226.8
281.8
278.9
385
433.2
375.4
410.6
445
397.4
350.1
415.7
384.4
445.8
359.8
362.2
383
318.2
296.8
310.6
326.1
331.4
235.9
390.9
184.4
154.8
364.8
131.2
121.5
145.8
27.6
74.4
44.5
18.9
0.6
16.9
52.3
50.2
60.4
272.6
44.2
0
24.7
31
145.3
18.4
36
58.1
67.9
118.6
85.3
85.6
152.2
175.5
190.1
170.1
198.6
282
262.6
302.6
278.3
378.1
380
374.2
300.1
389.6
379.9
385.3
312
368.2
318.5
201.2
198.2
262.5
202.4
202.6
276.3
221.7
138.3
175.9
151.3
163.4
226.5
381.9
584.4
633.9
640.8
627.8
649.9
567
599.6
633.5
719.8
698
614.8
562.8
624
471.4
574.6
434.7
425.9
419
365.6
351.7
288
287.8
309.2
273
311.3
316.4
314.8
542.8
357.2
275.6
297.4
270.2
341.5
403.2
284.6
326
336.2
388.9
474.1
410.2
373.7
419.2
408.8
347.8
401.3
301.8
367.1
262
267.6
267.1
269.8
200.6
258.8