NaN
5514.9
3788.5
2071.3
1366.7
1385
1559.9
1988.6
2394.9
2947.3
3690.6
4709.2
5968.9
7568.8
9284.7
11462.4
14066.1
16768.3
19136.6
18979.8
14672
8926.5
4235.5
1995.3
1939
2228.8
2531.9
2948.4
3602.5
4489.6
5504.4
6843.5
8885.1
10860.6
13353.9
16462.7
20099.8
24679.6
29340.4
31997.7
30007.5
21246
11776.6
4254.4
1465.6
1210.6
1136.2
1053.2
940.7
963.9
1062.6
863.2
860.7
904.3
1121.2
1126.1
1272.3
1488.7
1718.9
2074.8
2316.8
2354.8
2276.6
1748.9
1350
976
1017.3
1004.7
1144.3
1445.7
1856.8
2410.8
2960.9
3625.4
4331.7
5233
5936.5
6059.5
5097.3
3571.6
2279.5
1361.2
1287.6
1380.8
1702.5
1707.2
2048.5
2249.1
2543.9
3369.2
4341
5564.9
6924.4
8464.8
10114.7
12221.3
13835.8
14298.4
12321.8
8555.9
5018.4
2429.4
1703.1
1817.8
2057.1
2364.6
2603.8
3104.9
3648.6
4382.3
5289.8
6474.2
7785.2
9487.7
11573.7
13886.7
16485.7
20035.8
24438.5
27696.4
28280.4
24607.4
17253.9
9924.3
4016.1
1973.5
1771.2
1785.6
1979.3
2089.1
2391.3
2730.6
3243.2
3805.9
4596.6
5560.4
6545.6
8006.4
9514.9
11441.6
13576.5
16176.2
19065.3
23154.8
27280
29228.4
27723.6
22300.3
14612
7836.8
3143.1
2238.2
2214.6
2397.8
2551
2865.7
3250.9
3765.7
4538.8
5007.5
5025.6
4606.7
3596
2583.8
1758.4
1333.2
1413.3
1489.6
1593.1
1758.2
2058.1
2515.5
2913.9
3505.7
4134.9
4771.4
5344.7
6379.2
7442.6
8194
8290.6
7308.5
5489.6
3583.8
1936
1281.1
1170.4
1217.3
1245.8
1334.5
1402.6
1555
1600.6
1784.9
2048.2
2514.5
3132.9
3921.2
4806.3
5712.6
6616.1
7686.2
9242.5
11013
12145.5
12201.9
11026.4
8309.6
5296.5
2723.2
1511.8
1421
1476
1440.5
1509.8
1598.6
1633.1
1736
2024.7
2113.1
2295.3
2610.4
2957.8
3401.4
3984.4
4618.8
5388.2
6203.7
7263.5
8301.8
9797.3
11660.9
13279.9
13885.4
13091.3
10841
7463.3
4234.1
1768.7
950.9
868.2
785.7
799.6
777.2
882.4
845
1096.7
1157.3
1195.1
1298.8
1465.6
1638.7
1866.9
2021.9
2348.2
2647.2
3047.9
3512.8
4001
4645.5
5368.4
6222.1
7337.6
8749.1
9599.2
9737.3
9142.8
7734.7
6015.6
4441
3342.4
2826.6
2306.8
1792.9
1177.8
833.6
965.2
789.6
828.7
789.1
755.1
796.1
832.7
1009.2
1096.4
1265.4
1428.2
1598.8
1831.8
2090.8
2334.2
2659.7
3164.4
3672.9
3866.7
3817.8
3620.1
2805.1
1942.8
1084.3
576
418
393.8
394.1
399.9
441
463.6
497.8
555.1
613.3
588.1
912.3
670.1
770.2
890.3
1084.6
1440.1
1498.5
1802.9
2123.1
2381.1
2772.7
3179.8
3822.5
4545.2
4970.6
4883.4
4676.1
3763.2
2656.4
1718
1078.6
971.4
998.7
960.3
937.6
839.9
790.2
769.4
627.1
675
665.7
704.3
767.7
783.6
800.3
919
991.7
1089.8
1233.8
1538.5
1491.9
1727.6
1986.9
2220.7
2547.8
2912.2
3326.5
3927.5
4500.2
4905.7
4848.7
4482.9
3853.2
2899.1
1838.8
987.8
628.1
571.2
517.6
535.2
548.7
613.1
582
601.5
633.5
703.7
691.1
722
819.3
805
873.3
848.5
921.7
1021
1163.8
1395.9
1464.6
1728.3
1936.7
2336.5
2508.7
2682
2691.2
2792.4
2664.9
2631.7
2670.5
2777.6
2863.1
2796
2591.3
2271
1839.4
1258.3
871.6
667.2
575.2
568.7
583.3
595
713.9
745.6
801.9
935.2
1010.2
1113.8
1272.4
1379.2
1499.8
1682.4
1991.5
2218.8
2256.8
2181.4
2042.9
1704.9
1281.1
882.1
527
435.4
383.4
447.1
452.1
421.8
416.4
450
411.1
535.6
417.3
465.9
510.3
539.9
566.8
612.3
573.1
529.2
558.6
643.6
648.8
725.1
864.8
1006
1088.6
1379.2
1437.8
1625.3
1745.4
2003.2
2320
2635.7
2800.4
2790.7
2724.8
2643.1
2317.8
1910.9
1618.7
1524.3
1432.6
1377.4
1225.7
1145.2
932.9
763.7
637.8
478.1
430.9
430.8
552.5
610.1
668
773.8
781.5
894.6
887.6
926.4
747.2
661.6
673.9
682
801.8
854.4
920.7
957.1
1105.2
1080.1
1262.5
1314.1
1399.1
1532.1
1657.7
1766.9
1971.1
2088.6
2024.3
1945.3
1805.3
1654.8
1333.1
941.9
714.6
601.7
503.1
443.8
493.6
459
433.1
493.9
434.9
495
507.9
570.7
510.7
636.1
703.5
761.6
822.9
859.9
832.4
782.2
754.7
652.5
661.9
467.1
389.1
393.9
421.8
420.2
409.6
423.8
613.4
511.4
524.9
587.9
578.4
626.3
638.9
732.4
788.1
802.3
938.3
943.8
942.9
991.2
922
885.9
863.7
803.7
792.8
746.6
751.8
831.5
832.5
913.3
983.6
1061.2
1142.5
1131.9
1033.3
1022.5
957.3
895.9
823.4
665.6
541.9
535.2
528.3
546.5
478
420.8
460.2
447.6
431.6
410.4
463.4
383.4
375
419.2
370.7
428.2
482.8
515.5
693.5
546.5
607.2
594.2
663.1
686.5
750.2
818.7
770.7
840.8
879.8
915.1
1001.7
1010.7
1056.1
1276.7
1233.9
1312.1
1320.6
1509.3
1610.5
1684.3
1741.8
1827.2
1828.2
1809
1800.7
1747.6
1731.7
1573.5
1502.5
1380.1
1274.6
1157.1
1007
850.4
748.3
688.3
659.7
634.5
569
523.7
473.5
527.2
532.4
500.2
393.2
445.7
425.4
471.3
494.8
551.9
619
503.3
410.4
451.1
398
403.5
451.5
426
426.4
413.7
417.8
436.3
388.5
438.1
410.8
419.8
398.7
380
524.5
463.2
416.6
436.8
535.8
523.8
521
650.8
637.2
588.6
563.5
578.3
480
514.1
601.1
539.4
635.1
726
777.2
870.4
972.5
1100.3
1145.2
1294.8
1425.3
1464.2
1530.3
1581.7
1635.7
1734.7
1769.5
1732.3
1781.2
1818.2
1801.3
1803.1
1787.5
1869.3
1923.3
1866.2
1824.9
1827.4
1878.4
1949.4
1970.5
1956.4
2003.1
1999.5
1976
1943.7
1879.4
1886.7
1783.7
1764.1
1746
1807
1771.1
1931
1851
1866.7
1860.9
1911.2
1907.5
1931
1923.9
1890.6
1838.6
1948.1
1851.8
1829.7
1771.9
1854.9
1777
1835.4
1747.3
1725.4
1757.4
1747.6
1684.5
1610.5
1543.3
1495.9
1359.8
1331.1
1292.7
1284.6
1340.8
1318
1432.9
1372.5
1391.7
1453.8
1519.9
1555.4
1509
1453
1476.9
1398.9
1338.1
1252.6
1229.2
1202.2
1163.6
1099.7
1094
1089.7
1071.5
1100.3
1146.4
1179.8
1172
1162.8
1185.8
1151.8
1128.7
1122.6
1123.7
1125.2
1030.4
1082
1027.8
1062.2
1034.4
1055.4
1049.5
1107.8
1150.9
1261
1248.9
1272
1248.8
1218
1181.6
1197.3
1097.5
990.5
905.6
939.9
657.6
607.8
651.5
562
587.1
586.9
579.3
594.9
594.4
645.1
596.4
705.4
703.2
682.8
672.7
695.2
775.7
813.2
770.6
819.4
852
968.9
901.4
965.5
1013.9
1065.1
1065.8
1105.9
1104.4
1151.7
1181
1165.9
1231
1215.3
1371.4
1513.1
1531.4
1707.3
1799.8
1976.6
2183.1
2410
2765.1
3233
3714.9
4124
4620.9
4940.2
5170.6
5290.3
5326
5413.2
5602.6
5614.4
5723.2
5926.4
5772
5614.8
5217.2
5000.4
4830.8
4708.3
4862.1
5191.1
5679.2
6201.6
6908.6
7323.4
7592
7794.6
7805.9
7950.7
8082.5
8135.7
8160
8196.3
8202.9
7969.9
7571.1
6737.1
6366.9
5916.3
5771.5
5852.8
6245.4
6713.6
7346.4
7893
8360.8
8699.3
8786.5
8765.3
8771.2
8913
9153.6
9151.1
9328.4
9386.7
8998.7
8445.8
7545.9
6872.9
6376.1
6070.3
6042.1
6353.4
6883.6
7514.8
8134.3
8828.3
9124.3
9330
9290.8
9238.8
9250
9421.4
9645.6
9816.6
9883.5
9787.8
9272.9
8448.9
7537.9
6626.3
6035.8
5801.3
5766.5
6067
6505.4
6971.6
7467.2
8142.8
8527.8
8758.6
8610.8
8481
8298.1
8356.9
8696.1
8772.7
8824.6
8885.5
8579
7843.1
6972.6
6107.3
5574.4
5123.7
5062.7
5375.1
5762.2
6151
6724.1
7315.9
7966.9
8328.7
8453.9
8245.1
8001.4
7902
8030
8391.9
8534
8602.9
8796.8
8444
8030.4
6971.6
6089.6
5529.2
4943.5
4986.4
5144.6
5422.2
5632.1
6125.2
6626.8
7186.1
7598.3
7850.5
7705
7280.2
7018.6
6901.8
7114.1
7449
7393.8
7324.3
7248.8
6917.5
6543.9
5122.7
4371.8
3678.9
3271.5
3196.8
3079.2
3128.5
3072.5
3162.7
3326.6
3580.2
4054.8
3995.8
3957
3755.5
3622.6
3557.3
3656.3
3981.7
4127.3
4014.6
4172.1
3852.6
3623.6
2967.9
2512.5
2145.1
1952
2044.9
2049.6
2130
2190.8
2305.2
2347.4
2588.1
2793.9
2875.6
2776.3
2690.6
2553.3
2460.2
2419.1
2430.2
2618.9
2527.8
2437.5
2454.5
2384.6
2153.8
1846.6
1585.5
1444
1479.3
1475.2
1446.7
1522.1
1647.4
1769.6
1986.7
2237.1
2483.8
2858.2
3012
3284.2
3330.2
3284
3126.6
3071
3207.7
3203.1
3331.4
3273.6
3284.6
3092.3
3087.6
2994.6
2855.6
2507.5
2100.1
2000.8
2096.3
2146.6
2147.1
2218.4
2315.2
2622.5
2903.7
3283.9
3758.3
4181.9
4682.2
5189.2
5444.3
5777
5561.8
5343
5073.7
5172.9
5403.6
5511.2
5651.8
5569.3
5312.9
5070.2
5158.4
4961.6
4291.3
3469.1
3043
3122
3238.9
3178.5
3190
3189.6
3440.3
3753.3
4214.3
4779.8
5415.4
6094.4
6909.3
7414.2
7903.4
8283.8
8026
7641.1
7208.4
7416.2
7779
7914.8
8296.9
8113.4
7825.3
7242
7397.9
7318.2
6522.9
5128.2
4377.4
4448.6
4580.4
4596.6
4379.8
4357.3
4454.3
4915.2
5391.9
6008
6733.7
7538.9
8441.8
9383.1
10007.4
10811.1
10922.2
10696.4
10186.2
9609.8
9914
10465.8
10628.7
11173
11070.7
10636.9
9879.3
9827.8
9859.8
9000.9
7016.9
5678.4
5731.2
5956.9
5987.5
5832.1
5779.8
5820.2
6237
6890.3
7538.8
8536.1
9405.1
10580.9
11773.4
12903.3
13784.6
14633.7
14777.2
14245
13508
13011.9
13472.6
14004.9
14482.4
14970.9
14826.8
14359
13239
13246.2
13397.6
12110.4
9635.5
7889.4
7778.5
8422.6
10191
14131.5
16936.8
16997
13736
10844.3
10475.8
11309.2
12206.9
13679.4
15143.8
16701.6
17780.2
18888.1
19677.4
19698.3
18924.7
17900.1
17582.6
18265.3
18730
19448.4
19913.1
19828.3
19072.5
17908.9
17629.2
17440.4
15576.3
12463.7
10068.9
9286.5
9200.3
9167.6
8929.1
8611.8
8212.3
8175.8
8582.7
9233.8
10005.4
11046.1
12165.8
13476.5
14836.7
15937.8
17076.2
17853.9
18471
18129.8
17444.3
16666.6
16478.2
16793.5
17333.3
17632.2
17915.3
17864.4
17069.8
16277
15958
15349.4
13820.7
11390.5
9000.3
7894.6
7455.3
7242.5
7063
6761.9
6255.9
6137.1
6078.5
6379.1
6762.9
7334.5
7945.6
8694.3
9594.7
10300.8
11147.3
11816.2
12352.5
12457.1
12476.2
11953.8
11635.8
11343
11490.1
11713.7
11999.1
12129.7
11995.1
11553.4
11214.3
10719.5
10196.9
9032.5
7744
6228.7
5295.5
4751.1
4334.1
4044
3809.2
3417.9
3238.7
3082.4
2975
3015.5
3119.6
3414.2
3563.6
3854.1
4246.9
4463
4743.1
4999.3
5168.2
5170.7
5190.4
5037.3
4869.3
4849.4
4806.5
4911.2
4853.6
5027.9
4882.4
4785.9
4662.6
4425.7
4159.3
3763.5
3255.8
2682.4
2305
1968.1
1607.1
1431.1
1254.1
1111.9
994.8
841
662.1
659.5
514.3
500.6
480.7
432.7
439.3
416.4
480.6
446.4
416.3
441.6
374.4
396.8
363.4
381.8
410
452.2
364.7
402.1
411
483.8
410.1
391.6
457.6
525.8
523.1
451.7
618.2
520.4
471.2
471.2
549.2
498.1
605.9
556.2
591.9
538.9
600.7
753.5
781.4
839.2
794.9
750
777.3
792.9
786.5
746.4
844.2
846.2
962.7
892.8
902.8
956.3
1004.1
1096
1104.4
1175.5
1244.5
1357.1
1438.2
1709.7
1779.4
1888.6
2036.3
2337.1
2487.2
2657.1
2855.2
3246.2
4565.6
5799.4
5384.4
3753.5
1668.7
1324.7
1268.8
1327.3
1500.8
1480.3
1549.8
1723.4
1922.2
2138.7
2431.2
2617.1
2989.3
3432.8
3796.7
4326.1
4807.6
5489.3
6103.6
6882.9
7685.3
8500
9517.4
10497
11615.8
12815.7
13958.4
15142
16945.6
21453.9
27360.2
30140.2
26783.1
17615.6
9193.9
5052.5
3841.9
3332.5
3075.9
2872.9
2709.4
2491.2
2429.5
2453.9
2408.6
2497
2441.5
2619.6
2528.3
2652.5
2760.2
2944
3111.1
3362.7
3615.9
3922.5
4271
4597.9
4901
5333.3
5771.3
6203.9
6620.4
6906.2
7197.3
7354.6
7701.7
7770.6
7885.7
7970.5
8045.4
8105.3
8171.9
8259.8
8174.7
8114
8132.8
8138.9
7998
7795.7
7510
7442.4
7110.1
6770.4
6559.2
6216.8
6002.1
5699.1
5445.6
5202.4
5031.4
4919.7
4857.3
4981.3
4953.7
5191.3
5516.7
5692.8
6083.3
6542.9
7124.1
7545
8149.4
8855.3
9565.7
10315.9
11073.1
12041
12793.6
13362
13888.1
14247
14505.2
14757.8
14831.8
14950.4
14823.5
14817.7
14931.1
14963
14950.3
14759.5
14550.2
14675.6
14596.2
14226.1
13799.8
13503.2
13151.3
12959
12495.4
12020.8
11593
11393.7
10972.7
10766
10559.7
10680.5
10730.4
10894.6
10842.6
10910.8
10988.5
10931.7
10863.1
10772.8
10737.6
10870
10955.9
11098.5
11396.5
11779.5
12331.3
13280.2
14020.9
14918.8
15861.6
16719.5
17588.3
18260.3
18985.1
19697.8
20346.8
21064.1
21305.2
21882.6
22566
23176
23423
23695.4
24050.4
24682.6
25112.2
25662.1
26008.5
26310.8
26310.5
26385
25933.5
25317.9
24107.2
22552.4
21142.9
19481
18005
16543.9
15214.9
13612.5
12351.4
11078.9
10137.5
9307.1
8929.9
8763.7
8902.3
9093
9470
9837.7
10275.5
10962
11805.8
12783.3
13528.9
14537.8
15697.9
16827.7
17932.5
19178.1
20338.8
21431.8
22468
23650.3
24698.7
25859.6
27290.7
28588.3
29602.5
30600.2
31359.2
31698.9
31374.6
31032.7
30697.6
29527.5
28244.6
27102.3
25786.3
24419.5
23022.6
21428.1
19781.8
18135.2
16435.4
14876.6
13414.8
12369.1
11295.1
10480.1
9775
9173.4
8661.8
8187.1
7820.3
7575.4
7337.2
7266.6
7205.8
7326.2
7497.1
7847.6
8035
8312.1
8804.4
9331.9
10064.4
10620.5
11136.9
11901.6
12643.4
13271.8
13811.4
14280.4
14753.6
15195
15477.2
15966.7
16135.4
16367.6
16590.9
16640.7
16814.8
16936.5
16937.5
16774.9
16765.3
16508.2
16317
15926.8
15650.7
15192.7
14621.6
14368.4
14071.5
13873.1
13931.1
14045.9
14181.3
14106
14139.9
13932.1
13789.5
13396
13088.5
12042.9
11387.5
10770.4
10187.9
9584.2
8943.4
8393.6
7751.4
7227.8
6556.5
5987
5398.5
4889
4212.2
3647.5
3175.1
2833.2
2622.7
2399.5
2286.2
2136.8
2243.3
2156.5
2241.8
2245.2
2294.3
2374.2
2477.9
2601.4
2721.1
2760.9
2906
3067.7
3117.6
3328
3545.3
3709.3
3843.6
4033.7
4068.5
4098.5
4127.9
4175.4
4206.5
4104.6
4013.3
3894
3859.5
3629.7
3446.6
3313.6
3177
3016.3
3008.7
2559.1
2375
2210.9
2152.9
1898.2
1724.1
1520.3
1440.7
1370.6
1301.7
1330
1339.7
1353.8
1311
1318.4
1377.4
1560.5
1558.1
1646
1697.6
1824.4
2001.4
2130.8
2307.6
2489.9
2743.3
2833.3
3114.7
3379.9
3660.8
3948.4
4089.5
4295.4
4402.8
4487.8
4640.9
4517.6
4536.7
4561.2
4485.8
4395.5
4358.8
4192
3945.9
3793.3
3709.3
3536.2
3209.6
2906.2
2743.9
2506.5
2366.4
2126.4
1854.9
1580.3
1551.3
1341
1280
1202.5
1138.2
1142.2
1089.1
1139.1
1057.3
1100.5
1081.1
1049.8
1104.2
1088.4
1142
1157.4
1253
1281.2
1301.1
1435.6
1452.9
1599
1679
1809.2
1918
2148.3
2461.3
2536.3
2768.9
2807.4
2829.4
3016.7
2982.9
2902.8
2848.2
2865.6
2895.9
2882.1
3142.7
2674.3
2612.4
2518.9
2479.2
2281.6
2114.5
1946.8
1714.7
1565.4
1473.8
1372.6
1055.3
981.6
789.8
797.3
705.2
565.1
574
640.8
662.8
623.2
605.4
601.9
650.8
441.3
561.4
532.5
480.1
569.5
470.6
432.8
426.9
424.2
447.2
364.9
368.7
294.9
242.9
288.4
286.4
265.7
196.2
264.7
147.9
162.2
186.5
193.2
99
207.6
76.9
145.6
186.8
192.4
172.5
246.1
221.7
242.9
231.8
225.4
343.3
319.2
411.4
485.7
425.5
478.4
440.9
390.7
354.9
438
388.7
456.4
392
358.1
393.5
310.2
283.6
304.2
308.2
313.3
242.6
351.6
170.1
165.7
350.5
129.3
126.8
132.9
42.3
91.5
47.8
38.2
14.1
0
61.1
50.3
89
250.3
108.4
10.6
49.5
72.8
127.9
64.9
61.9
83.8
102.6
128.7
126.8
125.5
176.3
178.8
208.4
193.4
214.9
294.5
291.6
323.3
322.3
352.9
380.4
355.3
315.1
375.1
352.4
360.5
243.8
316.2
308.6
197.9
247.5
245.2
166.1
158.7
222.4
194.2
130.4
197.4
207.5
236.5
376.1
565.4
732.2
743.5
710.1
659
646
605.9
629.2
655.9
776
745.8
593.8
547.1
544.9
457.1
533.5
417.8
402.8
373.7
306.4
357.2
293.4
279.8
289.4
271.3
302
312.9
287.4
488.1
322.9
302
324.8
283.7
340.6
384.6
311.4
344.8
349.7
385.6
450.6
426.7
383.7
424.9
375.6
308.1
361.3
290.8
316.7
259.6
173
206
237.1
167.3