6526.6
4670.7
2804.6
1638.6
1391.9
1604.9
1922.1
2340.8
2899.2
3635
4602.3
5796.6
7321.3
9004.1
11162.7
13707.5
16606.9
19415.5
20360.8
17044.1
11278.6
6055.9
2465.5
1954.1
2180.4
2471.9
2907.7
3454.8
4304.2
5269.6
6577
8442.2
10333.6
12836.1
15769
19298.1
23761.4
28760.1
32186.1
32159.9
24940
15263.3
6877.8
1916
1299.1
1219.6
1086.6
1006.7
1015.5
1102.1
957.6
921.4
988.5
1207.1
1195.9
1397.2
1605.1
1824.8
2178.8
2547.2
2610.5
2652.6
2152
1686.1
1179.8
1057.3
1081.9
1233.9
1481.1
1854.3
2432.2
3048.8
3793.8
4556
5511.1
6286.2
6694.8
6051.8
4500.1
2996.8
1767.3
1371.4
1444.8
1756.5
1801.5
2089.7
2321.7
2562
3345.3
4286.4
5510.7
6959.1
8565.4
10150
12562
14467.3
15434.6
14279.5
10508.1
6665.4
3335.2
1858.1
1901.2
2131.4
2353.1
2650.7
3063.2
3602.4
4399.5
5237.6
6371.1
7600.2
9301
11303.1
13678.3
16249.8
19490.2
24093
27993.7
29511.2
27436.3
20671.5
12844
6136.7
2367.3
1876.1
1843.9
1984.8
2092.3
2428.2
2659.3
3120.1
3703
4457
5352.5
6243.1
7623.2
9131.1
10939.8
13042.8
15531.6
18324.1
22003.4
26475.7
29119.5
29073.3
25072.3
17457.4
10311.1
4553.2
2468.9
2368.4
2506.2
2731.9
3070.9
3444.8
3935.3
4740.2
5392.9
5656.1
5295
4422.5
3224.6
2202.4
1532.5
1478
1516.9
1610
1775.3
2004.6
2501.7
2868.6
3503
4193.8
4992.1
5586.3
6504
7700.3
8723.1
9084.6
8431.2
6769.1
4634.5
2674.1
1501.2
1255.3
1259.5
1283.9
1361.4
1424.2
1605.8
1661.8
1830.8
2039.2
2430.3
3064.8
3831.4
4716.2
5743.1
6713.7
7763.3
9104.5
11024.8
12565.9
13050.6
12464.6
9935
6687.1
3666.5
1805.4
1462.4
1449.6
1455.4
1523.5
1627.9
1664.3
1740.8
1986.3
2047.1
2266.8
2543.4
2896.4
3324.6
3872.3
4520
5210.7
6058.6
7111.9
8131
9514.8
11249.4
13176.1
14193.8
13893.8
12216.5
8918
5537.6
2618
1123.8
919.9
834.5
814.9
803.2
893.4
886.7
1091.4
1171.7
1187
1309.6
1414.6
1579.6
1814.3
1961.2
2309.4
2605.9
2964.5
3401.7
3879.3
4497.3
5205.2
6004.3
7049.2
8343.2
9474.2
10009.6
9638.6
8535.9
6964.9
5282.2
3973.8
3262.5
2696.4
2148.3
1468.8
970.7
934.5
771.5
833
818.4
803.9
821.9
863.2
972.3
1077.6
1241.7
1427.2
1596.5
1861.5
2153.6
2408
2707.5
3164.6
3769.7
4072.7
4211.4
4102
3326.6
2462.7
1405.8
774.4
465.6
438.5
410.4
437.3
450.7
480
512.6
555.8
619.4
643.3
872.3
691
750.3
893.9
1068.4
1395.7
1475.3
1794.4
2115
2360.6
2775.5
3119.9
3762.2
4525.2
5067.3
5223.6
5086.7
4285.7
3188.4
2085
1224.9
897.2
887.2
879.7
865.5
802.3
773.9
748.5
659.5
649.3
625.4
694
714.6
767.2
748.3
896.6
959.1
1071.9
1176
1464.1
1468.7
1669.4
1912.5
2166.5
2480.3
2842.5
3214.8
3775.2
4416.7
4978.7
5002.3
4802.7
4205
3312.2
2261.2
1259.7
672.2
588.1
528.8
533.7
579.3
621.5
553.5
584.1
616.1
653.3
664.8
686.7
789.6
804
877.9
882.4
957.2
1042.5
1170.2
1398.4
1506.4
1723
1966.7
2325.8
2593.8
2842.2
2877.9
2942.6
2880.3
2696.3
2672.9
2714.9
2817.6
2813.3
2702.8
2410.7
2005.3
1447.5
961.1
744.5
557.7
559.1
569.2
582.5
693.6
710.9
801.7
911.2
984.2
1136.9
1266.2
1403.5
1525.2
1689.5
2035.8
2270.7
2381.2
2353.4
2234.9
1971.4
1528.9
1069.7
619.3
409.5
381.8
431.5
421.4
379.8
391.5
405.5
395.8
497.3
403.3
450.8
481.2
504.8
524.6
573
548
507.5
534.3
614.1
617.8
678.5
822.2
953.5
1058.8
1296.3
1364.2
1594.7
1706.3
1900.8
2192.5
2588.5
2819.3
2837.7
2777.8
2650.2
2394.5
1994.5
1540.9
1378
1244.6
1192
1101.8
1030.3
867.2
727.4
611.4
442.4
431
401.4
490.1
566.7
663.5
800.3
778.4
865.7
924.6
968.6
760.3
694.8
648
648.6
779.6
805.2
876.1
940.4
1054.1
1044.9
1251.8
1304.9
1342.5
1511.9
1653.2
1749.8
1923.2
2111.7
2093.4
2034.5
1869.6
1742.5
1492.5
1093.5
809.7
611.8
483.9
483.3
518.2
458.1
442.8
475.9
453.3
503.9
516.5
542.2
554.8
614.2
714.8
743.4
804.1
889.2
888.6
898.6
817.5
725.6
739.7
514.8
404.7
396.7
387.1
363.7
383.2
429
548.1
477.2
491.3
603.4
557.2
606.6
635.7
739.3
759
788.5
901.1
893
955.8
998.5
924.6
914.6
878.2
858.9
798.4
739.7
745.6
835.8
837.3
918.1
960.2
1033.6
1161.1
1162.4
1104.4
1042.4
1008.3
917.3
843.9
645.5
577.4
522.1
512.3
498.5
449.6
419.8
442.1
425.8
441
401.9
486.9
395.6
381.3
407.6
396.3
430.7
467.3
496.8
666.8
576.8
601.2
627.1
659.6
714.3
779.1
817.6
771.2
857
908.7
935.5
1019.9
1053.7
1100.4
1290.1
1275.7
1342.4
1356.8
1527.3
1610.4
1707.4
1764.8
1814.2
1817.7
1803.8
1781.7
1734.2
1691.1
1512.5
1418.8
1371.2
1290.8
1190
1045.6
942.3
867.4
773.9
755.3
709.3
711.8
596.3
539.7
588.9
566.2
520.5
441.4
437.7
458.4
453
511.2
573.1
620.9
486.2
454.4
447.3
404.5
394
436.5
395.6
384.3
406.4
442
444.3
387.3
432
430
448.7
392.2
402
525
455.5
438.8
454
535.6
522.9
576.2
662.3
652
597.7
605.9
600
507.4
502.8
563.9
574.1
619.8
692.7
773.6
881.7
966.7
1113.5
1186.6
1295.8
1456.3
1510.3
1609
1629.2
1692.9
1807.4
1828.2
1826.2
1893.3
1918.5
1923.6
1944
1900.4
1986.8
2074.9
1975.1
1942.6
1942.6
1999.1
2086
2085.6
2064.2
2131.7
2165
2156.1
2102.4
2029.5
2007.9
1923.7
1898.2
1859
1920.2
1884.3
2020.4
2001.8
2008.7
1994.8
2017.4
2040.9
2060.8
2064.7
2018.5
1970.3
2030.4
1996.4
1992.7
1937.6
1992.8
1935.6
1920.3
1892.4
1919.6
1924.2
1912
1848.6
1761.5
1701.5
1642.7
1494.1
1440.7
1375.7
1378.7
1432.2
1389.9
1508.6
1496.2
1515.2
1534.3
1664.9
1664.9
1670
1598.2
1580.9
1553.5
1473
1393.5
1341.3
1327
1256.2
1167.2
1108.9
1145.7
1108.9
1123.1
1173
1221.3
1213.8
1183.7
1246.8
1202.8
1166.8
1129.4
1173.2
1152.8
1058.9
1127.2
1057.5
1078.1
1069.3
1028.3
1031
1083.2
1108.2
1187.4
1237.4
1220.1
1233
1172.1
1178.6
1146.4
1071.4
1003.1
908
974.7
654.5
665.3
681.6
571.3
588.4
594.3
559.4
587.3
584.6
662
566.2
688.3
650.5
646.8
703.1
678.6
777.6
773.3
778
749.6
791.3
906.4
839.1
896.4
934.2
1008.7
1014.8
1047.4
1084.4
1121.6
1139.6
1140.3
1181.8
1226.4
1312.6
1445.9
1536.9
1712
1804.7
1993.5
2222.3
2476.5
2789.7
3286.3
3781
4298.6
4860.5
5249.3
5597.5
5698.9
5791.2
5856.7
5976.3
6091.2
6219.9
6380.3
6372.8
6229.4
5776
5516.9
5260.5
5093.1
5172
5385.3
5907.7
6468.3
7191.4
7758
8121.3
8360.6
8453.8
8530.3
8676.8
8678.3
8814.7
8907.3
8988.3
8807.1
8395.3
7561
7024
6523
6277
6196.6
6534.2
7021.3
7667.7
8355.2
8839.4
9325.8
9436.1
9445.7
9484.7
9521.1
9823.9
9856.8
9929.9
10136
9901.5
9382.3
8487.9
7640.6
7062.6
6581.2
6449.9
6643.9
7174.9
7811.6
8433.4
9171.9
9650
9900.6
10013.2
9963.6
9956.8
10001.7
10286.9
10395
10446.7
10513.4
10077.6
9401.9
8397.4
7322.2
6637.2
6249.4
6031
6324
6724.6
7169.2
7704.6
8400.5
9025.5
9264.3
9242.4
9007.7
8791.7
8797.6
9091.4
9260.5
9320.9
9517.4
9242.1
8630.1
7891.3
6720.1
6103.2
5502.7
5335.1
5508.3
6041.9
6313.3
6886.7
7482.8
8080.4
8643.2
8822.2
8782.5
8458.1
8265.3
8305.4
8616.9
8899.6
8930.5
9196.7
8910.5
8539.2
7715.1
6606.6
5927.7
5213.7
5119.4
5264.1
5493.9
5699.9
6111.6
6657.6
7171.6
7739.1
8026.4
8017
7670.6
7285.8
7185.7
7190.2
7611
7601.7
7528.2
7503.2
7230.7
7049.8
5654.2
4681.9
3978.7
3399.5
3289.1
3187
3221.8
3182.4
3239.2
3425.4
3677.7
4113.9
4067.2
4174.7
3957.6
3790.7
3706.7
3778.5
4017.5
4294.3
4183.7
4316.1
4042.7
3916.3
3428
2745.4
2368.9
2069.2
2103.2
2133.4
2178.3
2262.9
2370.8
2422.6
2611.7
2840.5
3017.6
2991.2
2892.1
2748.2
2663.5
2563.9
2602.9
2785.3
2704.9
2617.5
2623
2577.4
2374.7
2145.9
1790.9
1587
1594.8
1567.4
1556.3
1628
1745.1
1893.2
2065.7
2311.8
2649.3
2974.1
3198.8
3438.1
3600
3617.3
3515.9
3378.1
3455.2
3426.8
3574.5
3574.2
3603
3470.2
3321.4
3265.8
3210
2878.7
2379
2156.8
2232
2352
2319.2
2342.7
2422.7
2663.7
3010.2
3399.8
3838.5
4275.6
4840
5412.2
5787.5
6142.1
6064.7
5862.2
5507.1
5493.1
5775.7
5840.8
6070.3
6125.1
5894.6
5528.7
5545.3
5514.6
4927.4
4048.4
3342.2
3318
3478.3
3473.1
3417.7
3375.4
3525.2
3893.2
4384
4938
5630.5
6278.3
7149
7791.4
8239.5
8849.7
8715.5
8402.7
7861.1
7790.9
8288
8383.2
8764.9
8797.9
8500
7989.8
7781.8
7912.2
7341.6
6000.2
4819.7
4704.9
4811.4
4966.4
4687.7
4638.6
4636.3
5009.8
5538.6
6146.5
6886.3
7711.7
8558.4
9598.2
10471.7
11191.4
11654.1
11512.6
11034.8
10335.7
10344.5
11026.1
11157.6
11743.4
11886.1
11453.6
10802.1
10309.9
10647.2
9965.2
8246.1
6290.1
6064.6
6191
6271
6182.4
6075.3
6106.3
6309
7049
7671.5
8556.5
9499.8
10754.2
11979.6
13175
14235.5
15085.7
15528.2
15178.9
14517.1
13733.2
13935.7
14587
14996.5
15447
15788.8
15339.7
14297.8
13777
14167.5
13372.4
11091.1
8674.6
8126.1
8577
9807.2
13498.7
17346.8
18478
16218.7
12160.5
10975.7
11430.3
12339.7
13705.6
15245.4
16824.8
18170.5
19369.1
20317.5
20568.9
20021.9
19049.1
18286
18717
19412.2
20000.6
20636.7
20836.1
20167.1
19013.1
18333.3
18446.8
17136
14272.5
11200.5
9878
9645.4
9650.4
9524.2
9157.4
8732.6
8532.3
8832.7
9397.1
10181.4
11121.4
12248.8
13673.3
14957.2
16204.4
17484.4
18379.3
19126.3
18958.8
18464.2
17695.1
17101.4
17365.5
17831.2
18146.4
18718.3
18673.9
18025.1
17191
16774.4
16298.8
15096
12685
10091.8
8575.2
7931.7
7729.3
7428.8
7192.2
6664
6448.1
6316.8
6518.5
6965.5
7375.4
8056
8743.5
9663.3
10493.8
11272.4
12058
12621.2
12821.4
12972.1
12588.3
12195.9
11812.7
11916.8
12034.4
12383.7
12489.4
12574.6
12100.6
11740.1
11261
10832.1
9895.9
8567
7005.7
5838.6
5179.9
4651.2
4307.6
4062.1
3690.3
3417
3260
3074.8
3125.5
3189.2
3437
3621.1
3911.7
4248.3
4446.2
4794.8
5041.9
5218.8
5348.9
5357.5
5260.3
5053.6
4961.2
4944.4
5054.5
5026.1
5133.6
5050.1
4953.2
4787.6
4638
4352.5
4040.9
3537.7
2960.2
2489.6
2127
1786
1552.7
1359.1
1200
1075.9
915.4
721.6
724.8
591.6
535.8
553
483.3
483.9
446.4
500.1
474.6
428.6
458.4
410.4
390.6
426.2
416.8
409.3
473.6
389.8
397.5
415.5
529.6
436.3
423.4
471.9
527.3
530.1
445
638.8
530.1
492.7
506.4
552.3
497.2
623.7
554.3
597.7
553.5
606.4
720.5
747.5
850.3
821.4
789.1
802.9
792.8
807
787.3
846.2
862.8
987.4
913.3
947.2
958.5
1031.1
1149
1138.6
1162.7
1255
1333.1
1468.2
1693.1
1806.7
1890.6
2053.6
2363.1
2526.5
2693.1
2883.2
3157.5
4108.5
5732.9
5804.6
4647
2313.7
1384.6
1294.5
1370.3
1510
1483.5
1602.3
1746
1919.6
2148.6
2385.3
2620.9
2969.4
3414.5
3752
4232
4790.4
5395.1
6041.1
6773.8
7544.2
8361.8
9291.1
10292.9
11494.2
12657.5
13776.1
14925.5
16385.1
19876.3
25658.4
30025.8
28875.6
21398.6
11927.3
6362.1
4246.8
3614.9
3249.8
3050
2873.4
2665.9
2553.8
2547
2497.2
2589
2514.7
2676.7
2612.7
2732.2
2869.7
3036.3
3186.8
3432.4
3663.6
3953.7
4313.6
4647.2
5031.1
5385.9
5799.4
6236.1
6727
7004.4
7371.7
7595.7
7907.8
7911.5
8152.2
8274.8
8312.4
8365.2
8453.9
8549.1
8516.9
8428.2
8498.6
8538.4
8331.3
8113.1
7929.1
7716.6
7456.7
7144.1
6913
6571.5
6317.7
6034.4
5709.5
5494.9
5203
5139.1
5013
5135.9
5153
5308.8
5677
5829.6
6225.4
6618.6
7215.2
7625.6
8330.4
8965.8
9756.7
10487.1
11270.3
12240.7
13056.5
13783.3
14301.3
14741.9
14973.7
15341.3
15400.8
15562
15389.8
15402.5
15442.8
15524.9
15519.9
15333.3
15208.1
15195.3
15163.9
14900.7
14458.6
14148.6
13753.6
13580.1
13125.9
12585.1
12173.9
11907.3
11583.1
11302.9
11031.2
11050
11168.6
11308.4
11372.5
11371.6
11463.9
11510.4
11376.3
11187.1
11173.9
11255.9
11291.4
11436.4
11773.4
12090.2
12591.6
13465.4
14220.3
15115.9
16069.1
17148.3
17957.2
18657.8
19386.4
20144.5
20801
21528.3
21904
22423.4
23063.4
23693.5
24091
24364.3
24780.8
25239.2
25652.6
26169.9
26652.3
27018.3
27163
27228
26823.2
26274.3
25191.2
23678
22214.8
20541.2
18901.1
17534.2
16144.4
14488.9
13152.6
11820.6
10734.7
9844.2
9352.2
9056.5
9131.6
9290.6
9519.2
9982.6
10416.2
11003
11861.8
12743.8
13508.3
14550.3
15707
16832.7
17970.4
19151.3
20343.9
21430.1
22556.1
23821.5
24843.5
25902.3
27255.7
28609.9
29702.9
30717.7
31591.4
32077.1
31948.9
31643.9
31311.9
30272.5
29143.6
27912.8
26659.5
25294.3
23872.6
22387.4
20631.5
19001
17354.9
15662.9
14170.1
12959.7
11877.3
11053.9
10217.7
9578.3
9052
8546.7
8194.5
7841.6
7521.5
7447.1
7441.4
7503.2
7653.7
7953.2
8144.1
8414
8847.1
9408.3
10011.6
10656.7
11272.8
11959.5
12754.7
13373.5
14002.7
14537.7
15044.6
15459.9
15829.5
16222.9
16437.9
16762.9
16982.7
17045.6
17203.3
17287.5
17352.2
17276.6
17183.8
16966.9
16835.7
16397.5
16148.8
15711.4
15228.3
14835.8
14541.5
14232.1
14240.4
14357.3
14378.7
14428.4
14436.9
14205.1
14185.1
13717.4
13463.5
12475.7
11757.5
11133
10572.6
9852
9270.6
8640.8
8111.6
7546.4
6874.7
6248.5
5676.8
5170.7
4530.5
3960.7
3428.7
2989.7
2773.7
2542.5
2410
2292.4
2296.1
2242.5
2358.8
2310.2
2345.4
2420.2
2567.7
2645.1
2780.9
2796.9
2989.6
3164.8
3174.5
3361.5
3604.1
3772.8
3937.9
4168.7
4242.7
4271.5
4283.2
4311.8
4375.3
4314.8
4221.3
4137.6
4042.6
3818.9
3649.4
3468.6
3341
3151.5
3166.8
2753.8
2556.9
2320.4
2237.2
2029.4
1834.9
1626.5
1515
1438.1
1365.2
1361.4
1356.7
1392.5
1323
1346.8
1439.9
1508.7
1589.3
1632.5
1721
1860
1986.5
2134.7
2257.7
2458.3
2732.1
2849.2
3103.6
3387.6
3644.9
3956.1
4143
4345.1
4465.7
4558.4
4718.7
4668.4
4627.7
4623.6
4605.8
4532.5
4470.4
4383.2
4116.3
3938.4
3833.2
3688.1
3374.9
3089.4
2859.6
2623
2447
2285.8
1990.3
1694.7
1628.7
1438.1
1348.1
1219.2
1189.8
1181
1139.7
1141.7
1085.5
1133.3
1101.3
1059.1
1064.1
1094.9
1150.6
1116.3
1260.8
1301.6
1280.7
1422.1
1465
1551
1649.4
1748.3
1883.1
2101.4
2363.6
2497.2
2721.8
2771.6
2803.6
3038.3
3002.7
2907.9
2847.5
2843.5
2913.4
2936.3
3194
2761.1
2636.9
2571
2524.1
2373.4
2166.4
1987.2
1748
1617.7
1546.8
1422.4
1144.7
1020.1
883.3
824.4
737.4
623.2
640.5
649.7
659.8
649.7
601.2
640.8
680.9
498.5
622.9
575.8
519.3
593.6
518.7
471
472.1
465.9
470.5
414.2
409.4
332.2
286
298.6
331.2
283.2
219.3
266.3
155.2
205.7
192.1
197
95.6
204
98.5
151.4
177
174.6
174.8
204.1
247
267.2
235
273.2
323.9
334.1
400.3
467.1
428.4
467.6
470.7
425.7
400.1
427.7
407.4
450.8
410.4
396.3
428.3
365.8
307.1
300
313.5
335.1
263
355.3
183.2
155.4
335.4
119.1
116.6
130
49.1
87.4
62.2
31.1
17
0
63.8
71.8
57.4
233.9
69.3
8.2
46.6
71.9
120.1
69.9
59.2
68.3
87
142.2
93.3
92.3
182.5
189.3
188.3
202.3
228.9
285.3
285.4
307.5
318.5
369
361.2
363.9
369.2
381.7
372.6
361.2
288.6
340.1
301
221.3
215.1
260.8
197.6
173.5
223.5
183.3
126.5
146.7
157.4
219.9
317.7
500.5
659.2
709.3
686.3
651.8
623.6
608.3
621.8
643
728.5
708
603.3
526.5
547.8
434.1
527
397.8
383.3
356.9
317
313.5
266.3
271.4
265.8
270.3
287.9
279.7
293.6
445.3
307.7
248.1
272.9
265.7
339
362.3
262.7
313.1
314.6
382.7
410.1
395.6
376.9
374.1
358.9
290.1
337.8
291.1
316
241.2
176
222.3
213.9
154
196.7