NaN
NaN
4398.8
2643.5
1372.8
1376.6
1553.4
1839.5
2284.7
2815.8
3535.5
4451.2
5662.6
7093.5
8931.1
10968
13432.3
16224.8
18691
19664.8
16370.7
10538.9
5416.2
2262.7
1935.1
2072.2
2424.3
2835.7
3392.2
4140.4
5239.8
6442.3
8070.1
10315.6
12566.3
15456.7
18954.4
23260.1
27816.5
31473
31138.5
23946.6
14179
5893.2
1713.1
1207.7
1066.3
1054.5
950.9
875.5
898.1
1031
867.2
900.4
993.4
1220.1
1247.9
1453.1
1736.9
2007.1
2336.3
2593.9
2353.5
2007.6
1455.5
1105
936.8
1097.8
1109.4
1376.9
1741.5
2262.7
2912.3
3512.2
4296.8
5132.8
5942.9
6329.6
5704.2
4124.6
2658.7
1551.9
1318.1
1351.9
1481.7
1792
1807.1
2239.8
2565.3
3101.2
4155.3
5327.4
6675.2
8111.6
9908.9
11969.2
13807.4
14609
13475.4
9823.7
6013.7
2953.6
1856
1735.6
1918.6
2198.9
2576.9
2907.8
3487.5
4129
5033.4
6100
7431.8
8945.6
10978.1
13300.2
15901.4
18947.7
23475.5
27093.2
28729.7
26226.4
19434.6
11882.7
5372
2041
1808.3
1767.2
1837.8
2057.5
2212.3
2644.6
2988.5
3585.2
4277.3
5101.3
6260.8
7417.5
9135.3
10837.3
12784.8
15195.5
18022.5
21858.2
26034.3
28679.9
28302.1
23736.7
16530.9
9389.1
3973.9
2231.7
2281.6
2344.1
2618.1
2840.2
3238.2
3753.1
4506.9
5180.5
5315.1
4979
4077.8
2993.9
1930.7
1397.3
1305.5
1436.1
1514
1659.3
1904.5
2293.3
2870.7
3325.1
4015.8
4727.3
5368.3
6220.9
7518
8293.7
8626
7953.6
6235.3
4239.4
2341.2
1304.9
1163.2
1163.8
1206.1
1273.1
1399.4
1427.5
1628.5
1710.6
1996.5
2356.5
2960.8
3766.1
4711.5
5565.8
6577.4
7628.3
8999.2
10857.5
12250.3
12622.9
11678.7
9290.3
6142.3
3306.9
1603.5
1299.6
1333.1
1401.3
1371.1
1520.9
1583.5
1650.3
1813.9
2143.9
2235.9
2459.3
2842.6
3300.7
3820.9
4419.2
5234.9
6016.6
6962.5
8115.7
9404.3
11367.9
13094.5
13903
13445.1
11594.5
8478.4
5005.7
2264.9
952.9
822.9
802.3
744.1
780.1
793.2
901.9
878.3
1087.7
1189.9
1279.2
1338
1526.7
1714.4
2012.3
2159.9
2582.4
2911.1
3328.5
3915.7
4412.1
5144.1
5971
7064.1
8435.9
9373.3
9671.9
9383.4
8164.7
6638.3
4956
3606.7
3089.2
2513.4
1861.1
1376.7
870
747.5
918.5
754.5
806.7
747
732.9
782.5
868.8
1021.1
1167.5
1342.4
1551.9
1774.8
2010.9
2327.5
2611.5
3081.3
3665.2
4056.1
3968.9
3718.8
3262.1
2210.5
1326.7
624
437.7
348.4
370.7
362.1
377.1
433.3
483.5
493.9
530.5
604.6
602.8
872.1
705
810.7
964.8
1207.3
1614.3
1705.7
2033.5
2392.3
2663.2
3113.8
3679.3
4437.4
4904.4
5026.3
4682.2
4208.5
3015.5
1926.3
1123.1
818.2
839.6
823.3
804.7
754.4
684.2
634.8
647.7
589.6
618.5
619.3
651.2
714.6
763.1
792.7
930.9
1033.7
1104.9
1270.6
1637.1
1617.6
1872.3
2135.8
2440
2785.3
3237.6
3749.1
4465.4
4763
4886.4
4542.5
4040.4
3098.3
2057.3
1111.2
571.9
475.6
521
464.7
481.9
505.6
536.3
513.4
526.6
594
611.1
650.7
657.7
776.6
780.4
865.7
916.8
1000.6
1077.1
1256
1490.9
1646.3
1947.3
2196.6
2568.3
2715.9
2744.8
2759.3
2712.3
2626.6
2547.9
2677.2
2709
2741.4
2582.8
2311.2
1841.8
1368.1
856.7
611.5
586.5
486.7
533.8
554.9
563.8
692.4
741.9
837.5
967.5
1028.3
1190.5
1314.3
1453.3
1637.8
1894.5
2185.4
2273.9
2221.1
2081.7
1832.8
1423.2
905.4
566.5
359.5
312.2
314.7
382.6
379.5
347.3
332.8
364.2
357.9
448.7
357.7
400.1
434.2
441.3
452.2
535.6
513.7
462.6
503.6
621.8
655.2
760.4
874.6
1046.3
1131.5
1392.8
1461.6
1677.9
1874.3
2158.6
2497.3
2672.8
2744.2
2592.3
2529
2288.5
1890.2
1489.9
1206.7
1222.3
1168.1
1052.4
933.7
871.5
648.1
531.2
429
326.1
357
400.3
613.6
651.9
697.5
772.8
806.3
879.9
832.7
824.2
621.8
599
603.5
664
776.9
814.6
908.7
955.1
1080.4
1073
1234.2
1312.7
1376.1
1538.2
1695.2
1847.6
1966.1
1997.1
1886.1
1799.7
1603.6
1360.6
1049.2
676.4
514
473.9
431.8
410.6
446.2
404.7
402.5
456.6
406.8
460
475.4
526.7
509.2
618.8
740.6
796.2
815.6
798.1
790.2
736
663.6
537.7
529.1
331.2
294.9
291.3
339
329
370
402.3
536.2
436.2
467.5
556.4
554.5
571.7
617.4
692.1
729.1
811
953.5
874.3
878.6
884.6
870
782.7
742.7
695.5
685.7
697.6
701.8
786.4
824.9
901.1
980.5
1038.5
1058.2
1027.3
961.9
916.7
811.1
736.9
628.9
455.5
458.9
425.4
438.2
455
363.2
377
396.3
360
388.4
315.2
418.8
347.2
331.6
363.1
330
416.1
457.5
476.4
651.1
535.7
601.3
591.5
610.1
698.6
700
804
760.1
830.5
870.2
935.7
992.5
1026.6
1076.5
1285.1
1228.1
1307.4
1327.5
1572
1614.3
1695.5
1675.9
1740.7
1765.2
1729.3
1643.3
1573.8
1529.6
1331.2
1286.6
1238.8
1119.3
973.9
858.7
742.7
683.5
655.5
629.8
563.2
554.5
453
458
504.5
471
475.9
392.6
416.9
365.9
392.9
449.4
504.4
560.7
410.5
347.4
369.8
348.4
325.3
392.9
356.9
350.6
353.8
364.3
381.7
339.3
366.1
352.7
357.8
342.4
336.6
493.3
406.6
377.2
447.2
555.1
492.8
498.1
601.8
606.8
534.8
512.8
473.2
437.4
452
570.7
558.4
612
737.1
809.9
907.2
1006
1159.8
1204.4
1318.1
1459.7
1516.4
1539.8
1589.7
1677.4
1763
1804.1
1763.8
1835.1
1813.7
1796.1
1844.3
1819.2
1907.1
1935.1
1873.9
1864.6
1873.1
1904.4
1982.4
1972.7
1949.6
1998.8
2015.5
1946.8
1925.7
1883.3
1882.1
1784.3
1773.5
1760.8
1826.9
1791.2
1963.9
1931.4
1918.9
1932.7
1929.2
1953
1934.5
1935
1864.1
1860.5
1937.3
1898.7
1836.9
1843.5
1881.4
1803.7
1828.6
1760.3
1765.5
1739.4
1732.3
1645.4
1563
1519
1439
1350.1
1307.9
1262.6
1297.5
1378.1
1333.6
1516.7
1410.6
1441.7
1516.3
1559.9
1582.4
1478.5
1441
1407.8
1341.1
1270.9
1239.9
1205.8
1144.9
1124.4
1057.5
1018.4
1066
1041.5
1045.5
1134.1
1149.5
1130.1
1111.8
1152.4
1108.1
1054.4
1060.8
1075.9
1047.4
993.7
1036.7
970.4
982.6
981.6
981.1
1000.8
1062.6
1077
1169.1
1177.7
1164.6
1154.8
1075.1
1053.7
1036.2
911.8
818.5
741.9
799.1
568.9
508.3
588.6
505.7
549.3
543.6
492.6
538.4
535.3
597.9
521.2
633
607.4
626.3
646
667.5
734.4
723.5
729.2
754.7
774.4
892.4
838.3
907.9
930.4
954.9
975.9
1023.9
1015.6
1058
1137.2
1098.2
1164.9
1263
1370.2
1521.4
1604.7
1778.2
1890
2156
2415.2
2748
3167.2
3721.9
4267.1
4660.4
5093.1
5232.7
5518.7
5537.4
5611.8
5742.4
5827.2
5892.9
6154
6101.9
5814.7
5551.8
5198.2
5042.7
4967.7
4912.6
5292.1
5715.5
6319.9
6969.8
7532.6
7819.3
7950.3
8110.9
8206.2
8300.4
8513.2
8403.2
8586.7
8654.8
8301.9
7808.6
7312.7
6658.7
6311.6
5929.1
5976.4
6326.7
6929.3
7432.9
8086
8633.4
8847.4
9094.7
9058
9075.4
9223
9489.2
9484.8
9626.1
9662.2
9470.9
8840.2
8039.2
7276.4
6778.7
6314.5
6193.5
6507
6943.8
7594.7
8249.6
8970.8
9374.8
9584.8
9509.6
9557.1
9602.9
9721
9957.7
9957.3
10165
10142.5
9676.8
8868.6
7795.1
7087
6372
5872.8
5921.8
6149.2
6499.2
7011.9
7545.3
8174.3
8709.8
8958.3
8884.5
8680.6
8664
8544.7
8801.3
8985.5
9075.5
9206.3
8907.8
8359.1
7249.9
6440.1
5724.9
5375.4
5147.1
5381.1
5755.5
6196.4
6709.2
7357.6
7991.4
8352.1
8555.9
8348.5
8182.6
8086.3
8007.6
8484.8
8600.9
8720.3
8813.4
8750.7
8211.3
7242.2
6211.3
5543.8
5201.3
4933.9
5107.8
5370.2
5639
5992.6
6418.9
7102.8
7512.4
7790.4
7803.8
7382.5
7166.6
7014.9
7049.1
7479.2
7437.5
7383.5
7292.5
7018.3
6423.5
5575
4450.4
3770.1
3305.9
3166
3074.6
3019.1
3107.4
3178.5
3327.9
3567.4
3849.1
4170
3971.5
3827
3659.9
3595.5
3582.9
3926.9
4060.2
4172.9
3975.1
4071.4
3785.2
3168.7
2587.2
2224.7
1971.8
2017.3
2044.9
2103.2
2146.1
2248.1
2412.1
2502.6
2737.6
2868.8
2867.6
2683.5
2611.8
2535.7
2529.4
2527.3
2567.9
2670.1
2482.2
2475.9
2445.9
2286.4
1899.2
1645.8
1467.9
1438.3
1497.7
1521.7
1513.4
1627.8
1836.8
2032.4
2223.7
2517.4
2837.9
3179.2
3311.4
3453.6
3442.5
3287.6
3187.2
3258.5
3388.9
3370.3
3555.6
3388.8
3219.2
3181.2
3168.2
2999.3
2581.4
2263.4
2045
2130.1
2164.4
2193.1
2218.8
2330.6
2582.3
2956.6
3329.6
3728.3
4220.9
4766.1
5177.2
5602.4
5862.6
5903.8
5465.8
5308.9
5320.5
5529.2
5691.3
5841.3
5822.6
5530
5265.7
5341
5247.4
4668.9
3646.7
3208.5
3148.1
3317.7
3304.4
3216
3313.4
3460
3904.6
4248.7
4800.7
5402.2
6196.6
6956.1
7641.9
8057.1
8472.3
8410.8
8000.5
7576.7
7584.5
7984.5
8192.8
8469
8561.9
8097.3
7606.6
7483
7729
6907.7
5550.7
4486.8
4577.8
4699.5
4707.8
4514.7
4450.4
4472
4912.5
5410.4
6011.3
6797.7
7550.8
8454.9
9424.6
10220.2
10898.1
11295.2
11094.9
10564.8
9860.4
10062.8
10666.8
10922.3
11366
11460.5
11009.9
10244.2
10078
10305.7
9363.5
7604.1
5893.8
5809.3
6033.9
6156.9
5949.8
5832.7
5931.9
6273.5
6901.8
7526.8
8469.9
9359.2
10564.7
11854.4
13018.3
13914.4
14816.9
15164.1
14849.8
13961.1
13276.8
13680.8
14373.8
14601.9
15284.9
15303.4
14749.8
13893.9
13451.1
13730.4
12766.4
10410.4
8135.5
7929.7
8353.6
9999.2
14472.6
18327.4
19151.8
15786.5
11514.1
10688.9
11253.4
12312.3
13518
15218.8
16730.2
18108.3
19091.8
19936.3
20207.6
19559.3
18418.4
17809.8
18346
19074
19583.1
20406.2
20260.4
19689.1
18419.9
18008.4
17919.2
16469.6
13352.4
10465.7
9555.4
9456.9
9442.8
9168.6
8847.9
8483.4
8304.8
8679.6
9306
10055.3
11092.2
12199.1
13534.4
14870.3
16191.1
17163.7
18188
18728.3
18773
17955.6
17035.9
16745.2
16918.1
17459
18116.2
18321.9
18271.9
17592.5
16665.1
16203
15939.1
14423
12006.1
9524.4
8160.8
7635
7418.3
7190.6
6806
6638.5
6139.2
6255.1
6344.5
6794.7
7341.8
7949.4
8660.5
9529.9
10409
11184.8
11935.3
12413
12768.9
12614.2
12336.4
11797.4
11620.9
11576.6
11812
12158.9
12332.1
12243.7
11845.9
11410.6
10997.1
10580
9531
8095
6650.3
5481.2
4831.5
4522.8
4106.1
3811.9
3555
3232.2
3079.9
2988.8
3022.2
3128.3
3288.9
3651.5
3838.2
4143
4502.1
4714
5001.7
5171.4
5256.3
5200.4
5064.8
4955.3
4801.2
4822.4
4869
5021.7
4889.9
5021.4
4802.1
4740.1
4446.7
4268.7
3871.4
3333.6
2808
2297.2
1973.9
1697.7
1436
1270.8
1118.6
968.4
835.3
707.7
548.7
590.1
501.6
437
460
375.9
407.7
376.1
441.2
446.5
380.2
401.4
378.4
361.1
342.2
377.6
382.5
409.4
345.4
378.7
360.2
472.6
391.2
395.5
419.4
491.4
493.6
416.6
591.8
477.4
455
415.5
512.4
468.7
597.2
547.4
550.5
539.7
618.1
793.7
787.3
834.1
740.7
697.3
742.4
781.2
783.3
763.9
802.8
829.9
975.5
876.7
948.3
947.6
1010.5
1141.6
1144
1210.7
1262.1
1408
1520.4
1823.5
1880.5
1997.5
2198.1
2486.9
2660.4
2820.8
3099.9
4263.2
5761.5
5546.5
4217.3
1928.6
1292.9
1298.8
1264.5
1352
1565.9
1545.3
1689.6
1862.9
2133.2
2304.5
2619.2
2912.8
3280.5
3792.7
4156.8
4715.4
5324.1
6039.9
6717
7508.9
8359.2
9305
10392.9
11401.6
12552.6
13737.2
14947.8
16448.5
20157.1
26217.5
30222.6
28216.2
19527
10159.9
5475.5
3859.2
3434.3
3094.8
2874.7
2696.6
2627.3
2437.5
2399.2
2421.5
2391.9
2519.1
2483.3
2652.4
2638.1
2767
2910
3147.4
3310.2
3619
3865
4215.4
4585.2
4934.9
5338.9
5739
6163
6612.2
6955.8
7185.7
7489.1
7575.5
7908.9
7947.6
8094.5
8126
8200.7
8336.8
8315.5
8285.4
8268.7
8255.9
8311.3
8149.9
7905.5
7691.2
7509.2
7281.7
6998
6638
6392.9
6044.2
5788.2
5569.4
5288.1
5129.2
4969.3
4887.2
4879
5113.2
5217.2
5409.4
5885.4
6090.3
6543.4
6981.7
7655.3
8220
8886.6
9612.3
10444.3
11239.7
12013.5
12923.1
13663.9
14200.2
14520
14805.1
14871
15190.6
15213.1
15194.8
15066.3
15159.5
15225.5
15129.4
15020.9
14884.2
14902.9
14814.1
14549.8
14127.1
13712.2
13476.6
13125.3
12757.7
12345.3
11868.4
11487.8
11305.3
10948.3
10790.9
10782.9
10944.7
11034.8
11212.1
11125.8
11240.8
11162.1
11037.6
11000
10889.7
10957.9
11125.5
11326.8
11440.3
11919.5
12475.8
13181
14240.2
14983.2
15972.3
16890.2
17752.2
18519.1
19101.3
19826.8
20634.1
21167.6
21766.9
22167.3
22686.5
23349.5
23911.3
24048.4
24410.6
24797.2
25366.9
25818.1
26298.1
26538.6
26829.6
26740.3
26352.4
25739.7
24636.9
23284.7
21617.4
20061.1
18330.9
16932.2
15382.6
14063.9
12581.8
11342.7
10344.5
9509
8995.4
8916
8851.2
9075.6
9421.6
9800.4
10331.6
10935.3
11661.5
12576.2
13571.1
14535.8
15569.6
16789.9
17932.3
19041.1
20209
21394.7
22451.5
23527.2
24711.7
25875.1
27096.6
28533.6
29605.3
30574.5
31287.5
31738.1
31723.9
31220.4
30720.8
30065.5
28609.9
27367.6
26079.7
24781.1
23338.8
21765.8
20060.4
18368.5
16740.3
15262.5
13663.5
12523.9
11535.3
10627.8
9952.9
9257.6
8769.4
8273.7
7929.1
7582.8
7475.8
7310.9
7335.6
7313.7
7512.9
7738.3
8083.5
8360.8
8757.8
9232
9873
10567.4
11146.3
11847.9
12497.3
13369.8
13866.3
14397.2
14875.9
15251.9
15762.6
16030.5
16327
16434.3
16689.1
16910.6
16923.7
16980.6
17031.3
17077
16851
16762.8
16479.1
16233.1
15702
15320
14913
14467.4
14239.5
13950.6
13881.4
13943.1
13951.9
13914.1
13899.6
13716.2
13451.9
13201.5
12510.3
12127.2
11117.8
10488.2
9904.7
9341
8772.4
8173.4
7590.1
6974.6
6403.6
5862.1
5337.2
4769.9
4186.1
3574.9
3205.8
2831
2548.8
2411.8
2235.7
2232.4
2145.2
2216.2
2201.2
2282
2288.6
2399.7
2460.1
2598
2694.4
2824.5
2892.9
3055.9
3224.5
3259
3527.3
3743.8
3944.8
4060.8
4158
4205.7
4253
4259.5
4246.1
4189.6
4065.3
3988.5
3790.9
3790
3559.6
3349.3
3237
3059.1
2887.6
2879.6
2394.3
2236.8
2068.9
1985.8
1742.5
1580.8
1425.7
1369
1329.5
1267.4
1311.9
1354.7
1364.3
1328.7
1379.4
1437.4
1558.8
1650.7
1709.3
1802.2
1940.6
2115.3
2291.5
2458.1
2670.8
2954.6
3077.2
3365.4
3611.4
3873.2
4160.6
4330.6
4435.6
4523.7
4532.4
4758.7
4570
4570.2
4529.4
4422
4347
4262.1
4140.2
3846.9
3708.8
3600.8
3328.6
2978.6
2753.8
2576.7
2361.5
2127.3
1929.7
1726.9
1457.3
1416.4
1274.7
1198.8
1137.6
1124.7
1100.4
1095.1
1107.9
1087.8
1132.7
1072.4
1078.4
1092.7
1073.2
1147.9
1156.5
1298.6
1336.6
1350.6
1492.1
1525.1
1688.7
1784.4
1913.3
2073.6
2304.1
2655.1
2750.5
2832.2
2847.1
2858.3
3061.1
2998.4
2839.7
2837.7
2823.7
2861.8
2841.3
3070.9
2577.4
2522
2442.2
2325.8
2105.8
1885.8
1783.9
1636.4
1431.2
1307.3
1189.4
945.4
873.1
741.1
751.8
641.8
572.1
587.7
641.6
648.6
636.7
608.7
623.7
649.4
462.6
590.7
552.3
476.3
563.8
470.3
430.9
423.7
416.1
412.9
334.3
323.6
304.1
248.8
257.3
245.2
258.1
171.6
236.7
154.6
188.2
148.6
168.4
104.1
208
109
172.4
183.5
180.3
146.6
238.1
232.3
271.3
252.4
306.5
344
364.6
455.2
507.6
456
475.2
459.6
426.1
356.6
467.5
384.2
430.1
419.7
375.2
382.8
291
246.5
283.9
290.3
294.8
223
312.3
133.2
152.5
319.4
95.9
102.1
101.5
51.1
95.6
51.5
47
0
22
70.5
85.7
101.6
271.4
75.8
34.6
62.8
45
161.8
77.3
62.9
82.8
104.4
166.6
136.3
137.8
196.5
222.6
222.3
220
244.9
321.6
320
368
341.5
402.8
373.2
363.3
370.1
381.5
367.3
357
272.4
329.3
311.4
223.4
200.2
225.5
189.2
128.2
237
178.4
156
188.6
251.9
334.6
458.6
609.7
739.5
708.3
623.6
585
588.5
587.2
617
643.7
699.3
660.7
528.4
450.2
488.7
358.5
469.8
346.9
353.3
346.7
284.2
336.1
283.3
249.9
294
255.8
302.6
326.4
312.1
477.3
352.1
306.5
326
270
342.8
383.6
292.5
359.8
366.5
425.1
442.5
422.4
389.4
421.3
367.9
277.2
362.2
262.2
311.2
211.3
168.4
198.6
210.4