NaN
5126.1
3326.6
1719.4
1263.4
1364.9
1624.8
2054.2
2468.8
3084.4
3908.3
4980.4
6244.8
7914
9674.1
11924.5
14691.8
17366.2
19177.4
17982.9
12973.8
7505
3219.4
1884.6
1883.6
2238.4
2573.8
2999
3692.5
4606.5
5669.4
7118.7
9132.2
11245.9
13821.9
16875.4
20847.4
25277.4
29602.5
31366
27492.2
18229.2
9325.7
2804.1
1297.2
1146.9
1069.9
967.1
865.9
875.3
1022.4
879
846.3
887.9
1132.4
1166.2
1321.7
1558.7
1823.6
2142.2
2434.6
2395.5
2201.7
1635
1252.2
924.2
986.5
1011.5
1230.5
1514.6
1985.5
2558.1
3159.2
3864.6
4663.7
5514
6104.3
5978.8
4784.7
3209.4
1938.9
1301.2
1288.6
1387.8
1663
1748.1
2057.4
2317.6
2676
3632.8
4644.6
5921.4
7310.9
8877.1
10721.3
12789
14194.3
14155.3
11414.6
7530.2
4202
1983
1667.2
1819.8
2059.7
2366.2
2640.1
3135.8
3758.1
4553.3
5481
6714.1
8050.3
9820.3
11991.8
14382
17068.4
20973.8
25224.5
27878.5
27536.3
22569.4
15048
8011.1
2942.9
1817.1
1735
1718.3
1937.8
2044.2
2403.4
2725.1
3259.1
3882.5
4629.1
5642.2
6749.6
8175
9806.4
11646.7
13877.2
16374
19546
23780.8
27346.8
28457.9
25924.8
19866.8
12314.6
6110.3
2551.4
2181.3
2222.2
2427.4
2653.8
2970.4
3423.9
4068.4
4800.8
5131.2
5099.7
4443.6
3376.7
2314.1
1556.8
1271.3
1399.7
1444.2
1568.1
1729.9
2023.8
2565.4
2993.9
3622.8
4308.6
4948.7
5678.6
6763.9
7820
8370.9
8223.7
6961.8
5027.8
3096.3
1574.8
1209.5
1129.3
1137.5
1208.5
1315.9
1372.1
1559.7
1604.1
1815.4
2145.1
2627.9
3357.9
4218.5
5038.5
6007.2
6885.4
8035
9734.7
11448.5
12336
12040.7
10378.9
7469.4
4484.1
2145
1366.3
1295.9
1350.7
1352.3
1435.1
1570
1551.1
1686.5
1974.6
2053.3
2279.7
2592.2
2993.4
3486.2
4014.4
4738.4
5466.9
6389.1
7373.7
8585.5
10159.3
12036.6
13401.8
13620.3
12417.4
9858.7
6456.7
3373
1317.3
854.1
791.7
746.5
772.9
715.1
827.6
818
1022.5
1128.5
1185.2
1271.4
1399.8
1578.5
1835.1
2021.6
2343
2682.5
3051.7
3548
4099.5
4729.9
5471.3
6344.7
7608
8823.5
9442.7
9504.7
8656.4
7279.4
5568.9
4090
3221.9
2679.8
2127
1604.8
1006.2
752.7
870.6
711.5
784.4
730.5
708.9
723.7
806
955.1
1073.2
1241.9
1454.3
1666.6
1873
2137
2435.9
2775.9
3313
3756.2
3944.5
3846.6
3500.1
2591.4
1693.3
832.4
488.6
393
352.9
337.8
361.4
369.3
423.4
474.6
523.7
565.1
586.4
877.8
628.8
730.4
860.9
1100.4
1446.7
1497.5
1878.4
2184.2
2426.2
2854.2
3292.9
4021.2
4669.4
4967.1
4796.3
4433.5
3416.3
2331.9
1419.9
895.4
815.7
840.2
807.8
809.1
712.8
671.9
649.6
583.5
579.3
593.8
638.4
691.1
708.2
726.9
882.1
952.7
1038.6
1159
1488.1
1470.9
1703.9
1988.6
2224.9
2549.8
2939.5
3350.9
4007.1
4516.8
4808.4
4637.4
4239.9
3537.7
2486.8
1471.1
746.9
484.4
495.1
435.2
470.2
473
537.1
491.2
520.2
556.4
626.5
625.2
643.2
750.1
760
824
858
893.4
1021
1151.4
1381.9
1502.3
1724.1
1978.9
2387.9
2577.4
2645.7
2696
2715.6
2626.7
2508.9
2563.4
2680
2719.1
2607.3
2392.1
2041.7
1576.9
1040.6
665.9
570.1
540.1
508.4
494.6
511.8
652.3
687.1
761.8
869.3
974.2
1096.1
1231.7
1349.2
1482.1
1711.8
2012.1
2166.8
2229.6
2079.9
1954.7
1566.4
1091.7
715.3
427.2
309.6
332
369.2
333.6
347
334.9
374.3
351
450
336.1
402.1
446.1
449.8
445.8
548.4
473.9
446.3
504
605.5
605.7
672.3
794.3
954.4
1049.6
1327.5
1378.9
1553.3
1724.4
1989.6
2307.7
2548.8
2701.9
2587.6
2539.2
2392
2039.2
1649.6
1324.6
1278.4
1181.5
1106.5
1019.9
956.2
733.5
586.8
449
365.9
355
371.2
523.2
576.8
657.5
703.1
772.8
849.8
813.5
830.2
647.7
572.3
601.9
608.9
735.6
795.8
856.4
896.8
992.1
1025
1162.1
1248.1
1266.5
1483.3
1588.6
1732.3
1880.4
1977.6
1857.3
1798
1648.7
1476.7
1178.4
764.5
611.4
471.9
398.8
398
387.8
384.3
398
412.1
377.4
444.5
424.6
493.1
480.8
549.1
687
747.1
795.3
811.3
802.6
762.3
682.9
574.9
544.4
379.4
322.8
293.9
329.2
322.2
347.7
346.6
521.4
444.6
427
500.4
520.8
545.4
593.2
696.6
687.9
778
922.6
841.3
863.3
873.6
856.2
793.2
755.4
707
695.7
636.1
679.5
772.7
764.7
833.4
922.3
995.7
1064.1
1055.5
974.5
934.3
861.2
751.9
646.9
533.7
463.4
431.1
425
451.2
385.1
327.1
416
378.2
365.8
308.1
427.5
295
322.3
332.1
325.4
365.5
442.7
463.7
602.8
501.7
544.5
550.8
599.4
655.7
673.6
743.9
717.7
826.8
819.9
883.4
929.2
953.8
997.6
1197.3
1182.3
1268.5
1302.1
1425.5
1557.7
1620.6
1686.8
1690.9
1732.7
1688.5
1635.6
1582.9
1552.3
1368.2
1299.3
1221.5
1135.3
1024.4
901.7
765
697.5
656.4
651.2
565.8
556.3
483.5
426.5
492.8
463
471.7
364
394.4
341.8
381.1
427.7
511.3
543.3
413.9
341.6
382.2
331.1
362.8
382
344
337.3
344.6
354
378.8
340.4
353
365.8
356.7
333.7
309.7
470.8
383.4
364.8
387.8
514.7
478.7
478.6
589.8
576.9
510.7
509.9
495.6
404.2
417.3
533.7
489.4
571.1
674.1
743.7
838.4
934.2
1105.2
1137.6
1217
1396.8
1458.7
1490
1528.8
1620.7
1692.2
1724.3
1687.2
1790.2
1774.6
1742.8
1816.9
1805.4
1839.5
1889.3
1839.1
1798.2
1781.8
1874.6
1960.6
1931.5
1932.1
1974.7
1943.4
1924.7
1860.5
1835.7
1821.7
1757.8
1716.2
1736.3
1771.8
1745.9
1917.8
1827.7
1860.8
1867.5
1850.4
1873.8
1866.6
1872.2
1814.7
1805
1875.2
1846.8
1831.2
1776.3
1806.9
1767.6
1772.9
1734.2
1697
1683.5
1710.5
1663.6
1567.2
1492.4
1432.4
1322.6
1295.8
1247.7
1248.8
1322.5
1320.4
1402.7
1355.5
1385.6
1451.7
1517.2
1528.2
1488.7
1397.9
1411.2
1349.7
1261.3
1206.6
1175.9
1156.8
1129.8
1055.3
1008.5
1032.3
960.4
1009.3
1060.6
1148.4
1063.4
1081.9
1144.1
1071.7
1063.6
1041.9
1065.3
1043.8
976.1
1011.9
950.9
985.3
945.1
980.8
933.9
1015.3
1035.2
1123.6
1128
1153.5
1107.6
1136.5
1073
1049.2
936.4
845.4
783.2
788.1
560.5
517.3
580.1
470.9
505.4
514.5
529.5
529.8
514.5
590.7
531.5
630.8
588
553.6
619.3
620.8
707.8
705.7
691.6
715.1
769.9
853.8
807.6
859.2
901.9
939.7
954.6
983.1
980.3
1052.7
1076.9
1068.9
1138.8
1175
1294.2
1454
1491.6
1681.1
1763.7
1963.9
2233.5
2473.4
2839.1
3403.9
3908
4311.2
4800
5074.2
5290.5
5359.9
5496.7
5532.6
5689.7
5685.3
5917.8
5984
5821.6
5569.5
5190.7
5014.4
4828.4
4763.4
4984.3
5374.4
5914.9
6458.7
7178.7
7478.8
7727.8
7931.1
7997.8
8035.2
8253.8
8218.2
8333.9
8434.3
8290.9
7919.8
7488.8
6669.4
6311
5952.5
5849.6
6017.8
6441
6998.1
7573
8245.5
8559.2
8827.4
8879.6
8896.7
8965.1
9099.5
9336.6
9323.9
9512
9469
9014.6
8339.8
7438.4
6790.6
6326.5
6108.2
6163.7
6558.9
7128.4
7770
8369.9
9050.2
9243.4
9409.7
9347
9355.4
9403.4
9674.2
9728.8
9890.1
9965
9754.1
9125
8169.1
7335.5
6435.1
5960.8
5735.5
5846.2
6198.1
6629.7
7093.6
7695.7
8361.7
8720.5
8760.3
8607.3
8502.3
8349.8
8504.9
8813.9
8837.4
8953.1
8889
8523.4
7686.2
6738.7
5866.6
5415.2
5026.7
5123.8
5424.8
5844.7
6299.9
6856.5
7510.7
8054
8360.7
8360.7
8126.3
7959.8
7823.5
8088.7
8450.9
8531.1
8613
8728.7
8303
7667.8
6561.3
5767.7
5281.5
4828.9
4920.7
5186.3
5416.4
5667.8
6122.3
6686.2
7248.9
7541.7
7737.2
7452.2
7167.5
6876.3
6777.4
7114.3
7301.8
7328.3
7255.6
7043.9
6655.3
6102.4
4720.4
4031.3
3430.1
3165.1
3029.2
3011.8
3033.1
3025.7
3188
3370.1
3627.3
4056.4
3912.3
3912
3666.9
3555.1
3512.2
3702.2
3966.6
4096.4
3969.7
4097.3
3804.2
3457.9
2778.2
2361.4
1977
1879.8
1953.5
1998
2082.7
2185.9
2252.7
2348.9
2580.7
2771.2
2847
2715.3
2620.5
2522.4
2444
2432.3
2424.2
2616.2
2472.1
2463.3
2420.2
2324.1
2024.8
1735.9
1511.8
1391.1
1456.6
1489.7
1427
1537.5
1695.5
1826.6
2083.6
2312.9
2641.4
2992.5
3104.8
3339.7
3393.3
3286.3
3133.1
3130.2
3232.7
3274.5
3431.8
3359
3273
3119.4
3100.2
3040
2734.2
2359.6
2020.9
1989.9
2118.4
2117.3
2164.5
2218.2
2363.8
2682
3047.5
3468.4
3913.5
4376.2
4898.7
5307.5
5623.7
5789
5576
5272.9
5129.5
5330.7
5508.3
5590.7
5726.4
5529.6
5293.9
5121.1
5234.9
4882.3
4061.8
3262.8
3053
3167.9
3231.4
3167
3194.4
3214.7
3604.2
3924.6
4472
4990.1
5677.2
6393
7181.1
7631.5
8158.4
8309.4
8057.3
7626.8
7271.6
7577.9
7885.4
8130.2
8491
8135.4
7697.9
7257.1
7545.2
7213.8
6227.1
4785.5
4376.4
4535
4634.3
4574.3
4367.5
4349.2
4531.5
5109
5511.5
6277.5
7008.3
7795.5
8726.5
9693.7
10367
10996.1
11037.4
10689.4
10021.1
9699
10226.7
10621
10904.3
11357.6
11028.5
10437.4
9819
10126.2
9805.7
8547.4
6448.2
5649.5
5833.8
6026.3
5902.3
5783.1
5767.4
5909.7
6399
7075.7
7846.5
8771.1
9765.2
11051.2
12240.6
13202.2
14067.8
14816.4
14746.9
14133.4
13288.2
13108.7
13822.3
14178.5
14718.7
15093.2
14814.9
14131.6
13151.2
13449.7
13185.4
11538
8882.3
7784.6
7890.2
8702.6
11526.6
16010.3
18252.9
17242.3
12861.6
10596.1
10663.7
11553.3
12563.4
14106.6
15560.3
17108.4
18238.5
19197.8
19798.1
19613.5
18705.3
17718.7
17748.1
18492.1
18936.7
19712.8
20086.1
19761.8
18790.2
17758.8
17684.2
17186.5
14840.5
11573
9706.6
9304.8
9231.5
9153.5
8838.6
8535.6
8152.6
8257.1
8784
9483.5
10308.7
11383.5
12601.1
13924.6
15228.5
16344.4
17432.9
18129
18505.5
18040.2
17192.4
16628.1
16508
16963.4
17579
17868.6
18128.3
17682
16849.2
16125.8
15904.5
15069.4
13175.7
10470.2
8539.5
7703
7410.5
7215.8
6922.6
6655.4
6168.4
6126.4
6072.9
6464.1
6913.1
7521.5
8137.8
8885.9
9800.4
10559.9
11382.3
11997.6
12437.2
12444.1
12317
11829
11562.2
11377.6
11537
11798.2
12034.7
12128.6
11849.7
11443.7
11036.4
10606
9886.8
8650.9
7348
5904.9
5064.8
4616.8
4248.1
3946.5
3659.8
3318.5
3093.9
2974.5
2928
2966.5
3095.7
3411.1
3603.2
3860.9
4268.4
4482.5
4761.3
4998.8
5086.6
5187.2
5077.1
4927.8
4780.6
4759.5
4791.1
4879.2
4794.3
4945.7
4838.7
4666
4529.8
4322.9
4025.1
3577.4
3040.4
2474.1
2142.8
1823.6
1524.3
1320.9
1169.2
1046.8
890.4
757.7
611.9
608.5
487.4
449.3
437.7
378.7
366.6
343.2
460.6
404.9
362
360.3
345.4
354.3
334.5
356.5
346.5
429
335.5
347.2
358.6
441.8
345.2
369.2
420.2
481.3
481.9
402
582.4
470.8
404.6
438.6
478.3
438.4
560.4
516.2
564.9
501.8
564.9
708.4
730.9
822
714.9
671
722.1
696.3
760.5
690.2
783.6
778.9
930.6
839.2
877.7
889.5
932.8
1078.3
1072.1
1128.6
1196.6
1334.7
1435.2
1693.4
1772.4
1860.4
2028.8
2338.4
2532.6
2641.3
2838
3437.8
5070.4
5692.3
5034.5
2976.5
1370.9
1249
1225.9
1260.3
1528.5
1432.9
1551.2
1737.7
1933.3
2148.7
2422.4
2667.7
2997.1
3454.1
3819.9
4414
4925.3
5595.9
6218.6
6959
7811.4
8712.2
9622.1
10721
11744.5
12897.7
14089
15202.5
17608.8
22618.7
28366.5
29518.8
24094.8
14369.1
7467.5
4404.2
3619.7
3204.4
2935.1
2783.7
2643.1
2434.6
2409.4
2407.9
2331.8
2450.7
2425.6
2598.3
2503.9
2678.5
2745.8
2959.4
3129.9
3424.3
3670.2
4000.5
4299.8
4669.3
5055.1
5424
5813.8
6246.3
6660.8
6930.2
7254.4
7352.7
7702.9
7734.4
7898
7961.6
8015.1
8106.6
8161.4
8198.2
8157.5
8104
8205.5
8100.1
7877.6
7640.2
7441.7
7308.1
7041.8
6665.1
6424.5
6088.1
5862.4
5632
5309.8
5141.9
4910.4
4841.2
4798
4953.1
4985.7
5174.6
5560.2
5785.9
6177.4
6665.9
7241.9
7729.4
8347.7
9086.4
9798.3
10578.7
11366.5
12212.2
13046.8
13629.8
14125.4
14490.4
14543.9
14821.9
14945
15024.6
14815.2
14863.3
14992.8
14950.3
14840.5
14699
14668.7
14714.9
14506.5
14163.4
13668.6
13436.1
13117.4
12814.8
12396.2
11843.6
11470.7
11289.5
10887.2
10723
10535.5
10733.6
10731.2
10932.8
10908.7
11025.4
11064.3
10914.1
10816.1
10691.7
10774.8
10866.2
11003
11130.9
11501.5
11965.1
12512.2
13482.1
14244.8
15229.6
16148.3
17010.4
17721.7
18533.3
19289.9
20003.8
20547.8
21173.3
21445.6
22084.5
22748.4
23359.7
23577.2
23820.4
24172.6
24771.6
25176.2
25711.2
25970.8
26350.1
26348.6
26140.7
25559.1
24858.5
23643.4
22003.7
20611
18915.4
17438.8
16001.9
14650.7
13084.2
11917.4
10696.6
9762.2
9102.5
8845
8676.1
8817.5
9105.7
9495.1
9957.8
10432.5
11122
11868.3
12869.6
13713.8
14783.3
15838.8
17079.5
18151.8
19304.6
20544.4
21576.5
22669.4
23830.4
24812.5
26013.8
27335.9
28736.6
29609.9
30582.4
31118.3
31357.4
31032.5
30611.4
30117.4
28940
27628.1
26398.5
25093.7
23794.8
22265.6
20715.1
19031
17444.6
15881.3
14316.9
12954.5
11893.7
10948.6
10168.2
9443
8935.8
8353.6
8047.8
7706.6
7403.8
7210.1
7165.2
7193.2
7314.4
7514.2
7827.8
8048
8391.9
8872.1
9427.1
10115.5
10715.8
11265.4
11966.3
12792.2
13339.4
13901.4
14463.9
14828.1
15275.9
15552.1
16003.5
16060.2
16297.1
16556.9
16641.6
16723.7
16818.3
16849.9
16691.6
16669
16378
16152.9
15702.4
15353.8
14938.5
14436.1
14153.3
13843.8
13734.4
13699.6
13769.6
13764.7
13763.1
13684.4
13460.7
13239.7
12688.5
12371.7
11315.3
10703.8
10039.8
9519.8
8971.2
8330.6
7803.3
7218.1
6655.3
6059.4
5522.6
4984
4431
3833.4
3402.1
2991.4
2661.2
2462.3
2285.5
2247.7
2125.8
2209.7
2128.1
2236.4
2241.4
2292.6
2331.9
2504.9
2598.4
2739.2
2773.4
2936.8
3105
3122.4
3352.1
3553.7
3733
3908.5
4050.1
4061.7
4126.4
4161
4223
4163.3
4074.5
3972.9
3825.8
3789.4
3527.6
3405
3253.9
3121.2
2936.4
2905.3
2448.9
2290.7
2124.6
2053.8
1814.7
1613.7
1464.9
1362
1356.2
1281.2
1304
1320
1338.6
1249
1301.4
1359.6
1470.4
1548.9
1645.8
1697.3
1851.5
1976.9
2164.6
2284.4
2482.6
2773
2852.3
3155.4
3411
3645.6
3944.8
4148.6
4327.3
4393.7
4475.5
4592.7
4496.7
4472.1
4465.9
4436
4349.3
4246.4
4114.1
3840.8
3717
3611.4
3447.2
3088.9
2816
2678.1
2429.1
2244.6
2023.9
1743.5
1537
1462.6
1286.2
1228.7
1148.3
1104.7
1087.1
1078.6
1060.9
1033.6
1088.8
1072.4
1036.9
1053.6
1061.7
1117
1126.1
1237.6
1281.5
1278.1
1446.9
1421.9
1600.7
1667.2
1777.4
1961
2205.2
2444.6
2595.1
2729.2
2743.1
2784
2999.9
2922
2807.4
2780.9
2836.6
2834.6
2852.2
3060.4
2576.6
2523.5
2486.2
2354.9
2179.3
1976.8
1830.2
1619.4
1482.1
1392.3
1258.4
1003.5
889.6
777.2
754.4
642
561.1
568.3
638.7
629.5
643.4
601.9
608.5
603.2
444.3
590
530.5
455.1
566.4
474.4
409.4
422
399.5
406.5
369.8
363.5
293.6
233.7
262
281
249.2
163.7
265.2
129.7
151.3
122.1
175.9
76.8
223.4
90.3
139.3
144.6
181.6
138.1
232.4
202
249.9
226.5
263.4
325.6
324.2
424.7
483.6
419
460.1
460.8
400.7
380.6
445.9
379
442.8
397.3
384.4
388.7
291.6
253.3
275.7
312.1
280.5
253.8
324.3
150
137.8
353.4
123.9
93.3
147.7
50.3
69.8
77.8
53.2
0
5.9
58.7
65.1
67.4
259.6
95
6.9
40.4
64.5
129.4
79.7
80.2
71.3
119.8
142.4
93.2
91.6
171.7
182.2
210
186.2
234.9
337.8
327.2
303.2
321.2
369
372
326.4
338.5
372.6
351.2
368.8
268.4
307
280.2
235.7
217.6
213.5
175.8
139.7
196.7
176
154.2
174.7
197.5
237.8
367.7
559.5
684.7
704.3
625.8
590.9
584.5
548.2
604.1
625.7
691.9
659.4
529.5
494.6
509.8
401.4
501.1
368.7
357.2
352.9
289.6
320.5
266.5
265.5
289.2
263.1
257.4
318.5
286.1
478.7
306.9
262.1
304.4
269
336.9
382
286.7
340.6
344
378.8
445.5
396.5
353.8
386.6
350.7
296
346.4
294.3
294.2
234.8
197.7
192.6
218.5
140.3