5972.7
4252.4
2678.1
1407.3
1258.1
1523.3
1785.2
2185.2
2765
3551.9
4433.2
5681.4
7067.2
8818.1
10882.5
13397.6
16159.4
18648.4
19795.2
16761.1
11247.9
5712.1
2219.2
1988.9
2116.3
2425.8
2842.7
3502
4266.9
5222.7
6779.3
8256.3
10247.4
12827.8
15696.9
19087.1
23504.1
27847.6
31874.3
32553.1
25591.4
15691.9
6535.9
1750.7
1260.1
1086
916.8
889.4
1017.6
803.1
768.3
755
933.5
893.4
990.7
1169.7
1301.4
1548.7
1859.7
2010.5
2308
2215
1969.8
1392
1003.8
816.9
845
961.5
1225.7
1581.7
1962.2
2608.1
3241.1
3882.8
4734
5467.3
5916.9
5497
4092.8
2694.2
1434.6
1133.3
1419.5
1407.3
1746.9
1856.6
1930.6
2380.9
2856.4
3818.7
5005
6533.9
7694.1
9141.4
11174.8
13159.2
14588.5
13833.6
10341.9
6371.6
2887.9
1642.3
1762.4
1899.1
2022.3
2397.7
2814.2
3380.7
4034.9
5007.2
5893.4
7178.3
8800.5
10789.9
12918.4
15508.2
18340.7
22558.5
26771.9
28994.4
28043.1
21102.9
12903.1
5957
2127.8
1676
1786.2
1790.5
2047.7
2211.4
2570
3023.4
3558.3
4338
5131.3
6260.9
7451.3
8985.3
10806.8
13034.7
15362.3
17918.3
21357.4
26021.4
29337.9
30513.1
26304.7
18343.5
10464
4272.1
2185.9
2141.2
2160.9
2348.3
2638.1
2969.2
3531.1
4037.4
4644.7
4961.4
4761.1
3984
2889.8
1903.7
1381.5
1283.7
1323
1450.5
1625.7
1921.8
2081.1
2488
3128.4
3756.6
4398.6
5011.8
5678.9
6835.5
7866.2
8298.9
8004.1
6269.7
4179.1
2397.3
1196
1039.6
1011.1
1102.1
1124.3
1319.4
1366.4
1479.4
1598.8
1854.7
2238.4
2834.5
3473.2
4432
5371.5
6346.1
7368.8
8540.8
10281.6
11975.3
12822.8
12218.4
9702.3
6407.1
3418
1579.9
1304.1
1197.1
1293.5
1381.7
1368.6
1444.7
1723.4
1690.7
1869.5
2099.4
2394
2754.7
3160
3761.5
4330.5
5042.1
5967.4
6903.8
8072.8
9223.3
10876
13080.8
14410.4
14397.1
12558.6
9125.8
5496.1
2525.6
1040.9
776.5
743.8
680.2
743.5
670.6
885.4
920.7
977.4
1022.5
1160.1
1295.7
1485.3
1586.1
1941.2
2165.4
2461.7
2877.7
3283
3851.8
4442.4
5183.4
5940.3
6941.8
8302.2
9684.9
10190.2
9956.2
8640.6
6806.6
5107
3637.3
2993
2595.1
1886.2
1300.6
1042.1
689.9
738.4
680.5
655.4
688.9
718.1
785.6
865.3
943.2
1069.2
1224.8
1400.4
1654.2
1936.5
2176
2422
2808.5
3288.2
3781.1
4019.1
3730.6
3124.2
2172.3
1285.2
605.2
355.7
292.1
294
306.4
340.8
342.9
387.8
452.1
487.2
804.4
514.1
536.4
627.4
755.4
1052.2
1036.7
1372.4
1674.6
1910.9
2210.2
2475.6
2879.4
3452.6
4302.5
4843
5276.7
4973.9
4197.5
3087.6
1945.9
1135.3
889.2
882.8
889
857.2
838.5
774.4
626.5
619.2
541
555
605
603
620.1
742
797.1
806.6
946.3
1269.4
1195.9
1373.3
1583.8
1821.4
2070
2402.7
2695.1
3120
3537.5
4275.2
4845.1
5141.7
4901.2
4317.5
3344.2
2140.8
1143.7
581.2
395.9
371.9
394.7
437.3
391.7
407.8
481.8
532.1
532.3
530.3
630.9
606
676.2
640.7
685.3
785.2
877.6
1091.8
1105.3
1307.6
1480.2
1790
2006.5
2363
2537.3
2768.6
2746.8
2657.7
2591.5
2469.4
2606.3
2807.3
2912.4
2788.7
2550.7
1983
1413.1
940.8
537.9
460.3
419.5
389.6
488.6
513.9
557.1
649.4
703.1
819.1
993.6
1118.2
1165.5
1261
1458.4
1698.8
2069
2187.6
2252
2070.4
1787.2
1356.7
857.9
504.8
294.3
324.5
319.7
271.6
256.7
333.2
298.8
444.4
274.8
339.7
370.6
386.8
421.2
485.1
432
374.6
393.4
503.6
468.6
495.9
564.3
699.6
807.6
1067.6
1123.5
1294.3
1397.4
1547.9
1767.8
2023.7
2418.4
2727.9
2839
2833
2659.3
2399.9
1998.4
1714.6
1440.1
1376.6
1393.8
1337.5
1129.5
969
799.3
531.9
386.3
313.1
335
284.4
420.5
608.1
734.3
841.1
879.9
1007.6
874
712.9
576.8
509.1
619.4
639.8
707.6
759.8
847.7
861.8
1020
1060.8
1122.5
1275
1327.9
1419.5
1532.6
1765.1
1914.9
2020
1929.2
1842.5
1665.1
1310.8
992
659.1
424.3
352
365.9
327.6
290.5
342.6
303.4
349.9
334.5
356.6
358.1
389.4
473.2
540.8
537.4
645.4
709.7
731.4
724.3
667.8
714.7
506.6
397.7
303.2
285
199.5
230.5
254.9
425.4
345.6
360.7
449.4
420.8
471.9
495
587.9
568.4
606.8
707.1
655.2
752.9
887.7
862.7
817.3
773.9
779.7
752.4
648
564.7
614.5
589.7
689.9
734
788.4
912.8
1020.8
1022.2
980.7
933.1
871
896.2
680.8
560.3
437
453.1
475.8
347.4
341.6
334.7
327.9
304
270.7
375.7
247.6
243.3
277.1
225.1
245
309.8
341.9
515.9
403.2
417.1
410.5
502.5
542.2
559.9
621.5
567.4
664.9
701.1
720.1
802.8
798
847.8
1050.4
1007
1133
1129.1
1300.3
1295.7
1436.8
1505.3
1670.6
1733.2
1706.6
1750.1
1744.5
1768.4
1662.6
1595.6
1536.2
1402.6
1257.3
1125.3
947.1
811.9
689.2
589.8
549.6
519.1
442.9
444.9
485.7
455
412.5
288.8
284.1
256.9
291.9
392.4
468.1
535.9
341
304.6
319.5
279.3
278.9
319.4
268.5
268.7
287.5
306.7
315.3
253.3
291.6
293.9
341.6
291.7
287.5
412.2
315.1
252.7
272.4
367
298
357.5
526.6
593.3
462.1
497.7
457.2
401
416.5
459.4
349
400.2
471.1
523.8
594.7
691.1
864.8
870
960.4
1134.2
1217
1345.3
1359.7
1441.5
1513.4
1558.9
1548.2
1614.7
1680.1
1715.1
1668.4
1635
1680
1804.5
1714.5
1664.6
1684.9
1750.6
1798
1758.3
1792.5
1846
1781.2
1900.3
1876.9
1828.1
1779.3
1658.6
1638.9
1640.7
1689.2
1630.1
1744.9
1670.7
1732.7
1698.1
1714.7
1748.6
1826.8
1833.1
1797.4
1742.8
1839.3
1755.6
1702.7
1687
1771.7
1683.1
1708.4
1630.3
1647.4
1641.6
1616.6
1577.2
1588.4
1579.9
1482.8
1321.4
1296.6
1180.1
1166.5
1214.2
1147.2
1248.2
1188.4
1204.6
1234.5
1341.1
1398.9
1410.6
1369.2
1376.4
1306.1
1273.8
1219.9
1156.6
1144.4
1087.3
1049
985.8
1003.3
897.1
925.5
989.6
1025.5
1050.9
1062.4
1128.4
1066.3
1037.9
975.3
1028.1
1017.7
961.3
1032.3
967
991.9
934.9
949
861.6
950.8
989.6
1101
1127.5
1178.9
1156.5
1158.8
1163.4
1206.4
1152.1
1080.4
966.1
1017.1
672.4
618.6
583.8
451
458.5
443.4
434.4
470.2
454.1
485.3
414
528.2
519.9
525.3
520.5
512.7
584.1
611.7
640.5
627
633.9
793.6
707.8
787.3
804.9
863
909.9
907.8
964.4
992.1
1016.5
993.3
1069.2
1039.3
1130.6
1221.7
1256.1
1394
1469.4
1581.8
1714.2
1880.7
2144
2436.3
2841
3237
3761.9
4253.2
4823.2
4994.9
5147.4
5154.4
5284.7
5364.5
5443.9
5557.8
5692.3
5876.9
5623
5405.6
5053.3
4719.9
4693.8
4583.3
4762
5179.5
5822.5
6324.6
6980
7484.8
7657.2
7774.6
7852.2
7700
7972
8046.5
7990.7
8261.5
8358.8
7723.8
7179
6421.7
6009.2
5666.1
5642
5834.4
6342.9
6853.3
7362.4
8156.2
8495.5
8712.5
8749.2
8659.6
8728.8
8964.8
9081.4
9133.3
9370.9
9352.7
8849.9
8095.1
7082.7
6509.9
6049.8
5834.1
6073.7
6548.8
7063.4
7627.5
8331.8
8942.7
9318.8
9436.5
9244.2
9185.9
9220.7
9574.4
9663.6
9707.1
9856.9
9613.1
9206.4
8080.2
6951.2
6332.8
5703.7
5564
5806.2
6113
6516.1
7044.2
7709
8405.3
8747.5
8882.5
8472.1
8271.9
8273
8431.4
8761.3
8863.8
8883.7
8699.5
8421.5
7723.5
6542.1
5693.4
5118.5
4874
5147.4
5424.9
5785.9
6345.4
6851.2
7536
8122.5
8474.5
8507.6
8107
7913.5
7805.5
8050
8496.6
8663.7
8715.6
8586.9
8309.4
7794
6698.9
5591.2
4966.7
4840.6
5005
5201.5
5448
5890.3
6337.7
6748.5
7467.5
7770.8
7857.7
7520.6
7090.3
6916.2
6920.1
7262.6
7563.6
7477.3
7274.5
7498.6
6875.2
6015.4
4842.1
3966.5
3297.8
3176.2
3224.8
3077.3
2952.6
3000.7
3164.2
3621.9
3669
3956.9
3984.5
3868.7
3636.9
3503.9
3608.4
3829.4
4010.9
4306
3931.1
3870.7
3737.1
3476.1
2765.8
2235.3
1887.7
1858.9
1997.4
2069.5
2082.3
2032.9
2184.1
2324.7
2542.2
2672.7
2764.2
2689.6
2497.9
2337.5
2262.8
2427.6
2401.7
2462.2
2428.7
2343.2
2226.1
2226.2
1997.2
1619.1
1448.7
1344.4
1301.2
1328.9
1401.4
1476.6
1595.3
1721.4
1947.3
2269.2
2435
2795.7
2970.4
3169.1
3218.4
3178
3052.1
2931.5
3037.3
3022.9
3175.2
3254
3125.5
2917.4
2938.3
2942.6
2579.8
2141.8
1907.6
1953.6
2029.5
2047.5
2025.8
2157.8
2320.4
2641.7
2961.1
3358.2
3774
4281.5
4775.9
5206.6
5452.1
5612.5
5404.8
5078.8
4985.7
5197.3
5318.2
5480.5
5652
5430.8
5123.9
4949.7
5051
4752.9
3913.1
3124.3
2964.1
3091
3192.3
3002
3106.9
3115.2
3460.6
3840
4363.8
4917.9
5614
6290.7
6978
7516.8
8020.5
8198.2
7839
7399.7
7163.8
7530
7857.8
7941.1
8293.2
7942.5
7657.6
7071.1
7401.1
7074.7
6070.4
4644.3
4238
4458.1
4561
4405.9
4316.7
4355.4
4502.8
5049
5551.4
6211.8
6902.6
7818.8
8711.9
9776.5
10320.6
10959.1
11012.1
10619.9
9989
9750.7
10138.1
10581.4
10895.9
11269.9
11016.1
10406.5
9772.4
10091
9719.7
8339.1
6508.4
5764.2
5803.6
5981.8
5984.1
5842.3
5757.8
5947.6
6523.4
7127.7
7935.9
8821.6
9814.2
11057
12368.4
13411.8
14335.7
14688.2
14742.9
14207.7
13445
13192.7
13848.2
14213.7
14823.1
15214.6
14770.1
14121.9
13468.4
13588.1
13139.9
11533.1
9146.1
8097.4
8226.5
9417.1
12856.6
17464.6
19924.3
18638.2
14073.7
11472.4
11191.2
11976
13061.1
14458.9
15895
17327.6
18580.4
19579.6
19944
19845.2
18982.8
18241.9
18111.6
18838.3
19345.4
20074.6
20317.8
19881.3
18935.8
18199.6
18043.9
17264.3
14878.2
11993.5
10075.9
9496.7
9414.6
9277.5
8887.1
8601.6
8345.2
8417.2
8921.4
9664.1
10591.4
11642.3
12874.1
14020
15420.5
16657.1
17808.8
18296.8
18574.2
18371.7
17557.8
17097.6
17141.2
17146.1
17691.7
18137.2
18205.6
17807.4
17281.9
16566.7
16183
15041.3
13063.4
10761.1
8895.6
8039.6
7586.8
7415.8
6981
6746.5
6304.7
6210.1
6295.4
6595
7014.9
7585.5
8313.5
9085.2
9894.3
10730.5
11571.5
12033.5
12611.6
12556.2
12460.1
12027.3
11736.5
11662.4
11768.5
11991.8
12179.4
12247.3
11990.3
11619.3
11201.3
10665.7
10026.8
8717.9
7360.5
6205.1
5284.2
4653.2
4324.5
3963.8
3762.9
3414.1
3106.8
3006.3
2968.3
3147.3
3194
3378.9
3798.8
3898.2
4255.7
4517.5
4814.4
5002.6
5172.5
5227
5104.8
5036.3
4921.9
4914.1
4759.2
5015.8
4943.7
4972.6
4862.4
4768.6
4518.6
4344.3
4018.5
3472.2
3096.1
2618.4
2058.4
1750.5
1526.8
1344.5
1200.2
1034.2
828
775.2
540.7
465.7
460.9
347.5
362.8
317
384.2
361.5
327.8
314.9
259.3
271
258.2
281.1
286.6
358.2
232
281.5
276.5
410.4
277.9
303.8
344.9
363.9
409.1
336.8
510.3
394.3
334.1
367.3
414.4
357.9
508.6
383.2
439.3
369.6
432.8
520.8
511.3
578.9
598.7
682.6
724.8
682.1
616.9
586
643.9
686.9
829.6
714.8
730.3
802
823.3
927.2
920.9
956
964.4
1049.4
1159.4
1412.9
1420.7
1502.3
1635.1
1914.5
2037.7
2216.8
2412.7
2606
2811.2
3339
4881
5602.5
4919.2
3047.8
1362.7
1191.5
1356.9
1242.7
1318.8
1410.9
1550.6
1705.1
1958.1
2109.3
2357
2766.8
2987.8
3466.9
3878.8
4429.3
4944
5630.1
6279
7015.7
7880.8
8740.6
9735.2
10940.7
12071.9
13191.6
14323.9
15739.6
18548.3
23168.3
28135
29137.5
24457.3
15583.9
8616.9
4898.1
3691.2
3235.1
3021.7
2698.3
2577.1
2535.9
2370.3
2469.6
2329.1
2500.1
2348.7
2438.2
2484.4
2668.3
2689.9
2985
3142
3412.8
3683.4
3992.9
4272.6
4667.2
5040.1
5519.6
5905.4
6257.7
6677.4
6914
7310
7395.3
7658.6
7860
7952.5
8011.9
8064.5
8235.2
8387.9
8251.4
8199.7
8251.1
8245.2
8162.1
7950.4
7788.6
7574.8
7318.6
7141
6754.6
6536.4
6264
5931.5
5625.1
5362.4
5185.4
5010.4
5031.3
4892.3
5004.7
5249.8
5313.9
5566.1
5857.2
6362.2
6691.6
7237.3
7844
8512.9
9187.8
9844.4
10698.2
11566.4
12332.8
13089.9
13697.9
14236
14565.1
14780.3
15015.5
15088.9
15134.1
15076.7
15147
15276.2
15216
15081.5
14959.1
14905.1
15008.6
14717.3
14342.9
13944.2
13751.1
13443.6
13028.6
12513.3
12211.3
11714.2
11556.2
11133.4
10973.9
10843.6
11005
11010.8
11077.7
11066.7
11115.3
11240.7
11165.3
11041.9
11022.5
11046
11064.4
11215.2
11445.4
11702.5
12331.4
12820.4
13682.1
14506
15399.5
16434.3
17226.9
18138.6
18790.2
19539.9
20344.1
20819.3
21444.7
21965.4
22662.2
23064.8
23560
23978.3
24460.1
24727.7
25351.8
25781.1
26403.4
26708.4
26815.4
26901
26810.9
26298.8
25292.3
24198.5
22608.9
21132.4
19495.5
18366.1
16776.6
15335.1
13878.3
12530.7
11313.8
10381.3
9538.7
9221.7
9170.1
9221.2
9514.9
9743.8
10191.7
10866.6
11670.7
12209.4
13168.3
14265.6
15330.3
16397.9
17385
18843.6
19857.6
21072.8
22186.2
23278.3
24490.3
25601.8
26995
28200.5
29435
30731.1
31646.8
32064.1
32108.1
32182.7
31609.7
30930.1
29868.7
28671.9
27324.3
26026.8
24709
23366.1
21861.1
20064.6
18311.6
16639.7
15154.1
13643.2
12574.3
11523.6
10739.4
9935.5
9316.5
8833.5
8437.8
7936.7
7627.6
7474.6
7448.4
7430.6
7696.6
7747.9
8014.5
8260.2
8618.9
9262.8
9745.1
10270.4
10918.7
11670.6
12270.8
12946.7
13576.4
14133
14698.1
15157.1
15648.5
15798.8
16169.1
16629.2
16612.3
16873.6
17094.6
17231.9
17271.5
17283.6
17153.8
17043.3
16753.5
16557.7
16222.3
15750.9
15348.2
14815.4
14449.4
14137.2
13841.6
13675.1
13566.7
13512.9
13245.6
13017.9
12678.3
12831.7
11867.2
11157
10490.7
9868.4
9315.9
8701.6
8087.3
7635.9
7152
6666.4
6038.3
5479.3
5067.9
4708.4
4222.6
3747.5
3182.5
2923.7
2621.5
2440
2205.8
2173.3
2062.9
2157.1
2103.4
2149.2
2211.9
2299.7
2351.7
2511.2
2521.6
2678.5
2803.2
2807.1
2997.7
3188.3
3347.7
3454.8
3768.9
3949.7
3988.6
3987.5
4079.3
4157
4127.3
4168.9
4114.7
4098.9
3859.8
3684.7
3603.3
3496.5
3244.9
3365
2909.6
2796.7
2531.2
2418.5
2168.6
2020.3
1844.2
1652.6
1538
1416.6
1361
1343.4
1329.6
1268.4
1290.7
1282.6
1389.7
1422.4
1470.6
1527.1
1659
1743.7
1901.9
2025.6
2217.4
2440.9
2461.1
2693.1
2894.1
3165.4
3515.3
3814
3990
4165.6
4306.6
4594.8
4541.3
4532
4592.3
4616.9
4629.4
4586
4503.6
4333.5
4208.8
4058.2
3913.3
3690
3573.7
3340.3
2931.2
2726.3
2614.4
2362.7
2036.6
1926.9
1591
1492
1325.1
1233.6
1221.3
1176.8
1205.4
1150.1
1164.7
1105.3
1031.4
1049.8
1062.4
1109.6
1076.1
1161
1185.4
1197.6
1336.7
1332.3
1438.7
1508.7
1610.5
1721
1936.6
2152.8
2249.7
2445.5
2594
2755.4
3038.1
3000.3
2914.7
2947.3
2957.1
2996
2990.1
3320.2
2897.8
2863.1
2832.5
2738.1
2570.9
2521.6
2460.8
2157.7
1852.3
1773.9
1710.7
1497.3
1352.8
1133.5
1022.6
856.3
695.9
648.4
698.6
669.3
645.4
623.3
667.2
658.6
472.1
568.9
547.2
480.3
611.7
490.6
451.7
417.5
423.6
447.8
433.9
428.2
338.9
281.9
282.8
335.4
323.5
225.4
344.2
200.1
208.5
223.6
230
88.1
231
104.4
153.2
166.2
171.4
153.8
224.2
212.5
233.4
183
260.7
279.6
268.6
368.3
437.4
392.2
433.8
435.6
405.9
344.4
445.3
395.2
478.4
391.8
371.9
403.2
339
321.8
382.8
365.1
358.2
283.2
440.6
206
264.8
443
168.8
182
206.9
88.4
117.5
99.2
54.7
29.7
33.8
75.3
87.9
111.4
290.8
109.9
0
37.5
81
180.4
43.1
81.4
81.6
121.2
137.6
113.4
103.7
190
200.1
192.1
187.9
205
293.2
276.6
295.6
317
399.7
414
380.6
354.1
423.1
390.4
419.8
365.2
418.2
389.7
248.8
249.4
302.3
275
238.7
333
267.9
169.3
218.5
150.1
134.2
197.2
321.7
414.2
472.8
541.4
556.9
577.2
528.5
501.1
498
621.1
604.4
512.4
489.4
533.6
438.1
592.5
436.1
469.2
427.3
355.6
387.1
338.7
333.2
356
296
363.5
331.1
338.8
550.1
349
321.2
340.8
290.7
385.8
442.9
305.6
391.5
381.9
441.7
496.7
436.4
420.1
465.1
450.2
395.8
437.9
380.1
413.7
347.9
297
345.4
366.7
250.2
319.1
NaN