NaN
4914
3084
1585.9
1355
1511
1775.6
2180.2
2736.5
3362.9
4240.6
5407.1
6868.2
8665.7
10522.4
12916.8
15753.3
18472.5
19924.7
17911.1
12283.5
6709.6
2783.6
1927.1
2072.4
2410.1
2775.4
3302.6
4066.5
5072.4
6277.7
7864.7
10004
12168.2
14972.9
18398.5
22545.1
27098.2
31428.8
32585.1
27033.7
17085.2
7979.2
2227.5
1259.1
1157.4
1071.8
983.9
901.7
900.6
1036.4
889.6
885.7
936.2
1163.8
1229.5
1362
1626.7
1888.1
2231.5
2502.5
2396.6
2143.9
1554
1175.3
941.2
1014.9
1044
1257.1
1586.2
2067.7
2679.4
3293.7
3998.9
4873.3
5698.4
6244.4
5944.2
4540.4
2981.5
1742.2
1267.1
1317.6
1427.5
1737.6
1778.3
2124.1
2474.1
2844.7
3854.9
4969.7
6272.9
7741.1
9404.7
11291.5
13383.8
14679.5
14212.5
11045.7
7006.7
3679.4
1951.1
1756.4
1897.5
2193.9
2489.1
2802.9
3359.3
4051.2
4838.3
5885.4
7185.6
8665
10564
12863.6
15348.6
18258.4
22509.3
26716.6
29113.6
28084.7
22036.8
14075.1
7026.6
2496.3
1846.7
1767.6
1830.1
2083.6
2207
2671.3
2940.8
3509.7
4192.8
4989.5
6128
7252.4
8846
10530.4
12581.9
14965.2
17740.4
21179.4
25630.6
29007.9
29684.3
26249.7
19200.6
11407.2
5174.2
2399.5
2241.2
2278.4
2521
2764.9
3091.5
3569.1
4215.3
4995.8
5277.5
5077.6
4354.9
3223
2197.2
1498.3
1310.2
1451.9
1522.3
1626.3
1853.1
2165.9
2786.7
3184.1
3846.6
4514.2
5174.1
5912.9
7132.9
8159.3
8651.6
8263.7
6752.2
4698.3
2735.7
1446.3
1206.8
1138.8
1156.6
1245.9
1345
1415.1
1602.8
1700.4
1912.8
2287.2
2798.3
3583.1
4460.8
5408.3
6448.9
7355.6
8596.1
10426.2
12114.5
12798.1
12182.2
10080.5
7070.5
4041.7
1899.5
1347.5
1339.4
1390.9
1416.3
1533.4
1645.5
1635.4
1780.1
2109.1
2198.4
2439.8
2790.2
3221.4
3727.2
4315.3
5097.3
5884
6834.6
7964.6
9169.2
11056.3
12937
14183.6
14052.5
12588.2
9598.4
6017.4
2941.8
1159.1
855.1
810
765
772.5
770.9
867.2
854.6
1079.1
1191.1
1247.4
1339.1
1509.3
1670.6
1989.1
2150.6
2520.4
2880.8
3282
3831.4
4379.1
5107.2
5862.7
6904.5
8229.4
9469.5
9977
9849.9
8790.8
7253.3
5381.4
3966.7
3200.6
2677.4
2075.2
1523.4
937.2
779.1
931.8
762.9
834.8
775.8
747.5
794.2
844.7
1000.8
1137
1291.4
1562.3
1757.3
1973.9
2242.7
2503.9
2971.1
3542.5
3935
3998.5
3858.8
3435.2
2435.9
1547.6
731.7
459.9
397.2
352.8
359.6
364.5
413.5
444.8
490.5
533.5
587.1
612.1
896.2
677.2
793.8
944
1170.1
1568.2
1657.1
2005
2318.2
2563.4
3033.5
3524.8
4305.8
4928.9
5170.7
4896.9
4474.1
3381.8
2203.2
1292.8
887.7
896
903.1
884.7
850.7
750
705.7
681.4
596.3
634.5
590.8
675.3
759.7
780
801.4
944.4
1032.1
1106.5
1270.2
1585.7
1621.5
1839.7
2131.1
2435.6
2724.3
3132.8
3639.1
4322.3
4837
5038.5
4825.7
4323.4
3436.4
2366.8
1349
660.8
498.1
553.1
437.3
458.1
500
567.4
525.4
559.3
607
645.1
659.8
671.5
763.3
763.6
845.4
873.4
966.2
1056.6
1217.1
1464.7
1567.2
1848.6
2134.1
2499.7
2699.3
2748.4
2784.3
2812.1
2697.9
2597.5
2707.6
2817.5
2861.9
2713.3
2437.2
2072
1549.3
1009.3
682.2
636
542.7
539.5
516.8
580.9
697.6
727.7
806.7
914.9
991.6
1140.4
1307.9
1445.4
1582.7
1795.6
2165.6
2293.1
2281.7
2094.7
1951.6
1567.5
1062.6
690.3
404
327.5
333.6
398
371.5
361.7
340.6
388.9
370.3
486.1
395
438.4
470.7
487.3
497.4
572.6
524.5
488.5
532.5
652
663.5
754.9
899.1
1030.7
1116.9
1390
1469
1703.3
1867.8
2127.4
2480.6
2747.7
2859.9
2794.3
2655.4
2511.3
2091
1727.1
1437
1448.5
1344.3
1255.7
1138.2
1043.8
813.7
614.4
481.4
368.1
348.5
397
542.6
654
718.9
813.3
861.7
965.9
921.7
856
710.7
619.5
674.7
690.3
776.8
800.9
904.9
955.3
1085.6
1076.2
1284
1344.8
1382.5
1550.8
1690.7
1834.7
2018.7
2045.3
1958.9
1884.2
1697.8
1483.7
1156.2
745.4
558.9
496.4
385.9
393.2
433.4
410.3
383.7
466.1
386.5
449
497.5
529.2
521.5
581.6
692.7
797.6
813.6
822.1
793.3
751
652.2
593.4
534
379.6
357.1
328.3
385.4
337.4
375.7
370.7
541.6
460.7
484.8
563.1
541.9
576.1
636.7
704.1
711.8
800
917.5
908.2
892.7
904.7
886.8
825.8
760.5
760.9
724.6
687.5
719.2
804.3
819.6
911
968.7
1046.7
1105.8
1084.1
1032.8
961.2
874.1
781.5
724.8
543
476.7
451.6
450.4
497.3
426.2
377.3
415.4
415.4
394.9
354.9
443.1
325.2
323.4
330.3
340.6
401.6
446.7
469
638.2
523.1
578
574.9
653.6
671.6
706.2
749.8
762.6
825.7
903.5
913
1003
1011.9
1088.5
1315.5
1246.3
1351.6
1357.6
1556.6
1661.8
1748.6
1748.6
1800.8
1822.2
1811.7
1788.5
1704.6
1661.5
1470.8
1388.4
1296.9
1193.1
1071.6
903.9
766
687.1
633.1
626.2
584.9
549.9
441.9
443.6
494
474.4
467.4
374.6
423.5
385.9
387
443.6
511.5
597.8
420.8
360.9
390.2
349.6
366.9
394.5
364
352.4
363.2
363
364.3
337.9
384.3
367.3
384.2
351.2
359.5
481.9
393.6
384.7
398.2
543.6
493.4
495.8
629.2
596
512.6
548.3
493.6
431.1
426.9
562.8
532.1
608.7
730.3
804.8
901.3
987.7
1139
1173.3
1309.6
1460.2
1503.9
1549.4
1592.9
1693.8
1783.8
1768.4
1770.8
1830.1
1817
1795.3
1830.4
1825.4
1879
1961.8
1869.1
1861.3
1843.6
1942.2
2001.2
1952.8
1995.7
2017.4
2012.4
1970
1922.7
1858.9
1878
1761.3
1756
1764.1
1815.4
1794.3
1962.1
1869.6
1903.9
1912
1927.3
1924.5
1908.2
1916.7
1893.1
1886.2
1913.5
1884
1884.8
1813.1
1860.5
1789.9
1814
1753.2
1737.3
1723.3
1768.3
1626.1
1599.4
1496.6
1459.8
1330.7
1292.9
1245.6
1233.2
1337.8
1326.8
1437.6
1388.6
1430.5
1468.4
1536.6
1558.9
1495.5
1451.3
1434.7
1351.6
1288.1
1241.5
1199
1176.9
1119.1
1047.5
1035.9
1087.1
1029.8
1060.1
1144.1
1200.2
1136.6
1147.6
1174.1
1124.2
1087.6
1113.4
1120.3
1087.7
1033.6
1074.7
990.4
1025.6
1014
1015.8
1056
1114.3
1140
1238.2
1231.3
1267.2
1218.4
1195.8
1132.1
1126.1
1010.9
933.2
806.4
865.5
582.1
541.7
577.6
493
511.9
540.8
514.7
532.4
537.6
615.3
548.8
652.4
647.4
631.4
677.2
699.7
731.9
744.7
749.3
762.3
800.5
927.4
876.3
962.1
988.9
1023.3
1039.8
1054
1075.9
1102.3
1166.2
1182
1223.8
1224.4
1376.3
1563.6
1603.4
1743.9
1859.7
2123.5
2322.4
2618.4
3008.2
3571.1
4073
4498.2
4989.9
5216.2
5458.5
5508.5
5585.2
5648.7
5823.4
5844.3
5984.7
6146
5913.3
5641.2
5251.8
5101.4
4920.3
4875.1
5148.9
5595.9
6131.9
6740.7
7365.4
7712.4
7915.8
8061
8113.3
8186
8423.8
8348
8534.1
8654.1
8386.2
7962.4
7473.8
6771.1
6363
5997.9
5953.1
6179.1
6716.3
7232.2
7889.6
8525.2
8743.9
9039.7
9027.7
9069
9177.5
9358.6
9494.4
9586.1
9694.1
9564.7
9100.8
8299.7
7466.3
6816.7
6407.4
6222.3
6390.2
6863.9
7406.4
8042.5
8792.1
9281.9
9590.7
9582.9
9564.3
9579.5
9588
9899.3
10025.2
10140
10200.7
9865.3
9187.1
8144.2
7339.6
6504.1
6017.1
5891.2
6068.3
6433.1
6891.3
7426.3
7993.4
8605.3
8968.4
8960.2
8755.6
8700.6
8593.1
8785.4
9043.5
9119.2
9211.4
9079.7
8602.1
7614.9
6734.3
5912.2
5460.1
5150.4
5311
5609.8
6132.9
6569.8
7158.7
7875.6
8328.9
8633.6
8604.7
8277
8176.5
8072.2
8382.5
8753.1
8830.8
8882.2
8925.5
8482.5
7663.4
6525.9
5839
5329.5
4974.2
5137.1
5386.7
5642.6
5975.1
6454.3
7042.9
7578.7
7867.3
8004.5
7688.9
7330.3
7166.7
7065.2
7514.8
7621.5
7568.6
7501.5
7191.4
6804.6
6051.5
4795.1
4083.1
3504.3
3247
3204
3072.6
3207.2
3178.7
3329.4
3516.8
3835.6
4187.8
4056
3986.8
3799.9
3709.5
3656
3882.6
4110.3
4223.9
4060
4184.8
3887.1
3481.1
2739.2
2330.3
2059.7
1965.5
2061
2089.1
2128.4
2257
2354.7
2452.6
2709.4
2844.8
2898.5
2706.1
2626
2525.3
2489.6
2473.9
2543.6
2680.3
2490.2
2473.5
2472.8
2341.4
1970.6
1707.7
1513.5
1432.8
1470.9
1491.6
1462.2
1589.2
1708
1958.9
2138.5
2415.5
2718
3076
3209.1
3409.5
3414.7
3318.1
3152.3
3197.1
3359.5
3332.6
3458.3
3402.7
3286.7
3169.6
3178.4
3083.9
2732.6
2285.7
2070.4
2073.5
2190.5
2185.9
2242.9
2308.5
2489.4
2821.5
3195.7
3622.8
4085.8
4575.4
5103.6
5481.3
5772.2
5924.6
5618.1
5359.3
5236.1
5459.8
5570.8
5784.1
5874.1
5678.7
5340
5203.5
5284.4
4870
3936.5
3269.8
3089
3253
3319.1
3220.5
3255.2
3367.9
3741
4116.4
4653.8
5192.9
5937.9
6690.1
7450.5
7942.6
8348.9
8436.3
8165.9
7730.2
7426.9
7868.8
8125.6
8355
8656.8
8249.7
7764.3
7399.1
7744.6
7205.6
5985.5
4702.8
4556.7
4656.5
4745.9
4665.3
4457
4507.7
4796.8
5330.8
5824.5
6607.1
7344.6
8273.1
9193.2
10111.3
10721.6
11344.9
11201.1
10846.1
10132.9
9990.1
10612.8
10897.4
11262.7
11647.2
11265.7
10594.6
10046.9
10388
9880.9
8291.4
6268.4
5806.3
6047.8
6228.6
6096.5
5937.9
5963.3
6170.1
6785.4
7370.1
8250
9228.2
10337.7
11591.9
12817
13760.2
14674.9
15232.3
15112.9
14323.7
13545.9
13543.3
14366.8
14611.4
15205.2
15494
15129.4
14270.1
13453.3
13852.4
13429.5
11375
8747.7
8011.2
8261.8
9534.9
13343.4
18221.5
20166.8
18108.5
12935.7
10997.4
11225.8
12179
13246.5
14907.5
16432.9
17953.4
18989.2
19984.5
20436.7
20127.6
19034.6
18140.9
18391.9
19178.3
19627.6
20489.6
20671
20182.9
19058.3
18250.5
18234.6
17387.6
14674.1
11325.7
9868.7
9541.1
9518.7
9337.9
9035.3
8666
8407.9
8608.8
9218.5
9961
10820.5
11930.5
13328.3
14624.3
15939.5
17037.1
18116.9
18740.9
19049.7
18376.7
17530.6
16942.1
17081.9
17500
18113.2
18465.8
18562.2
18102.5
17107.8
16498.1
16208.1
15222.3
13031.7
10322.8
8551.1
7848
7595
7403.4
7020.6
6771
6286.2
6308.2
6316.7
6735.2
7230.6
7798.8
8536.1
9368.3
10286.6
11053.9
11798.4
12380.5
12764
12745.1
12575.6
12076.5
11808.4
11607.9
11886.2
12148.9
12393.6
12445.4
12099.2
11695.2
11235.9
10810
9971.6
8599.1
7190.5
5852.5
5076.4
4637.4
4310.1
3952.7
3685.3
3306.3
3162.1
3064.3
3000.9
3125.9
3250.5
3595.3
3788.3
4079
4495.9
4663.6
4975.1
5119.6
5294
5254.6
5207.9
5072.5
4906.1
4849.9
4916.4
5049.5
4946.7
5075
4909
4853.6
4573.8
4347.4
4066.6
3551.2
3030.2
2431.9
2096.4
1848.5
1511.3
1303.7
1160.2
1014.5
892.5
749.7
602.7
625.8
473.3
432.4
456.4
381.6
419.1
382.5
463.6
434.8
398.8
399.2
333.6
348.9
343.8
344.7
372.8
410.5
346.3
366.6
365.8
452.3
394.8
412.1
407.4
467.5
514.8
421.7
607.1
470.9
441.4
446.9
490.5
453.8
583.4
510.9
557
519.3
594.5
748.1
764.6
839.6
701.9
678.8
706.2
738.5
750.1
733.3
807.5
807.1
941.6
884.1
896.3
937.6
997
1106
1106.3
1196.4
1262.2
1413.9
1457.4
1791.7
1854.5
1949.3
2170.8
2456
2619
2754.2
3035.5
3795.5
5505.2
5841.8
4873.9
2573.8
1357.6
1291.8
1244.3
1312.3
1546.9
1537
1614.4
1809
2052.8
2275.9
2551
2835.9
3221.3
3695.1
4074.3
4638
5226.1
5897.9
6619.8
7396.7
8289
9164
10317.4
11321.9
12465.9
13599.9
14873.9
16235.3
19035.7
24706.5
30097.2
30156.7
23187.4
13064.9
6817.2
4278.1
3606.8
3216.9
2962.8
2831.4
2666.8
2455.2
2400.9
2466.6
2379.3
2538.7
2467.1
2643.5
2583.4
2758.8
2884.2
3134.6
3234.9
3558.2
3813.5
4178.3
4509.3
4865.9
5251.1
5696.5
6089.3
6556.2
6902.5
7215
7489.5
7618
7979.9
8023.2
8225.5
8198.2
8263.7
8407.5
8435.9
8397.6
8399.9
8386.6
8405.5
8315.6
8091.5
7860.6
7640.2
7477.8
7154.6
6780.9
6535
6201.3
6002.3
5702.1
5500.3
5224.5
5042.1
4988.1
4943.9
5176
5216.9
5434.1
5826
6068.9
6519.1
6921.5
7574.5
8126.5
8775.6
9486.9
10269
11094.1
11936.4
12826.5
13645.6
14183.1
14606.8
14850.8
15004.8
15320.2
15360.8
15405.9
15254.8
15363.2
15409.8
15406.2
15230.6
15176.5
15046.2
15127.2
14892.5
14474.2
13970.9
13767.7
13404.7
13124.7
12621.3
12166.5
11762.1
11503.4
11212.3
10985.8
10858
11057.7
11156.4
11273.8
11245.7
11369
11312.8
11259.7
11122
10984.2
11118.2
11227
11423.7
11539.8
11951.1
12359.6
13126.4
14078.2
14952.2
15847.1
16821.8
17735.1
18511.2
19133.4
19926.4
20667.8
21249.8
21970.2
22313
22925.8
23543.8
24071.6
24348.7
24580.6
24989.7
25646.2
25995.7
26580.3
26863.4
27216.3
27142.8
26954.9
26337.4
25429.5
24067.9
22438.6
20914.9
19259.8
17740.4
16275
14900.6
13321
12070.8
10854
9985.3
9334.2
9141.1
9018.9
9217.3
9557
9898.6
10411
10948.7
11602.7
12510.9
13588.9
14403
15491.2
16735.8
17950.7
19072.4
20267.1
21509.2
22592.2
23651.2
24902
25968.3
27261.2
28625.1
29882.6
30882.5
31749.1
32316.9
32474.9
32000.3
31546.7
31032.5
29673.4
28325.7
27033.5
25680.3
24320.3
22797
21055.5
19288.7
17696.6
16077.9
14347
13175.5
12105.8
11140.7
10330.9
9620.5
9094.4
8621.3
8158.2
7890.8
7654
7465.8
7392.3
7462
7596.4
7806.1
8142.2
8377.1
8783.8
9231
9851.2
10613.4
11184.9
11775.7
12501.1
13326.9
13915.4
14487.1
14993.5
15366.2
15822.3
16115.4
16453.1
16647.8
16895.9
17145.8
17150
17210.6
17323.4
17325.7
17151.7
17047
16811.1
16642
16137.5
15741.7
15223.7
14789.6
14462.5
14121
13996.6
13949.8
13961.6
13870.9
13734.1
13621.7
13400.5
13134.1
12456.2
12124.5
11069.8
10418.7
9890.9
9281.2
8677
8067.7
7558.7
7002.6
6452.7
5912.3
5368.6
4820.5
4272
3712.3
3264.8
2909.3
2609.5
2462.7
2290.2
2284
2146.1
2218.8
2158.9
2276.5
2286
2356.4
2444.1
2555
2697.5
2815.2
2894
3020.6
3220.6
3221
3533.1
3734.3
3899.9
4018.3
4179.2
4190.7
4271.5
4267.1
4288.8
4268
4144.5
4067.8
3943.4
3880.5
3640.2
3477.8
3307.5
3186.9
2971.6
2935.1
2495.2
2301.2
2156.5
2066.1
1843.5
1657.8
1463.3
1391.8
1383.4
1317.3
1339.5
1328.7
1380.2
1324.6
1341
1456.2
1574.8
1639.6
1697.8
1823.5
1930.8
2092.6
2268.1
2382.8
2673.8
2873.9
3016.3
3332.5
3649.2
3831.7
4184.8
4328.6
4532.7
4556.1
4618.3
4811.9
4689.5
4694
4618.2
4600.8
4506.4
4371.1
4250.2
3964.4
3791
3695
3481.6
3122.4
2878.1
2693.1
2488.1
2266
2032.3
1779.4
1549.2
1507.5
1301.1
1231.6
1168
1142.7
1127.5
1136.3
1122.8
1098.1
1180.4
1087.6
1061.7
1092.8
1079.2
1176.2
1173.9
1280.7
1334.7
1333.3
1505.4
1537.3
1680
1757.6
1906.7
2098.4
2320.7
2630.8
2725.7
2903.5
2905.7
2925
3085.7
3060
2934.2
2920.2
2953.2
3014.1
2958.3
3198.1
2697.5
2646.4
2523.3
2446.4
2247.3
1980.4
1867.6
1675.8
1543.9
1382.1
1265.3
1000.8
903.5
788.9
760.8
676.1
561.8
606.1
625
633.3
631.7
615.3
625.6
623.1
452.6
580.7
528.7
485.9
579.4
482.9
440.5
431.3
412.7
416.1
376.2
348.6
270.8
229.4
234.9
251.7
263.1
176.5
249.6
157.9
184.1
156
165.5
67.5
207
86.3
163.1
173.6
190.6
166.1
243
240.6
268.5
227.7
281.7
354
362.9
437.1
471.7
418.4
473.3
481.4
421.2
365.8
453.8
405.4
434.8
410.2
395
387.2
313.3
258.2
279.6
308.6
313.2
246.5
328.9
124.1
175.8
354.4
83.9
96.9
112.8
62.3
58.4
55.1
30.2
12.6
24
59
53.4
110.4
268.7
66
0
26.3
72.8
163.7
70.1
58.5
68.5
97.7
147.6
142.5
128.2
188.2
191.7
204.9
206.1
220.4
307.3
331.6
355.4
366.6
380.9
376
330.2
343.2
386.4
373.7
339.8
252.7
312.2
307
200.9
211.8
249.1
152.2
151.4
206.1
191.7
140.1
173.4
207.5
261.2
377.3
537.5
667.8
648.2
585.5
552
561.5
513
589.1
590.5
666.8
640.2
487.2
448.1
474.9
342
478.4
338.5
364.1
336.3
299.8
329.7
292.9
287.6
283.8
258.7
306.4
304.4
284.5
504.3
338.7
294
307.8
276.9
350.1
388.9
285.1
350.6
389.5
428.2
448.9
413.3
374.7
409.6
368.2
308.6
353.5
279.6
310.2
213.6
188.2
211.9
220.9
154.9