NaN
5794.7
4034
2225.3
1340.6
1278.6
1468.9
1869.2
2279.5
2874.5
3654.6
4624.5
5839.9
7412.1
9116.1
11210.5
13825.3
16508.7
18848.6
19329.3
15361.8
9593.5
4606
1980
1852.3
2127.5
2404.9
2836.8
3431.6
4301.4
5325.3
6604.6
8425.4
10390.8
12882.6
15799.3
19282.6
23510.4
28092.4
31234.8
30258.7
22279
12627.9
4637.7
1442.5
1151.6
1062.6
971.3
859.7
864.1
994.1
828.5
782.3
818
1035
1059.7
1262
1441.1
1691
2037.8
2356.3
2390.4
2400.5
1840.8
1385.1
987
931.9
941.5
1081.1
1360.6
1763.1
2292.7
2929.6
3615.4
4323.4
5222.3
5973.5
6327.2
5509
3847.5
2360.7
1393.8
1169
1294.6
1609.3
1651.7
1969.3
2189.3
2434.5
3246
4175.7
5431.3
6825.2
8377.2
9929
12068.1
13906.7
14751.3
13171.5
9279.6
5450.1
2507.4
1629.5
1739.4
1959.3
2196.9
2475.9
2946.1
3487.9
4213.6
5059.6
6220.9
7453.8
9174
11202.4
13512.7
16011.1
19340.5
23713.1
27479.9
28614.8
25843.9
18420
10808.5
4437.1
1944.5
1700.5
1691.2
1847.7
1941.6
2280
2553.7
3050.1
3626.2
4314.8
5252.8
6189.1
7626.3
9152.1
10916.7
12971.8
15470.8
18175.9
21912.6
26332.9
28633.5
27999.8
23178.1
15323.4
8381.7
3276.8
2195.7
2177.2
2312.4
2539.1
2824
3285.1
3768.7
4659.1
5145.5
5305.5
4968.6
3882.3
2740.9
1806.6
1286.6
1295.7
1370
1459.4
1637.4
1883.5
2348.5
2720.5
3337.1
4068.9
4759
5426.6
6353.6
7540.5
8517.6
8679.3
7852.8
5992.4
3856.1
2004.4
1236.6
1077.4
1108.7
1143
1232.4
1293.6
1477.5
1529.9
1678.5
1972.5
2383.6
3038.6
3841.3
4707.5
5764.7
6678.9
7675.2
9143.9
11028.1
12471.4
12697
11663.6
8854.6
5703.1
2859.1
1411
1241.2
1293.1
1253.1
1381.9
1464.5
1489.6
1603.1
1879.1
1941.6
2144.9
2455.7
2831
3303.1
3805.2
4500.4
5208.8
6042.9
7132.9
8212.4
9661.1
11405.3
13350.8
14099.3
13501.2
11357.9
7847.5
4575.8
1868.5
871.6
798.6
695.8
686.8
648.4
763.2
753.8
958.5
1016.4
1102.9
1197.1
1343.5
1458.2
1720.8
1880.4
2187.8
2521.2
2903.3
3386.3
3861.2
4497.6
5222.2
6070.3
7084.2
8511.3
9554.2
9827.8
9264.8
8023
6332.1
4686.6
3550.9
2967.2
2419.3
1865.9
1152.1
789.9
848
645.4
711.9
664.3
634.6
654.1
729.5
832.1
961.4
1073.5
1313.7
1509.6
1738.1
2047
2284.5
2576.2
3106.9
3696.7
3974.3
4027.4
3847.3
2934.8
2043.7
1067.5
504.6
328.7
270.4
276.6
276.6
349.3
361.1
382
451.6
518.6
534.8
813.9
569.7
661.7
766.7
979.2
1325.9
1401.7
1761.4
2075.9
2321.5
2688.4
3054.6
3722.8
4491.7
5005.6
4996.7
4839.1
3868.3
2737.8
1654.5
885.5
729.6
728.9
727.7
701.5
626.2
620.9
575
482
506.2
498.8
517.2
589.2
632.1
653.7
780.7
845
955.5
1070
1388.5
1359.3
1552
1835
2108.6
2411
2755
3144.3
3771.7
4361.8
4826.3
4835.6
4577.1
3874.6
2894.4
1809.2
904.3
469.9
430.7
347.3
369
386.3
454.1
397.4
438.2
511.9
535.3
517.8
556
665.1
650.5
708.8
755
799.5
921.7
1069.9
1314
1379.5
1629.5
1877.9
2258.5
2538.2
2680.7
2708.4
2746.2
2648
2459.9
2504.8
2583.9
2694.8
2675.7
2497.8
2162.7
1742.2
1177.1
716.2
546.5
408.7
402.3
416.6
430.6
519.1
580.2
643.3
796.8
861.7
1007
1152.7
1237.3
1362.4
1566.1
1926.9
2112.3
2238.3
2161.7
2056.7
1725.5
1228.1
791.5
391.8
251.9
234.1
289.1
265.4
237.2
212.5
276.3
270.7
351.1
253.5
308.2
344.2
346.4
368.6
443.1
395.2
358.4
435.4
486.8
483.2
564.2
673.7
822.2
902.4
1184.7
1232.7
1413.5
1540.2
1808.7
2097.3
2456.4
2648
2632.9
2571.3
2435.9
2090.8
1669.7
1297.2
1186.2
1018.7
1019.2
907.2
858
670.5
544
403.4
281
264.3
244.7
361.3
427.8
559.2
663.6
708.7
782.8
774.9
810.9
607.7
512
469.1
515
605.6
671.2
721.8
792.7
877.3
906.2
1064.8
1112.3
1179.9
1353.1
1470.5
1565.5
1738.9
1934.7
1930.3
1808.4
1690.7
1530.4
1248.9
828.9
560.4
438.5
338.8
296.1
352
332.1
304.7
355
307.3
359
352.5
386.9
408.4
470.2
569.8
624.8
689.8
722.1
738.4
704.5
622.9
561.8
547.4
323.2
251.1
238.7
249.5
215.7
225.4
253.2
415.2
354.7
353.5
436.4
405.4
464.5
522.5
595.4
621
667.7
778.8
772.7
789.4
837.4
808.1
735.3
705.1
663.3
632.7
584.6
574.5
665.7
666.3
755.7
804.1
877.4
997.9
977
904.1
886.6
837.3
725.6
653.6
482.1
397.5
341.8
344.2
376.3
310.7
274.2
325
299.9
262.4
231.8
359.9
247.8
242.8
220.3
235.2
285.7
334.9
375.7
533.7
422.1
438.2
465
496.9
567.2
592.9
662.4
628.5
708.4
747.3
785
855
858.6
905
1139.8
1110
1190
1176.6
1395.7
1433.6
1556.9
1566.2
1611.4
1662.3
1600.9
1553.2
1517
1510.3
1324.3
1240.3
1182.7
1104.5
1018.5
867.4
738.7
689.8
635.6
600.4
525.2
518.6
413.9
383.6
455.3
403.7
386.2
293
305.7
296.4
290.3
372.2
455.3
497.7
334.6
272.6
272.2
244.1
260.8
314.5
240.4
234.5
242.2
305.8
286.3
236.2
265.3
302.4
298.4
275.5
238.8
395.8
329.3
284.5
313.9
409
382
397.1
546.1
548.5
433
432.3
436.5
359.9
349.7
451.2
399.6
481.8
557.7
603.7
738.6
847.8
1002.6
1014.6
1103.8
1276.9
1343.7
1435.5
1471.9
1544.8
1680.1
1709.5
1644.3
1714.8
1756.2
1741.5
1721.8
1708.9
1805.1
1911.9
1782.3
1786.1
1798.6
1814.5
1882.5
1878.2
1895
1951.3
1967.9
1956.7
1906.4
1832.3
1835.6
1740.4
1729.9
1693.3
1740.7
1739.4
1838
1803.3
1867.8
1815.3
1873
1910.6
1884.5
1872.2
1818.2
1808.8
1884.9
1814
1778.1
1722.5
1857.3
1736.4
1754.9
1718.6
1681.6
1680.9
1737.5
1652.5
1593.3
1535.8
1444.2
1316.9
1243.9
1204
1225.4
1251
1271.2
1354.3
1289.9
1354.6
1366.3
1473.2
1504.5
1492.5
1409
1369.5
1326
1278.6
1206.7
1124.3
1143.4
1092.1
1025.7
956.6
987.7
938.6
957.9
1030.7
1084
1090.3
1030.9
1099.2
991.2
976.9
988.9
976
964.6
893.6
950.9
869
919
874.7
845.2
866.6
929.6
952.2
1055.4
1060.3
1076.3
1048.4
990.6
986.4
964.8
902
820.1
691.6
799.3
509.4
500.3
511.5
408.3
439.4
427
429
439
435.2
511.1
426.8
537.2
509.9
476.9
518.2
528.5
621.3
633.4
605.8
591.1
639.4
757.9
683.7
767.9
769
830.3
832.3
856.5
883.9
947
1007
950.5
1076.2
1053.4
1186.4
1352.3
1394
1561.6
1648.4
1838
2096.1
2315.6
2665.2
3180.1
3668.2
4132.3
4728.1
5013.4
5349.8
5438.5
5578.8
5615.3
5791.7
5799.4
5903.2
6143
6111.5
5921.7
5442.2
5187.8
4974.1
4806
4949.3
5220.6
5723.2
6338.4
6996.2
7532.1
7906.8
8062
8123.1
8202.4
8373.4
8456.3
8431.4
8585.4
8605.9
8405.1
8053.7
7104.7
6665.6
6143.3
5961.6
6035
6323.5
6908.9
7473.8
8144.7
8638.4
9062.5
9149
9152.6
9196
9208.2
9528
9571.8
9659.8
9825.2
9545.4
8949.1
8000.5
7224.4
6686.3
6293.8
6192.7
6461
7013.4
7630.7
8312.8
8957.6
9418.7
9625.3
9698.5
9624
9565.7
9724.4
9960.8
10124.6
10183.6
10147.8
9653.2
8944.9
7959.3
6947.8
6242
5888.1
5848.9
6109.5
6523.8
7020.8
7520.4
8232.8
8791.6
9046.7
8963.5
8759.9
8525.2
8567.3
8883
9029.5
9094.4
9177.2
8881.2
8325.5
7415.5
6309.4
5752.9
5179.6
5097.7
5361.3
5785.1
6174.5
6661.9
7276.2
7991.6
8406.1
8594.7
8405.3
8150.5
7971.2
8058.1
8398.7
8662.7
8625.8
8919.9
8610.9
8218.3
7189.4
6132
5583.5
4938.9
4865.4
5064.7
5297
5549.4
5914.7
6482.1
6964.2
7485.9
7763.7
7743.4
7351.9
6964.2
6881.6
6975.3
7454.7
7400.4
7316.6
7252.5
6888.7
6749.9
5279
4374.9
3604.6
3143.2
3096.9
2962.4
3080.2
3039.3
3123.2
3283.6
3525.2
4001.2
3925.8
3980.7
3763.4
3582.8
3516.1
3611
3885.9
4098.2
4013.7
4130.5
3857.5
3716
3120.3
2542.2
2084.8
1849.2
1935.2
1936.2
2011.2
2140.6
2198.9
2257.4
2468.6
2739.9
2830.4
2778
2678.8
2535
2457.7
2396.5
2414.7
2600.8
2535.5
2445.9
2447
2389.3
2097.4
1880.3
1583.6
1388.6
1406
1443.8
1406.7
1479.2
1610.4
1764.8
1989.4
2184.8
2490.5
2894.4
3040.5
3359.9
3399.7
3438.7
3282.8
3163.4
3282.2
3223.6
3435.7
3395.3
3382.3
3226.4
3119.3
3078.4
2983.7
2611
2129.4
1954.9
2074
2140.8
2142.7
2155.4
2274.3
2548.4
2887.1
3260.4
3714.1
4209.7
4751.9
5269.2
5563.7
5906.5
5787.7
5588.1
5266.4
5291.1
5616.1
5650.9
5832.4
5820.2
5573
5254.8
5317.6
5253
4614.5
3700.7
3140.7
3181.1
3278.3
3255.6
3272.3
3226.7
3462.8
3777.8
4276.9
4808.2
5476.3
6142.8
7062.6
7623.9
8099.9
8547.1
8450.7
8068.2
7540.8
7591.4
8080.5
8208.3
8559.3
8452.8
8214.6
7615.9
7633.2
7640.6
6940.6
5560.9
4469.2
4498.4
4612.7
4789.1
4478.2
4440.6
4466.5
4886.9
5399.4
6017.5
6810.7
7512.7
8473.7
9526.9
10272.3
10975.1
11342.7
11187.4
10600.2
9942
10187.9
10723.5
10989.2
11518.6
11574.4
11071.3
10337
10016.3
10302.8
9508.7
7629.6
5948.6
5878.6
6074.1
6078.6
5944
5891.4
5947.8
6218
6902.1
7579.1
8532.5
9418.5
10660.7
11861.4
13085.5
14022.9
14871.5
15223.2
14757.9
14082.3
13339.7
13753.5
14246.2
14746.3
15270.1
15423
14945.2
13840.7
13552.4
13916
12812.3
10423.1
8302.3
7954
8525.8
10199.7
14543.4
18395
19135.7
15974.5
11816.6
10853.2
11403.9
12312.4
13728.5
15225.8
16772.8
18120
19161.5
20034.4
20208.8
19580.2
18621.4
17964.5
18532.3
19134.7
19758.3
20373
20419.8
19731.4
18573.2
18059.7
17984.2
16501.1
13411.6
10717.8
9633.7
9418.1
9475.6
9253.7
8871.5
8485
8330.2
8712.7
9334.2
10058.9
11145.1
12272.1
13563.6
14994.1
16046.7
17353.7
18206.8
18903.9
18692.2
18129.7
17283.7
16910.4
17100
17680.1
17997
18444.2
18345.4
17611
16876.3
16412.2
15876.2
14460.7
12047.2
9643.1
8260.5
7686
7475.4
7204.1
6977.7
6459
6277.1
6160.1
6379.2
6795
7313.9
7940.6
8689.6
9560.4
10373.9
11250.8
11859.1
12460.8
12637
12703
12227.6
11940.9
11620.8
11672.8
11865.7
12161.6
12331.9
12215.2
11790.8
11516
11026.6
10474.3
9465.8
8171.4
6667
5525.3
4973.3
4416.8
4116.9
3875.3
3502.4
3275.3
3065.6
2956.7
2967.4
3060
3332.8
3548.4
3805.5
4224.3
4368.2
4662.3
4898.2
5085.3
5179.8
5169.2
5065.7
4902.9
4807.1
4826.2
4844.4
4830.6
4974
4889.2
4793.9
4657.5
4458.5
4155.6
3803.1
3333.4
2733.3
2325.5
1974.8
1636.6
1367.5
1208.3
1060.7
928.4
799
602.7
632.3
461.9
387.3
400.3
310.2
369.4
311.3
409.7
375.5
341.1
323.4
263.3
280.7
285.6
297.8
310.1
340.6
260.1
286.3
290.3
385.3
280
303.3
363.3
389
430.6
353.7
519.3
401.6
352.1
370.3
432.6
389.1
476.2
419.8
478.8
431.1
491.8
605.8
654.7
720.8
667.1
657.4
669.1
670.2
672.8
627
693.9
731.2
854.9
764.8
821.6
848.8
875.8
1009.4
986.5
1062.8
1104.1
1234.7
1340.8
1607.4
1629
1727.6
1909.1
2215.5
2355.5
2526.7
2740.8
3020.9
4060.3
5570.6
5462.9
4139.5
1892.8
1264.3
1193
1211.4
1406.3
1348
1459.7
1637.6
1803.6
1997.1
2293.5
2505.6
2823.3
3275.7
3591.7
4117.2
4641.9
5272.4
5871
6657.8
7433.6
8219
9195.2
10155.6
11212.9
12437.2
13587.2
14640.6
16185.1
20035.5
25780.2
29452.6
27520.3
19634.6
10689.6
5760
3982.1
3377.3
3092.4
2880.3
2733.6
2494.7
2404.8
2434.8
2376
2471
2389.5
2564.6
2507.2
2616.7
2689.5
2911.1
3040.6
3296.9
3582.6
3879.6
4196.8
4529.9
4867.9
5285.1
5705.4
6151
6555.5
6841.1
7173.3
7367.2
7714.3
7730.2
8020.3
8022.2
8056.2
8181.8
8269.3
8329.9
8364.5
8227
8264.3
8306.6
8112.7
7894.3
7649.5
7538.9
7238.3
6941.5
6688.4
6316.5
6099.3
5834.9
5541.8
5312.1
5119.7
4966.3
4915
5024.9
4994.9
5209.7
5559.7
5734.9
6141
6525.5
7118.9
7542
8172.1
8902.6
9619
10407.2
11164.3
12130.2
13029
13609.7
14149.1
14535
14765.4
15037.7
15183.5
15346.6
15203.8
15161.9
15211
15292.4
15258.9
15045
14976
15025.8
14916.6
14571.5
14109.8
13824.7
13554.9
13329
12873.2
12347.6
11988.7
11664.2
11350.3
11113.6
10869.9
10898.8
11040.1
11147.8
11129.2
11183.8
11234.6
11238.6
11178.8
11056.5
11023.2
11125.9
11241.2
11336.7
11670.4
11966.6
12587.9
13385.5
14138.3
15013.6
16050.5
17033.1
17807.7
18470.5
19226.7
20037.9
20624.6
21350.9
21700.6
22181.4
22910.2
23578.7
23772
24138.1
24538.7
25085.9
25446.9
25987.6
26309.4
26670.1
26856.9
26841.3
26390.4
26007.4
24720.1
23234.4
21758.2
20103.4
18627.1
17171.2
15837.3
14175.4
12868.9
11658.3
10558.4
9690.5
9172.4
8869.1
8977.8
9185.1
9455.1
9908.2
10309.3
10968.3
11750.3
12688.7
13516.6
14572
15638
16802.5
17869.1
19090.6
20350.7
21298.3
22444.9
23737.8
24754.4
25884.4
27173.7
28518.9
29505.9
30563.9
31419.8
31799.4
31679.8
31267.8
31037.1
29988
28698.5
27518.1
26210.9
24904.5
23451.1
21944.8
20285.2
18668.4
16936.7
15391.9
13903.1
12735.1
11660.9
10827.1
10025.9
9432.4
8883.3
8369.7
8023.3
7732.6
7443.9
7331.2
7316.5
7408.4
7565.5
7908
8050
8363.5
8779.5
9355.7
9994.3
10543.1
11144.3
11866.4
12662.6
13214.4
13840
14394.1
14884.2
15330.4
15679.9
16103.9
16227.2
16499.9
16815.5
16816.7
17015.3
17160.1
17214
17055
17067.7
16858.5
16595.4
16166.8
15900.4
15379.1
14907.5
14593.1
14242.4
13967.7
13879.2
13921.8
13923.4
13855.7
13814.4
13547.2
13410.4
12935.1
12731.6
11668.6
10920.7
10373.5
9793
9215.3
8552
8068.9
7568.1
6953.1
6337.9
5775.3
5240.5
4775.2
4176.5
3646.6
3177.3
2808.3
2616.8
2407.6
2299.7
2158.1
2174.4
2126.6
2214.2
2201.3
2293.8
2349
2431.3
2548.3
2705.6
2766.1
2897.6
3044.4
3079
3287.1
3526
3665.5
3824.5
4073.6
4097
4162.5
4142.6
4200.3
4257.4
4163.3
4133.9
3980.5
3900
3678
3493.8
3370.3
3275.4
3011.8
3036.9
2649.4
2421.7
2195.7
2134.2
1919.5
1724.4
1533.6
1400.5
1349.6
1292
1324.3
1304.9
1309.9
1234.2
1265.3
1311.5
1439.1
1515.1
1560.7
1630.4
1814.4
1934.4
2067.2
2210.7
2423.2
2678
2748
3008.1
3296.8
3535.4
3903.4
4081.2
4311.2
4366.5
4494.1
4652.9
4550.8
4596.6
4566.7
4479.2
4461.6
4373.3
4275.3
4042.7
3897.8
3735.5
3632.6
3331.8
3030.7
2782.7
2558
2390.4
2185.3
1892
1651.6
1559.3
1336.7
1304.7
1194.5
1116.9
1101.8
1082.4
1093.6
1068.8
1093.3
1058.3
1028.7
1038.4
1037.1
1088.6
1089
1208.5
1227.6
1233.5
1377.8
1384.8
1502.8
1591.6
1697.1
1852.9
2114
2354.2
2487.5
2658.5
2694.9
2760.2
2967.7
2951.3
2803.5
2837.9
2807
2888.7
2873.2
3142.6
2698
2611.5
2518.1
2455.2
2310.9
2134.8
1962.5
1691.1
1564.8
1488.5
1345.4
1104.9
974.3
837.1
802.8
725.2
583.5
581.8
638.9
623.8
633.9
609.4
632.7
639.3
437.1
554
552.4
476.9
596.9
487.8
437
425
439.9
419.1
392.4
362.7
297.5
238.9
253.4
296
246.1
188.3
273.9
124.1
175.1
155.6
198.9
42.5
184.3
73
125.3
151.4
163.5
145.5
216.5
189.5
230.6
190.6
227.2
295.7
299.1
369.3
464.4
422.3
462.1
464.8
392.2
357.5
447.6
378.8
452.9
400.9
376.4
408.3
308.9
264.4
280.7
315.4
284.3
231.5
353.3
139.3
164.3
350.5
103.9
108.4
131.6
22.8
58.3
29
36.8
13.6
0
47.9
22.2
60.2
272.4
85.2
9.2
20.9
51.7
132
40.9
45.2
77
54
128
102.5
104.7
163.9
178.3
185.8
183.2
201.9
274.2
290.1
328.4
324.2
363.7
346.8
353.4
345.9
390.3
365.4
334
309.3
327.2
314.7
216
190.5
256.5
180.9
155.8
231.3
184.7
117.8
147
144.9
207.7
310
451.6
653.6
656.4
647
602.9
582.4
557.3
574.4
572.6
675.1
624.9
541.7
494.6
497.1
383.1
529.8
393.2
369.8
369.5
315.6
343.3
280.2
269.7
289.7
256
294.8
318.1
261.4
475.5
318.3
286.2
307.6
268.1
335.1
383.7
269.8
333.6
346.6
401.7
428.1
432.1
368.6
419.3
408.9
324.9
352.8
301.8
341.3
245.8
183.4
209.5
225.2
148