NaN
NaN
3189.1
1698.6
1119.3
1378.6
1570.9
1917.2
2445.4
3023.9
3774.8
4789.9
6069.1
7612.5
9523.5
11624.6
14182.7
16629.4
18403.8
17651.8
12878.4
7362.2
3067.1
1895.4
1916.6
2095.5
2540.9
2995.1
3603.1
4474.1
5628
7059.6
8810.4
11223.5
13525.4
16630.7
20437.8
24705.9
28602.4
31045.5
27598.6
18678.7
9384
2670
1273.9
1039.4
946.8
945.4
862.1
789.3
805
951
791.1
804.3
892.3
1151.5
1168.2
1356.3
1632.9
1883.3
2160.5
2304.1
1940.7
1551.3
1013.5
851.4
851.6
1006
1069
1333.3
1766.3
2270.7
2887
3438.3
4218.4
4929.3
5553.1
5640
4555.1
3062.4
1752
1153.3
1188.6
1251.6
1372
1713.2
1772.8
2226.9
2601.3
3206.5
4334.4
5472.1
6757.1
8124.9
9999.3
11847.8
13399.7
13636.1
11121.6
7368.8
3945.8
1933.9
1683.4
1670
1865
2185.2
2556.1
2939.2
3541.6
4213.9
5176.9
6302.5
7693.5
9289.2
11329
13688.1
16341
19632.5
23895.4
26892.4
27382.2
22703.1
15003.5
7956.1
2788.4
1643.6
1686.1
1679.2
1796.9
2047.6
2215.6
2687
3097.1
3756.5
4479.8
5454.5
6609.5
7856.6
9534
11366.5
13510.3
16018
18947.7
23046.9
26837.9
28596.7
26703.5
20045.3
12668.6
5913.4
2412.5
2016.1
2050.2
2215.1
2434.7
2691.5
3072
3591.6
4287.4
4845.6
4785.3
4197.6
3161.7
2173.6
1379.2
1163.6
1205.3
1366.4
1446.6
1605.2
1886.3
2307.5
2901.6
3362.9
3969.2
4583.2
5229.8
6157.1
7314.7
7931.7
7889.5
6753.8
4723.9
2910.6
1491.5
1016.1
1052.4
1082.3
1125.3
1169
1288.2
1350.1
1561.7
1696.7
1939
2421.2
3061.1
3927.6
4836.1
5706.5
6705.1
7662.9
9189
10996.1
12073.2
11907.3
10176.3
7311.4
4405.2
2011.4
1266.6
1229.8
1249.7
1306.8
1341.7
1465.5
1571.9
1631.1
1807.6
2126.8
2226.9
2528.6
2897.3
3409.2
3942.1
4592.4
5362.9
6287.5
7218
8438.8
9856.5
11952.1
13400.6
13700.8
12525.7
9829.4
6494.1
3291.4
1275.7
755.8
689.9
704.9
705.8
727
754.1
841.9
823.7
1082.9
1176.7
1249.8
1367.2
1561.7
1761
2040.5
2265
2647.1
3031.2
3460
4063.9
4589.7
5387.7
6288.5
7556.5
8886
9559.4
9536.9
8748.6
7172.1
5479.7
3925.6
3001.4
2617.3
1970.7
1364.2
1012
676.1
674.9
858.3
712.5
748.8
710.4
723.5
734.5
820.4
1002.4
1191.1
1316.1
1582.4
1761.6
1947.9
2228.4
2586.8
3062.9
3585.6
3812.9
3655
3239.9
2541.4
1511.5
781.3
378.4
321.3
297.3
320
290.3
335
375.9
401.4
447.9
512.2
520.7
546.6
866.6
658.4
778.8
990.2
1208.1
1656.1
1697.7
2048.3
2360.1
2685.4
3190.6
3821.2
4498.2
4831.8
4773
4288.9
3525.5
2283.1
1330.3
856.7
801.5
831.1
840.2
802.9
752
638.8
579.1
554.9
487.3
569.2
574.4
631.9
692.9
726.9
755.6
910.2
1020.6
1106.9
1297.9
1598.7
1651
1863.8
2180.6
2497.4
2817.1
3317.6
3866.9
4550.4
4809.4
4680.3
4276.5
3561.3
2471.9
1430
695.3
448.9
414.5
436.5
430.1
415.7
466.9
485.5
487.7
477.7
537.3
585
570.5
608.4
731.5
740.5
802.2
853
935.5
1037.3
1189.2
1472.9
1627
1856
2161.5
2484.4
2553.4
2607.6
2538.4
2531
2410.8
2505.4
2714.2
2732.7
2662.8
2434.7
2093.5
1521.4
1034.2
618.7
487.6
554.3
459.8
495.4
498.3
526.4
656.2
726
760.6
896.3
959
1132.2
1232.8
1412.2
1609
1852.3
2068.6
2072.7
2036.8
1845.2
1527.3
1059
600
372.3
259.1
288
236
342.6
320.4
285.7
289.2
352.5
318.2
429
314.3
380.2
420.2
437.1
434.8
543.1
474.5
426.4
472
593.8
641.4
714.2
854.9
1014.2
1138.5
1397.9
1497
1704.9
1883.6
2181.7
2510.5
2650.6
2667
2577.2
2368.8
2091
1652.8
1413.7
1270.6
1345.2
1207.1
1093.7
950.6
827
582.5
435.4
366.9
273.2
307
414
602.3
657.5
662.8
709.6
792.3
814.5
740
706.6
504.4
556.3
562.2
608.8
730.8
786.9
865
931.3
1030
1039
1227.9
1292.1
1366
1524.5
1666.9
1821.3
1920.6
1884.9
1729.2
1645.9
1413
1132.7
803.5
451.7
393.8
380.6
335.1
337.7
368.2
328.5
333.3
370.6
339.2
398.9
421.6
451.6
459.8
544.9
665.3
715.4
712.3
699.1
638.3
600.7
522
402.1
399.3
229.1
232.8
269.7
300.6
304.2
326.6
356.4
510.9
424.4
406.4
508
506.5
549.5
577.7
652.8
677.8
763.8
880.7
805.8
778.1
819.4
772.2
711.1
600.7
606.4
606.1
627.6
652.1
742.8
714.3
866.4
935.4
954.3
981.1
942.5
889.7
772.5
725.9
600.1
562.1
413.6
382.5
355.1
359.2
416.4
324.5
292.6
331.6
340.1
283.5
245.1
379.1
242.5
264.4
260.8
270.5
354.3
379.6
423.6
612.2
480.8
520.6
506.3
560.8
608
678.8
710.7
670.2
757.2
823
813.6
922.5
949.1
1023.4
1238.2
1173.5
1275.3
1294
1511.1
1590.8
1649.1
1631.5
1676.2
1663.8
1633.1
1570.6
1531.4
1445.9
1255.5
1230.2
1157.6
1022.7
846.6
690.5
580.1
547.8
522.1
496
437.7
426.2
337.6
307.9
402.5
425.2
398
326.5
306
291
316
392.8
446.5
536.2
330.9
291.8
294.8
285.5
320.8
350.8
302
264.7
292.1
316.3
328.4
259.8
281.9
296
304.7
284.2
272.2
453.2
380.5
338.2
352.5
480
429.7
417.9
552.2
543.4
414.8
416
386.7
336.9
402.3
510.1
504.7
580.3
725.6
755.6
833.5
941.1
1112.4
1129.1
1233.3
1360.6
1400.7
1426.9
1487.1
1580.8
1638
1646.7
1615.1
1669.8
1662.1
1668.5
1666.1
1631
1702.2
1814.4
1688.9
1705.9
1743.6
1813.5
1816.8
1768.4
1817.6
1872.2
1787.2
1775.8
1734.5
1709.3
1655.1
1600.6
1565.7
1597.8
1664.6
1662.2
1818.1
1700.9
1778.9
1755.3
1745.1
1741.9
1679.8
1715.6
1710.9
1653.8
1775.9
1707
1668.2
1658.6
1695.5
1630.1
1624.9
1573.9
1572.4
1564.5
1544.4
1454.3
1355.1
1305.1
1260.1
1162
1137.6
1122
1170.5
1234.1
1221
1373.2
1252.7
1300.5
1348.2
1399.1
1387.9
1337.3
1271.3
1284.4
1188.3
1123.6
1082.9
1049.5
1012.2
981.5
954
926.9
951.5
930.1
977.1
1030.9
1087.2
1029.1
1010
1067.1
990.4
946
936.6
986.1
979.2
902.9
937
862.1
938.7
922
974.8
985.8
1024.5
1039.1
1181.4
1154.3
1139.2
1123
1079.9
1036.6
974.9
868.9
741.7
625.6
685.3
441.9
418.4
507.3
401.9
474.9
458
448.4
470.7
460.9
553.3
455.7
577.8
568.4
549.5
593.4
600.4
647.2
663.1
665.6
716.9
711.3
869
793.6
862.4
914.6
952.4
925.9
948.1
996.9
1012
1054.7
1051.5
1109.6
1188.7
1356.7
1472
1531.2
1727.8
1793.1
2096.3
2291
2659.1
3055.4
3585.6
4086.7
4439.5
4776.6
4936.2
5126.9
5154.3
5201.3
5309.3
5454.6
5522.6
5691
5598.6
5263.6
5062.2
4733.7
4582.1
4533.5
4574.7
5061.4
5506.8
6110.9
6678
7153.8
7386.9
7477.4
7532.9
7628
7766.1
7965.9
7888.8
8069.5
7964.3
7533.9
7027.4
6627.2
5984.4
5783.3
5455.5
5684.7
6042.4
6643.9
7151.1
7797.2
8235.4
8341.8
8531
8474.4
8522.1
8665.7
8884.3
8935.6
9143
9074.2
8672.4
8010.1
7245.1
6551.9
6060.7
5780.5
5805.7
6211.1
6701.9
7316.6
8005.8
8678.6
8942.7
9151.1
8916.6
8919.6
9030.3
9205.9
9395.5
9505.9
9721.9
9417.3
8887
7991.1
6989.5
6440.3
5731.2
5425.6
5707.8
5901.6
6316
6804.1
7342.1
8004.7
8340.7
8525.7
8383.4
8105.1
8169.2
8101.5
8474.5
8574.2
8580.4
8672.8
8312.7
7712.4
6478.4
5789.7
5151.9
4985.3
4897.7
5256.6
5549.2
6099.3
6586.5
7187.5
7863.6
8054.6
8188.3
7945.8
7728.5
7671.9
7713.6
8272.2
8329.9
8362.9
8436.7
8327
7645.2
6549.2
5708.7
5049.5
4838.2
4805.5
5034.7
5259.2
5560.3
5918.3
6425.1
7055.9
7437.6
7590.2
7508.9
7103.4
6826
6749.7
6903.8
7299.5
7205.1
7153.1
6973.3
6654.1
5922.7
5108.3
4072.6
3399.6
3168.4
3041.2
2978.8
2814.2
2982.3
3118
3218.5
3479.3
3709.8
4069.4
3755.8
3632.4
3463.4
3413.5
3491
3866.1
3909.6
3941
3802
3911.4
3446.1
2787.7
2262.7
1967
1832.6
1869.6
1930.1
1944
2004.3
2127
2270.4
2386.1
2623.9
2655
2652.6
2428.1
2384
2325.3
2324.1
2309.2
2375.3
2427.4
2314.3
2276.9
2196.5
2013.1
1579.5
1399.9
1303.1
1285.8
1385.7
1374.7
1377
1496.8
1699.9
1862.6
2100.5
2355.6
2651.2
2978.1
3073.8
3170.4
3078.8
2918.5
2904.1
2961.2
3138.5
3160.6
3242
3059.6
2875.4
2901.3
2869.2
2613.6
2230.2
1960.5
1866.4
1945.6
1984.1
1992.3
2093
2207.4
2463.2
2841
3163.3
3621.5
4063.3
4564.8
4896.6
5328.1
5468.2
5444.7
5010
4904.5
4990.4
5150
5317.1
5465.5
5350.2
5016.2
4867.2
4954.7
4718
4018.1
3166.7
2926.8
2970.9
3070.3
3006.5
2983.5
3101.1
3296.2
3755
4061.7
4685.7
5260.9
5970.5
6718
7315
7688.9
7952.2
7791.1
7370.1
7024.1
7256.2
7573.9
7761.4
8082.2
7957
7467
7002.3
7119.2
7115.6
6101.5
4748.7
4142.6
4336.5
4467.7
4363.8
4275.9
4206.1
4317
4794.2
5247.7
5858.6
6628.1
7412.5
8316.8
9249.5
9874.8
10421.7
10769
10432.1
9779.8
9383.4
9735.6
10205.7
10529.6
10881.8
10813.6
10296.2
9518.4
9758.6
9674.2
8450.1
6567.2
5487
5614.9
5837.6
5864.2
5607.6
5598.7
5670.9
6213.5
6730.7
7531.7
8412.6
9350.5
10575.5
11790.6
12788.2
13535.3
14333.2
14444.6
13975.6
13103.2
12838.9
13290.8
13929
14202.6
14851
14504.2
13935.7
13059.7
13132.9
12928.1
11648.8
9152.6
7686.7
7787
8352.8
10827.8
15316.9
18191.4
17971.2
13759
10855.3
10535.6
11236.1
12257.4
13541.8
15167.7
16585.8
17845.8
18766.1
19441.3
19421.7
18635.6
17552.3
17407.5
17985.2
18698.4
19094
19772.7
19486.5
18721.4
17656
17504.7
16968.3
15061.6
11912.9
9748.1
9217.2
9096.6
9004.6
8739.2
8362.8
8102.7
8042.7
8548.7
9181.2
10035.2
10940.6
12120.7
13462.5
14757.5
15936.5
16871.8
17784.5
18144.8
17974.1
17144.6
16354.2
16265
16588.4
17127.1
17632.9
17790.6
17604.4
16798.1
16028.5
15551.3
15053.5
13311.3
10871.5
8796.7
7667.9
7298.5
7078.6
6829.1
6512.2
6270.9
5917.7
6091.3
6234.8
6671.5
7212.8
7886.7
8625.3
9451.8
10297.9
11034.2
11707.7
12160.1
12344.2
12043.8
11790.4
11379.8
11268
11217.4
11593.5
11828
11927.3
11807.1
11370.2
10973.7
10569.7
9914.2
8771.7
7363.5
6112.6
5177.2
4550
4279.7
3914.7
3611
3304.8
3039.3
2911.1
2881.8
2915.6
3051.2
3222.5
3533.6
3778.1
4044.2
4472
4558.4
4881.6
5015.4
5072.4
4981.6
4915.4
4779.3
4656.5
4692.7
4737.7
4883.8
4737.3
4773
4625.9
4539
4238.7
4053.9
3550.7
3058
2563.5
2087.1
1800.6
1578.7
1303.2
1143
983.4
841.4
730.2
623.5
487.1
513.1
364
349.1
371.8
291.7
343.7
318.1
374.7
378.8
309.5
314.3
270.4
279
282.6
270
295.5
352
262.1
298.4
288
403.5
332.7
321.7
397.5
443.2
451.9
348.3
528.2
422.9
356.2
367.7
439.4
384.2
515.2
439.5
476.5
450.8
536.9
710.8
678.9
701.5
578.2
606.6
642.9
678.1
711
641.7
710
735
908.8
796.2
823.1
874.7
945.7
1053.8
1079.7
1109.9
1159.9
1339.4
1421.8
1744.1
1809.9
1937.2
2104.4
2357.1
2533.2
2704.1
3061.8
4485.2
5591.7
5072.2
3358.1
1489.8
1177.1
1178.1
1187.7
1262.1
1485.8
1480.2
1574.1
1805.7
2021.3
2261.2
2580.7
2842.4
3240.9
3722.4
4111.6
4713.7
5259.5
6013.2
6679.4
7541.8
8349.9
9305.3
10371.9
11367.8
12493.1
13665.8
14903.9
16802.9
21141.6
26898.1
29377.9
25699.5
16514.4
8679.3
4870.9
3609.3
3206
2909.2
2691.9
2558.6
2459.1
2251.7
2220.3
2323.5
2236.5
2413.5
2380.6
2586.1
2534.9
2681.4
2794.4
3061.8
3226.2
3528.1
3804.7
4138.8
4494
4841.5
5231.7
5600.5
6007
6420.4
6812.5
6972.8
7271.5
7388.8
7697.2
7711.6
7805.9
7837.4
7915.4
8012
8058.7
8048.5
7996.6
8028.3
7986.9
7824
7549.3
7384.8
7109.1
7007.9
6658.7
6300.9
6109.6
5789
5556.1
5304.9
5054.8
4919.7
4682.9
4734.8
4733.6
4992.9
5014.7
5324.5
5710.6
5976.2
6457.2
6881.4
7533.6
8074.9
8717.3
9470
10222.7
11013.4
11808.9
12637.9
13306.4
13758.5
14024.8
14251.8
14463.6
14708.4
14694.3
14725.6
14628.5
14775.7
14788.5
14634.1
14519.7
14506.4
14540.8
14394.5
13955.1
13561
13256.4
13001.5
12624.5
12305.8
11894.2
11426.4
11111.5
10881.4
10505.9
10519.6
10492.5
10596.2
10652.3
10798.6
10734.1
10821
10678.4
10617.1
10611.7
10551.4
10631.5
10871.2
11109.3
11254.4
11713.1
12265.8
13058.5
14020.9
14837.9
15750
16646.1
17396.9
18137.1
18784.1
19533.9
20217.9
20692.9
21358.1
21672.6
22240
22861.3
23392.6
23531.4
23847.5
24351.3
24996.5
25361.7
25764.5
25920.1
26196
25983.7
25612.5
24838.6
23735.6
22275.1
20687.8
19259
17669.4
16299
14810.4
13627.9
12068.1
10944.6
9976.2
9288.8
8824.2
8753.1
8745.7
9016.8
9362
9814.4
10325.1
10929
11684
12632.2
13691.3
14524.8
15576
16746.4
17919.9
19031.6
20172.8
21427.3
22402.1
23445.2
24642.9
25779.1
27090
28345.1
29578.7
30374.8
30869.9
31314.3
31262.5
30799.6
30106.8
29357.5
28064.3
26773
25520.2
24273.3
22817.3
21191.2
19505.2
17805.6
16323.7
14737.4
13303.8
12146.8
11170
10306
9691.4
9009.2
8556
8112.6
7727.5
7447.5
7349.1
7154.2
7224.9
7228
7400.5
7690.8
8073.3
8331
8764.7
9187.3
9844.3
10590.6
11166
11714.9
12488.4
13236.4
13693.2
14247.2
14704
15056
15394.9
15682.7
16042.3
16201.5
16419
16623.7
16718.5
16690.1
16776.3
16679.1
16480.5
16467.2
16173.3
15942.3
15358.5
14971
14521.8
14110.4
13898.7
13662.6
13559
13533.8
13526.3
13432.3
13291.1
13096.6
12861.7
12469.2
11703.2
11348.3
10378.4
9779.8
9239.2
8713.7
8153.8
7479.8
7012.1
6479.3
5928.7
5405.5
4948.9
4343
3839.6
3316.3
2985.5
2647.5
2377.9
2298.5
2122.4
2129.5
2028.4
2113.6
2110
2197.8
2246.5
2288.9
2349.2
2484.2
2604.8
2752.3
2795.5
2898
3112.8
3153.3
3414.1
3644
3794.5
3862.3
3980.4
4030.2
4120.5
4099
4082.3
4030.4
3887.7
3817
3641.5
3610.7
3338.2
3189.3
3047.3
2956.9
2727.3
2736.4
2236.7
2133.4
1959.1
1893.6
1646
1482.8
1360.8
1316.1
1304.4
1219.2
1263.5
1298.5
1357.1
1287.9
1311.9
1412.4
1561.2
1645.8
1671.2
1771.1
1916.2
2078.7
2265.2
2437.9
2671.1
2932.7
3053.6
3338.7
3602.6
3818.3
4085
4250.2
4379.4
4399.7
4462.1
4596.2
4523.4
4452.7
4382.3
4372.5
4211.4
4129.9
3954.6
3735.7
3556.1
3526.1
3220.4
2839.9
2624.1
2524
2305.3
2029.3
1819.7
1635.8
1388.1
1399.9
1189.9
1214
1126.7
1080.6
1076.1
1073.3
1080.7
1056.2
1100.9
1064.9
1058.2
1109.9
1098.5
1179.8
1163.6
1299
1348.4
1316.2
1514.9
1510.1
1655
1754.4
1933.5
2090.3
2358
2665.1
2736.3
2843.8
2778.7
2805.5
3025.6
2951.6
2831.6
2816.6
2817
2899.4
2833.7
3093.9
2534.2
2491.8
2429.9
2300.1
2040.2
1804.9
1731.2
1585.5
1379.6
1263.2
1125.8
903
824.2
716
698.2
642.9
519.1
559.2
602
604
572.1
562.3
575.6
586.5
433
537.7
492
441.4
544.7
446.5
403.1
366
378.7
387
339.8
328.2
269.2
214.3
244.3
239
227.5
146.9
254.3
133.9
153.6
181.4
165.7
90.1
221.5
71.8
157.8
194.9
186.5
145.1
223.2
219.7
284.8
229.9
301.8
341.3
391.3
451.6
515.8
404.4
463.7
469
411.1
384.3
436.2
365.5
430.5
382.5
361.9
377.4
258.1
254.9
260.5
305.4
302.1
212.7
330.9
114.5
155.6
332.4
91.3
121.9
152.9
41
90.3
71.6
27.2
1.8
0
89.7
75.4
88.3
290.6
84
15.3
52.1
75.6
159.4
72.3
85.4
122.9
139.3
177
122.7
145.9
190.7
214.4
242.5
223.6
260.3
353
378.5
357.2
334.3
365.7
373.4
367.6
347.1
412.2
356.7
338.8
247.8
348.5
336
216.8
231.4
249
158.9
155.5
263.6
209.9
164.3
209.3
269.7
348.9
468.1
601.4
707
660.3
574.2
566.8
568.9
515.5
600
612.2
690.8
643.8
499.7
449.6
476.1
386.5
495.8
345.4
409.8
371.3
306
369
311
310.1
331.5
297.2
323
356.6
350.8
549.1
382.6
312.3
312.9
326.2
420.3
416.4
320.5
376.2
373.6
460.9
509.3
440.5
404
407.4
399.9
334.7
368.7
322
323.3
234.3
178.8
218.7
246