7143
5761.5
3758.8
2239.7
1439.8
1528
1845.2
2171.6
2655.4
3319.4
4237.4
5370.2
6806.5
8417.5
10505.4
13019.3
15987.7
19064
20926.3
19691.8
14521.7
8692.3
3968.9
2088.8
2150.5
2391.1
2717.9
3248.8
3987.7
4951.8
6208.6
7885.8
9695.4
12054.8
14917.3
18330.5
22663.6
27904.6
32043.2
33839.2
29714.2
20305.5
11021.3
3731.6
1529.7
1307.3
1186.4
1078.6
1089.1
1157.3
1027.8
978.1
1015.4
1204.3
1227
1354.2
1583.9
1777.1
2141.8
2499.5
2655.1
2809.4
2488.2
1997.7
1394.7
1152.2
1076.4
1208.2
1425.4
1738.1
2259.8
2861.5
3589.4
4342.6
5350.3
6193.7
6753.1
6561.4
5316.4
3740.3
2316.8
1471.8
1451.2
1725.2
1758.3
2021.2
2221.7
2424.8
3085.5
3918.1
5103.6
6553.5
8135.6
9690.7
12024.1
14223.8
15572
15451.7
12448.7
8619.1
4891.3
2290.8
1904
2082.8
2305.5
2534.4
2947.1
3428.2
4093.9
4933.7
6009.7
7177.2
8801.6
10722.2
12946.9
15552.5
18683.4
23040.4
27649.1
29934.6
29385.7
24661.9
16761
9302.3
3734.7
2028.1
1896.5
2026.2
2069.3
2389.7
2556.5
3029
3527.9
4183.5
5058.7
5969.7
7232.5
8764.7
10408
12495.7
14894.8
17659.6
21057.3
25786.6
29212.4
30057.8
27907.2
21489.1
13863.6
7182.7
3094.2
2418.6
2560.3
2717.7
2988.4
3374.2
3832.1
4604.4
5229.8
5653.8
5561.7
4951.8
3803.9
2734.4
1856
1518.2
1581.8
1645.3
1746.6
1962.7
2358.4
2728.9
3328.3
3953.2
4690.6
5423.9
6244.2
7365.5
8514.8
9106.2
8850.4
7706.1
5667.5
3558.4
1958.7
1297.3
1278.8
1298.9
1344.8
1391.7
1579.8
1635.5
1782.3
1990.1
2329.2
2876.6
3576.3
4423.6
5448.8
6396.5
7444.1
8751.4
10588.9
12259.7
13127.3
12955
11338.2
8256.6
5147.4
2581
1519.9
1426.7
1412.1
1490.7
1572.2
1586.1
1706.7
1950.7
1986.4
2187.2
2458.6
2780.2
3195.1
3663.6
4319.4
5014.4
5798.7
6828.5
7811.7
9102.7
10780.2
12793
14178.1
14384.3
13370.3
10744.6
7308.9
4029.4
1684.2
1033.7
860.9
868.1
826.9
894.2
889.7
1083.8
1100.8
1190.7
1262.5
1380.7
1544.9
1734.6
1912.9
2197.5
2477.8
2849.9
3280.3
3723.9
4357
5044.7
5825.8
6694.8
8120.7
9388.3
10076.6
9990.1
9359
7966.9
6289.8
4636.4
3541.7
3031.5
2519.6
1782.1
1237.4
1046
865.6
886.6
838.6
837.3
855.7
866.6
997.7
1097
1225.4
1388.9
1579.8
1792.8
2110.3
2353.1
2654.7
3031
3647.4
4071.9
4238.4
4230.8
3663.1
3001.8
1938.9
1128.8
609.8
498.5
453.7
484
497.4
512.7
537.6
586.2
621.6
640.6
881.8
702.7
786.1
899.5
1023.5
1336.2
1400
1734
2042.6
2317.8
2702.7
3048.5
3639.6
4388.8
5074.5
5246.8
5233.7
4704.6
3781.6
2652
1677.7
1071
938
972.3
932.7
907.7
860.2
832.5
716.9
710.1
668.8
696
749.9
789.1
773
921.5
985.6
1080.8
1177.3
1456.3
1476
1655.5
1899.3
2154.6
2474.8
2806.4
3127.7
3732.5
4263.3
4881.4
5077.6
5010.9
4528.9
3856.3
2835
1789.1
968.2
649.2
532.7
538.4
582.4
601.3
591.6
625.4
667.8
672.6
695.1
697.5
786.9
779.3
888.9
904.9
958.1
1042.4
1184.7
1412.5
1483.7
1670.2
1942.3
2300.8
2557.6
2768
2900
2992.2
2953.6
2875
2823.7
2822
2929.1
2942.5
2823.5
2569.2
2312.8
1793
1273.6
934.9
639.8
600.8
591.5
620.5
688.4
770.1
838.8
913.1
993.2
1121.4
1266.8
1401
1519.3
1664.2
1959.7
2260.6
2442.1
2417.9
2306.9
2130.7
1764.2
1328.7
881
583.2
449.4
471.9
472
461.2
435.3
471.3
460.9
554.2
473.3
496.4
532.5
549.6
543.5
617.7
559.3
551.4
571.9
663.2
681.9
716.4
809.1
957.4
1074.7
1311.7
1404.8
1560.2
1714.2
1936.3
2211.3
2536.3
2837.2
2924.7
2855.5
2806.1
2627.5
2257.4
1864.1
1625.5
1377.4
1313.3
1259.5
1193.3
1004.1
918.7
735.3
588
513
486.3
507.1
586.3
712.7
858.3
877.3
972.6
1014.6
1101.7
919.4
819.1
710.2
720.6
815.4
843.2
925.4
981.5
1071.8
1078
1238
1286.7
1390.7
1553.8
1621.9
1750.1
1962
2125.4
2189.2
2098.1
1952.9
1851.4
1650
1296.1
979.5
761.6
583.5
510
510
501.7
492.6
541
490.9
518.1
534.3
598
575.2
631.6
740.6
780.3
851.1
929.7
927.1
939.4
881.5
833.6
794.7
629.6
532
457.1
412.6
392.2
398.2
428.8
542.6
511.5
540.7
595.7
583.5
658.9
682.8
756.7
784.7
822.3
948.2
925.3
1014.4
1043.5
1001.9
945.1
945.2
946
895.8
848.4
797.1
845.2
865.6
915.9
999.5
1080.3
1217
1191.8
1152.3
1113
1078.2
1004.1
961.7
781.8
659.9
629.9
586.6
588.1
481.7
479.3
483.5
480.2
464.3
417
517.6
434.8
405.5
450.1
429.1
467.5
486
519.8
683
585.4
628.3
621.6
676.8
732.6
763.4
805.6
791.6
853.5
928.8
974.1
1040.8
1059.5
1098.2
1303.7
1302.1
1379.1
1403.5
1534.2
1621.1
1732.3
1829.7
1894
1899.9
1867
1862.8
1880.5
1822.6
1689.6
1595.4
1477.9
1409.6
1305.3
1188.9
1037.7
968.7
847.3
806.6
779.1
734.6
666.9
619.6
630
598.1
561.5
494.8
478.5
514.6
498
541.4
600.4
650.9
516.5
480.6
520.7
470.2
466.1
469.6
458.2
455.1
463.4
485.5
477.9
448.5
469.6
484.8
477.3
457.2
457
541.1
496.2
464.5
472.6
553.9
570.3
581.2
722
674.1
646.3
622.5
647
586.6
579
637.9
575
638.9
715.1
787.9
884.2
1022
1174.2
1190
1310
1482.9
1563.9
1621.1
1661.2
1766
1811.3
1888.8
1882.9
1960.9
1976.3
1978.5
1972.1
1949.9
2014.2
2085.3
1992.8
1991.7
1978.5
2042.3
2112.1
2113.4
2115.6
2178.5
2206.3
2199.1
2153.9
2075.1
2106.2
2000.2
1973.9
1931.6
1969.9
1954.4
2033.4
2035
2068.1
2029.2
2050.9
2085.3
2110.8
2129.7
2096.2
2021.7
2142.3
2065.8
2044.7
1990.7
2034.6
1999.2
2021.5
1966.3
1957.4
1940.2
1933.9
1881.3
1842.8
1759.3
1735.3
1584.8
1499.5
1457.4
1418.8
1458.6
1414.7
1547.1
1486.8
1517.2
1589.4
1665.2
1691.6
1733.9
1643.6
1625.7
1546.4
1529.1
1428.8
1401.5
1327.6
1329.8
1209
1176
1197.6
1153.5
1137.8
1236.3
1241.1
1259.3
1229.4
1302.5
1256.9
1207.6
1212
1222.9
1203.6
1142.9
1167.5
1100.5
1139.5
1102.5
1102.5
1088.2
1104.9
1175
1281
1318.3
1295.2
1308.7
1272.4
1284.1
1244.5
1186.4
1074
1008.8
1042.3
788.6
734.4
712.3
600.2
616.5
609.8
620.6
625.2
647.3
684.4
591.9
758
690.6
709.4
709.9
694.1
784.7
810.2
808
834.1
838.7
944.7
933.6
968.8
978.8
1028.6
1096.7
1089.9
1106.2
1164.7
1221.9
1201
1274.1
1282.9
1351.6
1508.7
1552.7
1710.5
1798.7
1980.3
2169.3
2422.8
2749.9
3202.7
3686.3
4178.5
4790.3
5214.4
5561.9
5675.1
5779.6
5908.6
6096.6
6151.8
6215.8
6391.6
6443.4
6372.4
5947.6
5647.9
5433.6
5250.6
5259.8
5406.9
5793.8
6369
7072.1
7671.2
8072.6
8338.1
8502.8
8612.2
8787.4
8810.7
8844.3
8890.4
9096.6
8995.2
8660.4
7860.4
7307.4
6748.9
6499.6
6319.6
6482.7
6962.1
7530.2
8202.4
8724.6
9237.6
9431
9554
9570.8
9644.2
9861.1
9926.1
10001.1
10171.6
10153.1
9701.1
8834.6
7974.6
7352.8
6837.5
6581.2
6588.6
7094.2
7663.1
8283.4
9032.3
9568.5
9857
10072.2
10055
9999.6
10070.2
10284.9
10435.3
10483.3
10648.5
10280.2
9756.2
8799
7670.9
6915.1
6431.9
6130
6283.6
6625.5
7085.3
7599.8
8237.7
8937.4
9210.8
9323.1
9242.1
8973.2
8925.4
9161.3
9377.5
9442.3
9573
9432.3
8898.5
8222.1
7081.5
6408.5
5682.9
5411.1
5448.1
5837.6
6247.1
6755.4
7354.4
7992.3
8675.6
8882.2
8871.9
8620.2
8422.1
8467.8
8639.9
8964.1
9017.7
9256.8
9182
8809.1
8110
6938.2
6252
5461.6
5157
5267.5
5501
5712.9
6120.8
6630.6
7085.2
7745.2
8095.2
8195.2
7883.3
7538.9
7329.7
7351.4
7659.7
7826.1
7743.3
7806.4
7498.8
7337.4
6240.1
5075
4380.8
3614.7
3374.2
3256.3
3360.5
3250
3299.5
3461.4
3687.6
4120
4155.3
4302.1
4120.9
3940.3
3839.8
3869.2
4049.5
4350.9
4285.5
4466.5
4212.5
4095.4
3679.8
2980.2
2554.4
2196.9
2142.4
2175.8
2248.2
2355.3
2378.8
2446.7
2624.9
2862.1
3041.5
3015
3008.5
2880.7
2746.8
2671.5
2645.1
2836.8
2786.8
2711.9
2727.1
2676.9
2470.2
2293.7
1933
1683
1621.5
1620.5
1589
1625.9
1759.4
1885.7
2062.4
2262.1
2596.2
2959.2
3202.8
3472
3647.4
3707.2
3654.3
3422
3516.9
3454.3
3614.9
3596.6
3702.9
3578.6
3393.4
3369.1
3325.8
3046.4
2500.7
2237.3
2224.1
2334.9
2333.5
2335.8
2422.1
2665.8
2958.6
3312.6
3765.3
4263.6
4736.3
5352.6
5765.7
6131.1
6200.8
6018.9
5663.2
5618.8
5770.4
5868
6098
6207.7
6022.9
5661
5618.8
5606.3
5198
4341.3
3560.2
3283.3
3441.3
3500.6
3437.3
3403.1
3547.7
3779.6
4235.6
4752.8
5430.5
6104.6
6945.5
7693.2
8230.4
8781.5
8867.9
8625.8
8014.1
7768.2
8281.6
8483.1
8722.7
8986.7
8713.4
8190.6
7867.4
8072.2
7686.9
6513.3
5073.7
4633.9
4798.5
4985.6
4802.1
4673.7
4667.8
4925
5450.5
5961.4
6708.4
7477.5
8364.6
9438.8
10375.7
11069.1
11725.9
11778.3
11289.7
10603
10320.1
10891.7
11247.9
11683.2
12141.6
11715.1
11079.8
10369.4
10813.6
10458.9
8876
6733.4
6009.6
6207
6340
6311.6
6139.6
6177.7
6199.9
6900.8
7464.2
8350.7
9357
10513.4
11756.5
13032.7
14196.1
15019.4
15753.4
15538.8
15018.7
13994.3
13910.2
14613
15101.5
15601
16031.2
15620.6
14815
13894.5
14483.5
13979.2
12016.7
9231.4
8129.4
8507.8
9484.6
13081.9
18410.1
20540.1
19200.3
13600.9
11207.1
11391.7
12288.8
13494.5
15042
16685.6
18161
19422.3
20497
21060.3
20641.5
19722.2
18680.2
18765.3
19534.2
20239.3
20906
21404.9
20771.5
19694.1
18665.6
18882.2
18107.8
15520.2
11940.7
10118.6
9719.5
9797
9703.5
9345.5
8869.4
8556.9
8735.2
9291.4
10023.7
11013
12196.2
13424.5
14830.9
16125.1
17468
18479.3
19381.3
19506.7
18964.1
18164.8
17417.9
17421.4
18051.3
18304.3
18890.5
19088
18528.2
17767.8
17098.1
16815
16011.2
13627.2
10766.4
8880.2
8007.1
7812.3
7620.9
7400.6
6844.2
6624.1
6333.2
6511.9
6856.8
7342.9
7940.9
8618.8
9510.7
10384.9
11348.9
11972.7
12700.9
13058.8
13317.4
12909.5
12494.6
12054.4
12077.7
12130.9
12461.1
12764.7
12851.3
12538.2
12131.4
11573.9
11163.7
10470.1
9128.4
7505.2
6114.6
5348.8
4808.1
4483
4217.6
3841.9
3524.3
3271.8
3164.8
3116.4
3195
3441.1
3608.7
3844
4249.6
4478.9
4817.9
5060.8
5280.9
5411.3
5529.5
5387.7
5201.5
5078.6
5038.9
5073.8
5091.6
5196.6
5208.9
5134
4924.5
4806.7
4524.2
4260.5
3769.5
3181
2659.9
2245.8
1881.5
1653.8
1456.6
1318.4
1134.1
1007.4
816
793.1
645.8
591.7
588.8
488.7
526.7
485
548.7
516
472.4
478.2
472
435.8
447.2
471.5
472.3
489.1
411.4
450.3
450.9
541.6
462.4
493.6
493.6
541.3
580.1
498.1
678.2
574.8
504.6
522.1
594
543.3
644.4
602.2
641.6
593.7
657.3
753.9
758.3
879.4
854
844.8
862.3
830.3
829.4
812.3
854.3
892.5
1013.9
946.3
977.7
1003.1
1079.8
1159.9
1167.3
1217.4
1275.5
1393.1
1495.7
1733.7
1804
1940.3
2111.9
2404.5
2573.5
2766.3
2957.2
3203.8
3977
5788.5
6193
5282.2
2954
1506.6
1336.3
1361
1541
1493.4
1608.2
1740
1901.1
2123.2
2366.3
2609
2912.6
3361.9
3708.4
4238.8
4713.9
5395.9
6005.9
6753.9
7508.4
8480
9413.5
10413
11620.5
12825.6
14046.2
15155.3
16489.4
19350.4
25248.3
30979.2
31196.9
24508.3
13950.8
7076
4515.8
3756
3421.2
3158.1
2961.1
2716.4
2607.5
2636.7
2561.6
2566.2
2531.3
2651.5
2596.4
2731.4
2801.6
3007.6
3142
3396
3648.1
3941.4
4237
4585.9
4957.1
5355.8
5802.2
6299.1
6679.3
7105
7431.8
7633.8
7974.2
8037.9
8265.4
8392.5
8402.8
8437.9
8567.5
8711.6
8692.4
8632.4
8594.5
8654.2
8496.2
8357.8
8069.5
7916
7656.9
7351.4
7089.5
6716.4
6440.5
6184.7
5867.4
5626.9
5336.4
5182.1
5059.7
5115.3
5132.2
5279.8
5596.5
5782.7
6159.5
6563.2
7071
7568.5
8228.7
8906.4
9644.3
10412.3
11246.3
12149.7
13119.1
13823.6
14426.6
14967
15233.3
15472.3
15584.6
15790.5
15631.7
15612.1
15654.6
15713.9
15712.7
15623.5
15477.9
15405.6
15442.5
15205.8
14762
14437.4
14051.9
13877.6
13457
12827.7
12424.5
12104.7
11681.5
11427.9
11139
11124.6
11180.4
11373.5
11440.5
11475.2
11538.6
11618.3
11539.2
11414.7
11249.4
11290.9
11318.4
11442.7
11663.7
11946.6
12529.8
13389.6
14135.7
15037.9
15998.2
17016.4
17996.5
18671.5
19473.5
20248.9
20991.3
21716.4
22104.1
22651.8
23282.2
23935.5
24294.1
24574.5
25037.5
25592.9
25954.8
26603.2
26932.7
27456.1
27572.1
27800.1
27452.6
26928.3
26034
24470.3
22944.9
21248.2
19596.2
18044.7
16612
14896.7
13493.8
12099.4
10906.7
9931.7
9343.2
9053.2
9094.5
9238.3
9452
9914.1
10287.9
10861.8
11598.3
12600
13343.5
14406.9
15559.4
16681.2
17880.3
19118.2
20339.6
21480.1
22613.5
23807.6
24943.4
26086.3
27350.6
28740.5
29953.4
31143.5
32120.4
32634.8
32674.4
32312.6
32128.8
31125.7
29875.3
28672.2
27325.8
25858.7
24563.6
22974.2
21237.8
19548
17774.3
16104
14527.9
13269.4
12161
11299.3
10433.9
9749.9
9122.3
8622.4
8245.9
7878.8
7588
7441.3
7415.7
7454.8
7631.1
7812.4
8104.8
8386
8768.3
9337.6
9995.1
10527.2
11107.9
11903.9
12698.6
13369.4
14041.5
14627.1
15058.4
15572.3
15941.8
16389.7
16594.8
16822.8
17201.5
17262.2
17368.6
17551.7
17646.6
17553.3
17385.1
17207.2
17034.7
16661.3
16462.3
16015.6
15463.8
15004.3
14699.2
14343.9
14181
14178.2
14116.1
14078.3
14032.3
13776.8
13597.6
13216
13001.6
12005.4
11317
10630.7
10069.2
9463.4
8797.2
8222.2
7751.7
7141.1
6519.1
5969.2
5432.8
4918.7
4365.9
3798.4
3325.4
2945.3
2744.3
2479.7
2404.7
2224.9
2303.4
2230.8
2330.8
2307.1
2356.4
2450
2511.3
2632
2765.1
2849.7
2985.3
3138.1
3214.5
3389.4
3575.1
3807.2
3978.3
4207.8
4268.5
4322.9
4358.2
4411.2
4471.9
4396.1
4324.9
4199.1
4115.4
3891.6
3736.6
3579.2
3487.5
3214.2
3213.7
2817.4
2592.6
2368.3
2321.4
2049.3
1880.1
1697.7
1509.9
1447.4
1366.2
1346.9
1357.2
1363.3
1308.1
1340
1418.1
1544.9
1582.5
1620
1733.9
1858.6
1986.3
2136.9
2291.2
2443.2
2725.4
2819.7
3103
3394.3
3666.4
3978.1
4233.5
4429.4
4548.6
4621.5
4806.8
4761
4757.6
4729.6
4708.7
4651.3
4585.4
4501.9
4240.9
4081.2
3956.2
3788.3
3498.3
3204.5
2935.8
2707.3
2542.3
2307.7
2033.4
1738
1668.3
1464.2
1356.8
1273.6
1218.5
1201
1171.3
1152.9
1110.4
1166.8
1094.2
1083
1099.9
1097
1152.5
1150.1
1245.1
1300
1295.8
1428.5
1438.3
1552.9
1636
1783.2
1898.8
2141.7
2363.1
2528.6
2763.9
2808.6
2881.6
3069.7
3044.3
2987.4
2977.3
2944.4
2947.9
3008.4
3171.7
2827.7
2720.9
2651.8
2591.7
2439.5
2257.7
2084.5
1810.9
1655.3
1601.5
1461.6
1204
1036.1
899
870.6
743.5
634.2
635.4
667.1
675.1
638.5
647.1
678.2
671.7
514.5
604.2
588.2
520.7
598.2
527.8
468.4
452.8
476.3
485.1
404.4
410.8
335.2
302.6
312.2
281.2
293.6
212.9
272.1
157.4
193.7
164
198.8
70.4
185.1
97.4
145.4
169.6
162.9
156.2
202.3
201.3
261.6
242.9
261.7
319.8
303.6
393.2
481
442.9
446.1
477.4
457
426.5
458.2
396.3
445.9
414.4
405.6
386.1
367.1
295.4
314.7
318
315
266.8
311
178
160.5
323.3
89
110.5
106.3
39.4
51.9
28.6
51
4.3
0
20
53.1
72.4
195.1
52.4
10.2
17.3
60
94.1
41.2
68
60.1
69.9
133.6
92
91.2
119.2
159
174.1
167.4
215
253
268.4
293.8
305
339.5
360.1
356.8
342.4
377.8
360.7
371.1
309.8
299.2
275.9
212
206.7
232.7
172.8
154.6
214.1
147.6
102
134.1
135.2
177.4
265.6
394.3
563.7
580.2
579.5
550.9
554.3
541.7
532
557.9
632.6
621.2
509.7
448.6
471
363.3
432.4
346.8
348.4
323.8
263.6
297.6
251.9
239.9
246.7
221
268
295.8
250.3
406.2
286.5
257.6
258.7
223.6
281.4
324.6
248.6
283.8
288
350
393.3
349.4
326
378.8
360.3
281.7
323.3
263.7
300.5
207.1
177.5
203.8
191.1
120.9
142.1