7370.9
6186.4
4187.1
2564
1547.4
1520.1
1818.6
2141.8
2651.8
3323.7
4141
5297.9
6780
8396.9
10409.3
12784.6
15816.7
19134.8
21516.4
21096.2
16166.7
10046.9
4757.6
2219.4
2225.9
2408.1
2781.2
3259.8
4024.6
4940.4
6173.3
7894.9
9718.6
12079.9
14995.1
18373.7
22605.8
28042.2
32807.4
35575.9
32730.2
23279.7
13280.3
4900.1
1695
1433.1
1259.2
1122.9
1089.8
1215.5
1002.9
1001.2
982.5
1186.1
1174.6
1378.8
1518.2
1716.5
2045.7
2406.3
2607.3
2782.1
2509.8
2101.1
1529.6
1144.7
1073.3
1164.2
1339.7
1672.1
2133.5
2678.3
3428.8
4115.4
5095.6
6042.8
6692.4
6758.7
5583.1
4029.7
2591.5
1554.1
1442.4
1743
1718.5
2052.6
2242.5
2384.3
3006
3814.4
4912
6405.8
8018.1
9409.4
11588.1
13990.3
15688.9
16013.8
13581.8
9535.3
5731.1
2599.7
1976.4
2107.2
2284.1
2514.7
2922.2
3407.8
4090.3
4876.6
5914.8
7099.5
8743.3
10639.8
12906.9
15455.2
18566.9
22550.8
27744.1
30704.3
31104.3
27104.8
19022.9
11075.1
4675.5
2164.7
1934
2066.7
2113.6
2400.9
2643.6
3043.4
3534.6
4203.8
5122.5
6015.4
7333.6
8753.3
10429.3
12549.9
15085.9
17817.2
21038.5
25973.5
29999.8
31678.4
30389.7
24237.8
16099.3
8709.6
3615.1
2489.5
2547.9
2667
2937.1
3308.6
3731.3
4424
5082.6
5572
5627.5
5145.1
4070.8
2955.3
2018.8
1619
1577.4
1640.9
1756.6
1955.2
2352.7
2655.5
3207.9
3901
4577.5
5277.1
6049.6
7049.3
8333.5
9094.7
9031.8
8149.9
6125.5
3950.1
2187.6
1380.4
1294.5
1314
1393.1
1421.5
1618
1653.8
1770.4
1979.3
2275.1
2765.5
3504
4320.2
5335
6353.8
7363.2
8600.1
10347.7
12162.2
13341.2
13530.3
12141.5
9202.5
5832.2
3036.6
1654.9
1499.8
1472
1526.9
1608.5
1632.3
1733.1
1994.9
2004.3
2188.9
2471.1
2804
3179.8
3667.3
4306.9
4990.4
5809.5
6843.2
7885.5
9182.9
10667.5
12846.3
14543
15116.8
14377.6
11879
8280.9
4767.9
2090.6
1107.2
949.8
904.4
853.8
899.5
880.3
1098
1151.5
1200.2
1260.6
1365.3
1525.7
1782.6
1895.9
2242.2
2525.7
2891.5
3307.3
3826.2
4388.5
5086.9
5915.8
6809.9
8129.5
9573.2
10476
10503.3
10060.3
8551
6772.2
5045.1
3771.2
3157.2
2694.3
1905.2
1359.4
1144.5
882.5
931
886.7
850.5
890.4
943.8
1033
1129.6
1232.4
1377.2
1553.1
1801.4
2099.5
2303.6
2577.3
2982.6
3575
3985.4
4243
4341.4
3896.8
3177.4
2150.1
1285.4
692.8
517.8
479
453.3
520.5
531.2
530
613.8
662.7
682.6
932.5
728.3
797.9
889.9
1036.6
1329.1
1410.4
1729.4
2021.8
2328.6
2672.9
2984
3531.4
4279.1
5067.4
5376.9
5553.7
5023.2
4181.3
3038.3
1947.7
1225.4
1085.9
1091.2
1078.1
1020.8
967.3
961
791.7
790.6
715.3
737.6
788.5
823.6
838.8
952.2
1022.8
1126.1
1216
1494
1533
1673.8
1940.9
2195.9
2481.6
2860.7
3199.3
3726.5
4341.7
5043.7
5359.9
5318.3
4909.5
4242.7
3222.1
2033.7
1155.8
716.1
606.2
566.7
621.4
652.6
604.5
672.6
681.7
721.1
739
749.2
841.2
838.7
865
915.2
993.2
1049
1179.8
1380
1462.2
1680
1911.1
2228.4
2540.9
2798.9
2925.1
3063.4
3076.6
2968.6
2913.5
2924.6
3023.2
3154.5
3066.7
2819.5
2571.4
2029.8
1455.9
1037.6
682.4
670.2
636.4
692.6
746.9
783.6
814.3
924.4
999.1
1158.3
1259.7
1419.7
1524.9
1672.2
1936.8
2247
2480.5
2511.3
2427.1
2247.1
1922.2
1486.8
994.4
648.5
487.6
536.4
524.5
481.6
476.7
512.7
529.5
582.2
500.1
524.4
584.2
591.1
649.3
685.7
623.3
583.7
639.7
727.4
710.9
762.3
860.5
991.1
1110.4
1374.4
1440.2
1613.6
1748.1
1978.4
2243.1
2593.3
2984.2
3080.7
3081
3020.8
2870.7
2576.5
2148.6
1933.8
1675.4
1616.1
1532.2
1484
1249.9
1124
884.5
675.5
550.7
504.6
578.1
621.2
794.9
939
1008.4
1060.4
1138.7
1234.6
1057.8
923.9
813.6
770.9
859.5
915.1
990.6
1040.8
1123.6
1172.8
1300.3
1368.2
1434.1
1591.1
1696.8
1804.1
1958.3
2186.3
2286.6
2275.5
2127.3
2023.6
1804.8
1424.6
1126.8
853.5
629.6
559.3
566.9
548.1
529.9
578.2
495.3
562.4
564.9
626.2
588.6
662.2
722.2
819.9
859.1
957.4
997.4
985.8
928.3
879.1
863.4
696.1
589.8
504.5
488.6
443.3
459.2
467.3
600.2
583.3
602.5
654.1
649.6
691.3
727
820.5
808.3
862.6
959.5
952.3
1060.7
1116.9
1064
1014
1001.9
998.3
956.5
881.5
841.1
895.1
907.5
963.3
1050.4
1110.1
1236.7
1275.6
1245.7
1204.9
1131
1093.2
1036.6
876.8
773.1
671.6
667.7
672.9
572.6
541.9
536.3
513.8
541.6
452.2
544.2
462.8
486.7
465.4
459.4
501
540
544.2
713.4
640.7
657.7
649.4
719.9
786.2
814.3
855.8
866.8
923.4
982.8
983.4
1078.9
1081.5
1161
1341.2
1307.5
1403
1458.4
1611.5
1659.8
1798.6
1867.8
2014.1
2026.3
2006.8
2044.8
2026.9
2039.5
1914.1
1817
1683.1
1545.8
1428.4
1327.9
1138.1
999.8
886.9
825
795.6
718.6
662
635.6
648.4
610.7
610.1
509.3
505.8
508.7
517.6
581.1
607.3
689.7
585.8
533.1
532.8
479
497.1
511.4
487.6
472.3
516
522.3
514.6
466.8
496.8
498.3
509.3
501.5
480.5
584.6
527.3
485.9
515.2
592.9
542.1
631.2
776.3
729.4
677
679.6
704.4
633.6
587
655.7
596.9
665
749.5
815.9
909.5
1017.5
1183
1198.9
1334.4
1526
1582.8
1689.2
1723.6
1767.8
1890.8
1930.7
1934.6
1996.9
2050
2052.2
2005.8
1985.3
2049.1
2143
2077.8
2024.8
2036.3
2061.2
2157.3
2164.8
2178.3
2201.2
2214.3
2228.2
2203
2160.8
2111.4
2026.3
2007
1994.9
2010.9
1944.4
2063.7
2030.7
2087.9
2046
2089.3
2123.5
2122.5
2159
2098.1
2077.7
2124.5
2078.5
2062.7
2002.7
2021.8
2001.7
2035.6
1986.7
1965.2
1945.5
1952.6
1902.4
1854.4
1813.4
1754.9
1639.5
1579.6
1459.8
1466.3
1473.5
1421.6
1522
1509.5
1571.2
1582.4
1639.6
1715.9
1653.4
1644.9
1650.3
1595.7
1554.7
1504.3
1431.6
1396.9
1349.2
1287.9
1236.1
1212.6
1199.3
1200.4
1223.9
1306.2
1327.1
1277.6
1360.4
1294.2
1279.5
1288.5
1298.2
1255.7
1210.4
1265.1
1200.4
1229.2
1210.9
1188.2
1174.9
1220.7
1244.6
1350.8
1418.6
1444.9
1401.7
1411.9
1412.9
1414.9
1330.6
1260.9
1145.9
1136.5
864
798.2
786.1
670.7
667.5
658.4
684.4
681
667.1
739.2
633.4
775.3
766.9
738.5
737.3
778.5
887.6
844
878.5
907.8
894.6
1041.7
1009.7
1067.7
1059.8
1147.7
1180.5
1229.7
1224.1
1268.5
1296.5
1287
1337.4
1322.6
1406.1
1530.1
1602.2
1717.6
1797.9
2015.5
2202.6
2402.2
2685.8
3107.8
3617.7
4032.5
4658.3
5150.4
5518.4
5680.9
5729.8
5860
6012.6
6103.3
6179.5
6350.1
6456.9
6430.7
6126
5762.7
5523.8
5269.3
5256.8
5323.1
5640.5
6222.2
6935.5
7540.7
8018.7
8401.3
8463.5
8583.8
8745.2
8832
8936.9
8897.5
9027.5
9105.7
8907.8
8042.8
7427.3
6873.6
6561.5
6284.1
6395.5
6808.3
7414
8030.2
8657
9228.8
9404.9
9574.2
9581
9630.7
9763.3
9969.7
9956.5
10191.7
10292.9
9862
9130.7
8205.5
7523.8
6957.4
6593.5
6604.8
6949.3
7569
8177.3
8830.3
9538.1
9942
10168.7
10140.4
10093.8
10105
10301.9
10516.5
10556.6
10703.2
10559
10044.9
9194.4
7998.8
7158
6611.9
6218.2
6226.4
6600.1
6990.3
7499.5
8110.6
8892.3
9306.9
9419.4
9442.7
9097.2
8977.3
9121.7
9390.9
9511.4
9642.5
9654.1
9117.1
8646.8
7435.2
6565.5
5896.5
5513
5472.2
5878
6133.5
6697.1
7271.9
7913.6
8658.6
8965
9151.2
8922.5
8613.9
8641.2
8636.1
9152.1
9211.2
9449.2
9419.3
9118.1
8631.1
7473.8
6613.5
5745.2
5367.7
5409.5
5678.3
5816.1
6140.7
6718.5
7186.1
7823.9
8303.4
8442.1
8335.9
7887
7628.8
7558.4
7803.8
8118.1
8028
8051.7
7883.1
7736.5
6853.6
5541.7
4773.3
3977
3582.7
3439.6
3507
3382.4
3338.2
3460.6
3687.9
4177.4
4221.6
4385.6
4263.5
4062.1
3944
3994.1
4046.4
4419.9
4414
4614.1
4380.1
4222
3969.8
3305.8
2759.8
2372.1
2177
2259.9
2299
2362.8
2431.9
2428.8
2653.6
2834.3
3044.3
3092.3
3102.8
2952
2783.9
2683.7
2703.7
2847.5
2837.8
2797
2763.5
2697.5
2553.8
2428.9
2039.8
1753.5
1668.7
1602.8
1583.8
1618.2
1770.8
1817
1983.3
2221.3
2450.5
2876.7
3105.6
3399.1
3591.3
3712
3643.5
3458.5
3486
3424.1
3527.4
3614.4
3721.3
3669.1
3419.6
3376.8
3359.9
3162.3
2667.4
2289
2228.1
2375.5
2370.7
2358.2
2369.9
2601.6
2849.2
3254.4
3654.4
4087.2
4630.6
5206.2
5652.1
6070
6154
6129.7
5745.6
5586.5
5707.4
5840.9
5994
6229.7
6141
5781.7
5578.1
5650.9
5338.4
4687.1
3683.2
3341.3
3426.2
3511
3475.2
3388.2
3513.5
3688.6
4160.8
4611.4
5291.8
5917.3
6758.5
7472.7
8109.1
8637.5
8928.5
8733.9
8255
7825.1
8083.3
8478.8
8699.9
8983.3
8855.7
8435.4
7961.1
8022.8
7944.5
6969.4
5516.2
4688.5
4806.2
5053.3
4922.5
4688.1
4744.6
4809.4
5309.6
5845
6580.1
7326.6
8124.8
9246.6
10261.8
11047
11639.3
11916.9
11569.8
10962.3
10477.3
10827.7
11349.2
11628.2
12136.2
11959.9
11469.2
10702.3
10840.9
10872.3
9594.3
7388.2
6173.7
6252.2
6359.4
6461.1
6268.4
6239
6252.5
6762.1
7425.8
8171.6
9251.2
10349.1
11510.1
12874.5
14077.1
15057.3
15868.6
15860.1
15445.4
14569.7
14055.2
14613.1
15290.4
15585.3
16257.4
16112.2
15346.2
14287.4
14519
14541.3
12948
10289.3
8473.5
8617.9
9348.7
12139.7
18039
21439.6
21154.3
16106.6
12127.9
11655.3
12276.5
13440.9
14958.7
16632.1
18118.9
19538.4
20618.3
21494.4
21273.2
20544.7
19371.2
19159.9
19838.4
20498.5
21134.2
21804
21512.9
20519.1
19390.8
19282
18963.7
16831.6
13304.7
10733.4
10014.6
9994.6
9915
9717.5
9117.4
8791.1
8823.4
9259.4
9973
10931.1
12085.3
13291.7
14683.9
16127.6
17431.6
18595.1
19492.8
19831.1
19582.8
18899.6
17952.5
17837.7
18298.2
18644.9
19194.2
19563.7
19209.8
18397.9
17666.5
17235.2
16644.1
14750.9
11885.3
9630.3
8503.2
8094.5
7842.7
7662
7110.4
6833.7
6513.7
6599.8
6893.2
7291.3
7943.2
8594.6
9497.5
10317.3
11278.7
12062.3
12846
13162.4
13539.2
13347.8
12942.9
12461.8
12321.9
12435.4
12666.8
12951.6
13096.3
12895.4
12565.9
12015.4
11567.7
10979.6
9796.8
8177.4
6707.4
5735.5
5097.3
4609.6
4431.3
3990.1
3737.7
3474.2
3248.7
3197
3250.1
3478.7
3641.4
3872.3
4303.5
4527.4
4828.3
5119.9
5376.1
5545.5
5638
5555.5
5374
5283.9
5210.9
5189.2
5192.8
5366.8
5315.3
5302.3
5077
4991.7
4670.1
4486.2
4012.8
3459.2
2927
2450.2
2043
1775.8
1585.1
1404.8
1253.3
1105.6
899.7
837.3
667.2
603
642.1
513.1
540.3
487.7
565.8
546.8
497.2
500.8
486.7
485.7
471.2
473.4
500.6
527.6
458.5
495.6
458.5
562.1
478.3
507
521.4
561.3
617
532.1
692.1
606.2
528.9
557.3
627.3
554.6
663.5
613.3
639.2
609.7
656.7
769.4
791.1
887.2
929.9
903.6
901.9
880.7
869.1
827.4
892.2
903.5
1019.6
954.4
998.2
1028.6
1073.7
1165.9
1170.8
1247.8
1303.2
1410.2
1486.8
1761
1849.6
1951.3
2127.9
2373.7
2614.5
2757
2984.5
3180.1
3707.5
5360.2
6414.2
5848.4
3871.5
1730.2
1388.1
1379.1
1539
1521.7
1606.7
1760.6
1946.8
2094.2
2384.4
2583.1
2913.3
3325.1
3700.6
4169.5
4703
5299.4
5987.1
6704.5
7487.9
8435.5
9443.5
10465.6
11640.3
12901
14165.8
15337.4
16602.8
19009.2
24333.3
30666.7
32832
28279.1
17970.3
9267.3
5241.7
4033.2
3593.1
3323.8
3088.8
2829.3
2699.5
2683.2
2581
2656.5
2595.4
2719.1
2612.6
2773.1
2835.4
3024.4
3150.3
3380.1
3624.6
3990.8
4266.8
4584.3
4956.4
5386.7
5835.4
6272.5
6725.4
7132.4
7538.9
7686
8100.5
8150.6
8457.8
8559.5
8584.5
8666.7
8817.9
8901.2
8858.8
8838.9
8867
8831.9
8833.3
8610.9
8365.8
8215.1
7886.5
7632.3
7375.3
6969
6692.6
6377.6
6089.7
5813.9
5540.8
5364.6
5200.9
5279.9
5269.8
5375.7
5663.9
5840.4
6153
6518.5
7101.2
7618.7
8130.9
8871.2
9595.4
10372.3
11146.4
12099.9
13073.3
13787.9
14520.9
15091.5
15433.4
15716.9
15871.2
16157.5
16044.2
15971.4
15995.2
16013.8
16082.5
16075.8
15882.2
15768.1
15842
15706.8
15258.9
14850.2
14440.8
14334.3
13903.6
13362.1
12841.2
12479
12120.5
11788.4
11447.9
11356.3
11409.9
11535.4
11667.7
11672.8
11688.1
11802.8
11796.4
11666.6
11469.4
11539.4
11570.2
11672.2
11885
12119
12633
13418.1
14157.9
15071.6
16102.4
17061.8
18047.7
18868.2
19752.1
20476.3
21210.2
21950.9
22392.7
23030.5
23617.8
24242.5
24687.4
25136.4
25564.4
26030
26476.2
27085.2
27521
28098.1
28284.7
28547.8
28296.9
27915.5
27081.7
25631
24194.7
22461.8
20697
19110.4
17688
15823.9
14442.1
12907.4
11683.5
10592.4
9841.3
9338
9261.6
9436.4
9596.4
10038.9
10456.5
11066
11748.6
12689.2
13405.9
14481.5
15644.8
16814.7
17998.4
19217.1
20542
21723.9
22840.1
24182.4
25305.6
26477.5
27841.7
29244.9
30517.8
31745.9
32999
33701.7
33722.5
33485.2
33296.3
32476.9
31305.1
30091.7
28785.8
27322
25885.7
24383.3
22627.3
20897.7
19097.4
17235.4
15592.5
14156
12902.3
11943.7
10987.1
10239.8
9615.1
9093.7
8630.2
8256.4
7856.6
7711.6
7644.9
7663
7743.9
8037.3
8249
8520.9
8864.9
9426.6
10086.1
10606.9
11244.6
12012.6
12798.9
13438.2
14107.7
14754.5
15294.6
15924.6
16313.4
16688.3
16895.5
17286.4
17508.9
17641.6
17787.5
17944.8
18147.6
18079.6
17999.6
17764.2
17683.8
17261.6
17020.6
16587.9
16056.4
15582.8
15115.7
14822
14624.2
14393.9
14334.5
14281.9
14218.5
13972
13765.2
13360.3
13250.5
12220.3
11488
10836.9
10171.8
9604
8928.4
8366
7846.8
7237.9
6628.4
6047.2
5522.6
5092.4
4532
4000.2
3472.3
3050.5
2850.4
2583.3
2426.3
2310.6
2340.5
2245.5
2342.9
2300.6
2382.9
2423.4
2560.3
2646.6
2784.2
2835.9
3023
3160.4
3209.5
3409.6
3606.6
3789
3936.5
4255.9
4324.6
4373.4
4398.4
4440.6
4561.2
4485
4465.3
4347.7
4237.6
4017.9
3838.7
3704.9
3612
3400
3374
2977.4
2797.4
2506
2387.8
2176.9
1999.3
1798.9
1622
1520.7
1435.5
1428.8
1420.8
1420.4
1360.9
1375.1
1416.2
1548.6
1610.6
1676.5
1719.7
1871.5
1986.1
2161.4
2308.8
2529.2
2724.6
2845.1
3119.5
3376.9
3666.1
4018.4
4238.6
4514.4
4661.3
4741.7
4941.5
4904.5
4895.4
4911.9
4900.7
4843.3
4753.1
4698.5
4461.2
4259.5
4137.3
3972.7
3716.2
3436.7
3116.5
2896.5
2683.4
2481.7
2209.9
1924.7
1762.9
1552.5
1455.5
1321.8
1263.7
1253.2
1220.4
1217.3
1158.8
1175.6
1124.7
1120.4
1129.8
1120.7
1210.5
1143
1282
1344.9
1324.1
1488.2
1489.6
1626.7
1691.2
1818.8
1940.8
2162.3
2396
2577.7
2797
2928.2
2983.2
3197.4
3239.2
3139.6
3072.8
3053.6
3118.1
3144.4
3359.1
2991.6
2884.5
2810.2
2743.3
2627.8
2454.4
2257
1993.5
1782.1
1698
1611.5
1334.1
1133.4
984.1
913.4
787.6
693.2
663.6
698.2
685.1
686
641.3
692.3
662.7
514.5
610.3
568.1
529.4
625.1
503.5
465.5
466.4
483.8
462.4
459.8
420.4
350.7
298.2
293.3
310.2
300.6
236.3
299.6
177.5
204.4
186.9
186.4
98.2
192.2
96.7
130.8
158.4
183.3
137.5
212.3
222.9
245.8
224.6
253.5
322.2
325.9
392.5
457.4
424
449.4
475.9
446.5
404.5
454.5
414.4
447.3
415.3
397.8
415.4
349.2
329.9
323.9
316.4
314.9
261.7
353.6
185.4
180.7
341.2
131.2
107.3
158.9
56.9
53.3
54.7
31.6
4.7
0
47.2
33.8
68.7
208.9
78.7
13.7
23.6
45.8
101.2
47.2
46.3
69.6
87.8
116.2
86.8
70.3
145.3
153.6
179.4
151.1
185.4
272.7
244.2
292.5
317.1
359.5
354.9
373.2
333.7
382.9
351.1
378.6
299.1
349.8
298
219.3
200.6
260.9
171.9
156.8
207.7
199.4
86.4
145.3
125.3
161.1
213
367.7
511.4
531.1
570.2
543.4
525.5
505.1
511.4
514.3
636.4
594.4
518.8
486.3
488.2
383.6
472.8
350.9
328
351
291.1
298.7
268.5
262
252.5
235.3
262.9
251
279.6
436.5
272.8
250.2
269.9
262
285.7
334.7
269.4
333.4
317.5
350.3
421.6
389.6
378.6
414.5
347.7
309.7
345.4
304.4
306.7
248.7
212.1
223
201.6
146.4
158.8