NaN
NaN
3597.2
1985.5
1100.7
1318.1
1469.8
1785
2273.1
2832.4
3508.7
4441.8
5644.8
7102.3
8990.9
10859.2
13452.1
15891.7
17849.4
18092
14107.4
8554.5
3833.8
1906.9
1790.7
2013.9
2419.5
2836.7
3380.1
4156.1
5260.8
6536.8
8175.9
10423.5
12694.6
15567
19042.7
23185.4
27038.4
30288.2
28757.2
20737.3
11415.7
3782.9
1361.6
1042.9
944.8
907.1
844.6
759
791.4
940
762.5
785.1
861.2
1081.3
1134
1327.7
1553.4
1817
2131.2
2324.1
2027.2
1698.7
1176.5
876.3
790.1
938
979.5
1219.7
1607.3
2146.2
2743.9
3260.2
4026.3
4752.7
5376.2
5652.8
4902.9
3415.7
1990.7
1191.4
1159.5
1191.9
1349
1659.5
1704.6
2104.9
2433.2
2949.9
4075.4
5127.4
6386.9
7766.5
9494.2
11252.1
12987.7
13696
11911.4
8310.9
4768
2209.7
1641.7
1578.3
1820
2102.4
2442.8
2773.6
3307.9
3972.5
4877.9
5917.1
7271.1
8755.4
10673.8
12938.9
15456.4
18400
22586.2
26035.6
27312.3
24273
16828
9552.7
3673.4
1672.3
1630.7
1605.7
1645.3
1967.8
2099.9
2526.3
2899.7
3511.8
4183.6
5019.7
6194.9
7289.4
8988
10660.8
12702.3
15046
17832.5
21532
25531.4
27947.4
27239
21669.9
14250.4
7408.9
2837.6
1977.9
2027.6
2079.6
2350.3
2633.5
2977.3
3438.4
4106.3
4801.2
4844.7
4416.3
3458.3
2420.6
1525.5
1179.9
1176.2
1301.7
1382.4
1491.1
1750
2144.5
2750.9
3160.3
3803.1
4396.2
5057.6
5835.3
7016.5
7851.7
8071.4
7161.7
5240.7
3372.6
1743.9
1039.1
1050.2
1009
1051.6
1125.4
1222.7
1293.5
1478.9
1595.3
1845.8
2278.1
2856.2
3707.9
4606.5
5384.6
6430.3
7276.1
8645.3
10511
11860.6
12062
10741.8
7968
5060.2
2476.5
1292.1
1206
1235.1
1289.3
1251.9
1375.2
1485.3
1545.8
1694.5
2031.1
2119
2409
2754.8
3151.8
3712.7
4330.1
5138.9
5915.9
6857
8021.6
9305.8
11293.3
12899.9
13612.6
12836.6
10485.8
7236.3
3945.1
1590.6
765.7
686.7
715.6
661.6
687.7
706.5
786
774.3
1021.9
1104.3
1172.6
1275.7
1468.7
1650.1
1901.7
2112.7
2538.6
2843.9
3332.7
3855.5
4373.7
5118.8
5915
7037.8
8352.2
9294.3
9451.8
8889.7
7437.4
5851.2
4218.4
3174.5
2733.9
2133.4
1518.2
1071.5
686
648.8
832.3
685.8
720
679.7
667
676.7
762.1
919.1
1080.8
1241.9
1485.8
1671.3
1865.7
2126.2
2437.9
2914.9
3440.7
3814.8
3695.5
3372.4
2764.6
1722.6
1001
361.2
313.2
277.2
267.6
270.3
309
350.5
379.5
398.2
453.5
492.1
510.4
858.2
615
750.2
899.1
1140.3
1563.8
1597.9
1946.4
2291.1
2554.4
2954.2
3553.4
4329.8
4787
4787.3
4359.4
3734.3
2509.6
1505.2
877.6
752.2
769.8
770.1
726.7
707.6
572.7
543.1
558.4
466.6
528.7
535.3
579.1
655
659.1
683.8
843.6
937.7
1029
1185.9
1558.5
1544.6
1765.9
2053
2349
2690.5
3133.3
3633.2
4315.2
4664.6
4709.2
4302.9
3702.4
2682.5
1596.5
787.1
385.2
365.5
429.4
371.4
408
420.1
448
414.2
452.4
505.1
519.6
571
598.5
665
703.9
747.7
772.4
865.5
983
1146.3
1371.6
1494.9
1746.1
2091.2
2422.7
2537.2
2572.5
2536.9
2537.6
2390.2
2398.1
2582.5
2663.4
2625
2419.8
2143.4
1554.5
1122.4
648.8
458.4
515.9
418.3
451.3
393.7
460.8
605
644
700.3
847.7
911.8
1047.4
1208.3
1361.8
1488.5
1752.6
2027.7
2088.3
2027.6
1830.1
1567.8
1134.8
669.3
363.9
234.9
209.1
231
292.3
273.3
271.7
245.5
275.9
253.2
387.9
276
372.4
381.7
392.3
383.5
469.8
388.8
393
441.1
572.4
579.2
661.7
757.5
953.8
1021.5
1307.8
1362.6
1587.9
1748.6
2051.4
2367.7
2543.6
2637.9
2503.2
2345.4
2088.9
1693.3
1363.1
1170.1
1243.5
1139.5
1013
896.8
785.4
576.3
417.4
305.2
233.3
280.4
294.4
529.2
530.8
620.4
687
727.7
770.1
724
673.2
487.1
495.5
546.2
547.2
666.4
722.3
776.3
867.7
980.1
970.8
1147.6
1204.8
1237.4
1425.6
1570.3
1714
1847.8
1868.4
1717.1
1618.3
1424.4
1159.1
827.8
505.7
369.4
353.1
302.7
291.1
324.1
290.3
301.2
341.7
294.1
356.1
389.2
427.8
425.1
504
604.4
708.5
665.5
709.7
664.6
591.6
528.1
420.7
373.5
224.5
188.8
226.5
271
244.2
253.9
314
465.4
375.7
392.3
478.1
470.8
471.8
495.8
624.2
646.9
724.5
812.9
752.7
750.6
781.1
756.5
678.4
617.5
550.4
587.9
548.4
581.4
674.4
677.4
776.8
851.3
867.7
958.5
931.3
820.3
788.4
690.1
576.3
535.1
378.6
327.7
317.6
329
348.4
273.4
265.1
300.1
264.7
278.2
236.7
355.6
231.2
224.5
230.5
262.5
293
362
395.9
563.6
416.8
438.9
450.9
519.4
563.3
606.2
663.3
602.6
711.1
750.3
764.1
885.7
902.6
958.3
1172.6
1113.4
1195.9
1188.1
1423.9
1476.3
1536.6
1539.8
1628.4
1634
1559.9
1505.4
1433.4
1388.3
1221.5
1172.7
1110.5
996.8
826.7
698
569.7
532
513.7
455.2
411.4
422.7
336.1
300.4
376.7
383.9
377.7
267
276.3
281.2
271.8
335.2
420.9
480.5
296.8
233.3
277.8
258.3
246.3
302.3
266.7
229.1
250.4
281.6
306.7
226.2
262.6
254
239.5
227.3
236
416.3
343
287.7
329.3
456.3
392
410
508.1
498.7
413.4
361.3
352.2
326.8
343.9
488.9
436.8
534.8
630.6
685.7
800.7
872.3
1021.2
1080.2
1179.3
1318.7
1343.6
1396.9
1400.5
1524.1
1598.4
1597.5
1602.6
1643.4
1620.5
1603.4
1638.2
1623.9
1676.6
1767.9
1651.5
1653.5
1655.3
1731.7
1804.1
1738.9
1792
1827.9
1813.6
1746.6
1667.2
1646.5
1674.9
1565
1597.1
1549.8
1635.4
1625.8
1789.4
1661.4
1712.4
1682.5
1720.6
1747.5
1656.6
1711
1665.8
1643.4
1730.1
1685.6
1636.3
1629.4
1661.9
1600.9
1603.5
1542.6
1531.8
1578.7
1555.6
1449.9
1363.8
1331
1234.8
1165.7
1124.2
1066.7
1136.5
1183.6
1189.5
1317.4
1244.3
1246
1344.9
1427.1
1376.5
1332
1261.9
1243.7
1164.3
1079.4
1077.8
1013.5
1015.3
971.6
928.5
868.1
918
880.3
945.2
988.6
1052.2
988.5
943.7
1008.9
940.3
923.2
935.1
916.5
937.8
851.6
907.7
844.9
896.1
854.2
871.5
900
955.4
977.8
1078.6
1090
1078.9
1027
1002.9
950.5
922.5
813.7
716.2
590.9
695.4
411.6
407
452.7
378.2
425.7
436.7
400.1
432.4
421.7
514
405.3
538.6
487
515.7
526
533.3
600.2
592.5
604
637.5
648.4
790.5
709.6
792.3
820.9
881
844.9
912.6
900.5
955.5
1013.2
976.7
1073.9
1091.9
1250.4
1383.2
1440
1621.3
1706.5
1942.5
2190.3
2490.7
2937.7
3436.1
3985.9
4380.1
4719
4834.8
5088.8
5093.3
5165.9
5236.4
5389.2
5465.6
5652.4
5612.7
5361.9
5091.1
4723.9
4606.7
4476.7
4481.7
4919
5379.8
5919
6519
7108.8
7360.8
7417.5
7559.3
7556.5
7700.1
7969.9
7863.4
8058.5
8065.3
7669.2
7213.1
6741.9
6081.5
5774.8
5516.4
5554.2
5951.2
6499.5
6994.9
7630.5
8122.2
8316.8
8560
8501.3
8491.3
8572.7
8882.4
8992.4
9043.5
9138.2
8840
8293.6
7411
6732.4
6163.7
5857.5
5755.1
6104.5
6561
7151.7
7765.7
8509.9
8891.9
9054.9
9010.5
8913.5
8929.9
9094.7
9376.3
9419.7
9592.2
9550.6
9076.8
8264.7
7212.2
6578
5808.5
5464.3
5569.7
5810.8
6142.7
6666
7145.4
7810.3
8245.2
8469.2
8476.6
8163.8
8137.4
8005.2
8311.6
8509.6
8557.3
8680.9
8397.3
7933.5
6787
5949.6
5245
4985.3
4833.9
5067.7
5398.4
5876.5
6383
6940
7659.8
7995.2
8148.9
7964.8
7726.4
7637.6
7613.4
8083
8285.1
8334.1
8393.3
8303.8
7783.7
6790.3
5820.1
5147.3
4856.9
4618.3
4879.5
5093.2
5339.5
5683.8
6188.5
6827
7268.1
7438.8
7472.6
7073.3
6731.6
6678.4
6679.7
7100.9
7117.3
7021.3
6915.4
6690.2
6078.1
5320.2
4156.4
3439
3070.4
2961.1
2875.2
2790.5
2922.5
2984.1
3126.7
3350.1
3606
3940
3731.2
3636
3388
3363.3
3391.5
3705.4
3853.5
3907.1
3760
3878.6
3526.2
2934.3
2355
1985.9
1827.6
1815.9
1878.4
1881.7
1945.2
2075
2207.7
2290.7
2542.5
2635.8
2638.4
2447.7
2392.1
2278
2312.8
2238.2
2349.8
2424.7
2288.7
2267.3
2225.6
2065.1
1654.9
1438.5
1281.1
1253.7
1372.9
1366
1354.4
1464.7
1621.7
1822.5
2012.7
2252.4
2562.1
2913.6
3009.7
3173.5
3109.6
2911.3
2888.9
2980.3
3122.3
3116.2
3217.8
3076.9
2907
2872.8
2854.2
2722.3
2347.9
2024.2
1828.1
1929.9
1964.2
2005.3
2008.6
2175.5
2360.1
2715.8
3042.8
3502.6
3938.8
4421.5
4834.2
5208.5
5471.3
5481.2
5084.8
4884.6
4930.1
5163.9
5315.9
5460.4
5420.4
5098.4
4901.4
4889.2
4849.1
4252.1
3389.6
2917
2921.5
3060.3
3043.4
2938.7
3040.6
3176.3
3647.4
3937
4509.3
5103.3
5795.3
6561.5
7168.9
7559.3
7880.7
7866.9
7484.8
7063
7088.7
7513.3
7702.8
7970.9
8057.8
7631.9
7128
6993.8
7190.1
6428.1
5150.5
4176.2
4253.2
4381.1
4398.7
4255.4
4169.4
4245.2
4633.6
5169
5652.7
6409.1
7138
8057.9
8967.2
9719.8
10255.7
10716.3
10392.3
9971.6
9396.4
9569.9
10131.1
10372.5
10750.3
10872.2
10414.5
9658
9598.5
9708.7
8799.2
7119.2
5579.9
5524.7
5684
5840.2
5636.1
5563.4
5609.6
6010.3
6541.3
7151.7
8114.1
9039.6
10180.9
11402.1
12399.8
13295.9
14077.6
14450.3
14130.1
13302.8
12699.6
13037.3
13722.2
13975.1
14624.8
14532.3
14062.8
13198.8
12922
13029.8
12065.5
9863.1
7834.4
7632.7
8023.4
9861.6
14007.8
17475.2
18221.1
15003.3
11288.2
10341
10860.9
11851.2
13079.4
14624.9
16108.1
17444.1
18286.3
19160.6
19293.9
18735.6
17683.9
17185.9
17672.6
18408.2
18803.5
19520
19434.9
18841.6
17728.9
17370.3
17039.8
15657.1
12745.6
10149.8
9251
9034.8
8936.9
8724.9
8437
8134.1
7981
8301.5
8927.7
9717.2
10611
11673.3
13007.4
14277.2
15523.7
16523.5
17451.7
17967.4
17908.4
17134.4
16398.5
16126.4
16325.5
16827
17475.5
17578.9
17468
16819.4
16062.5
15566.5
15200.6
13713.6
11455.3
9183
7902.6
7358
7089.6
6913.7
6529.5
6300.7
5924.5
6023.5
6094.5
6493.4
7007.9
7664.9
8313.9
9178.4
10039.2
10705.5
11440.8
11906.7
12240.4
12111.3
11780.6
11344.4
11205.6
11158.9
11393.8
11659.9
11791.3
11706.5
11363.2
11020.4
10598.6
10077.7
9075.4
7697.2
6441.1
5275.3
4664.3
4392.4
3951.6
3628.5
3357.7
3047.3
2907.1
2824.8
2839.3
2946.9
3102.8
3454.7
3641.4
3939.7
4360.1
4434.5
4765.3
4912.5
5007.2
4953.4
4851.8
4780.7
4609.1
4626.5
4650.9
4781.8
4674.7
4804.3
4588.2
4551.7
4243.8
4028.4
3640.8
3140.8
2663.5
2143.7
1863.8
1618.9
1314.8
1100.4
975.9
881.3
763.3
635.7
484.7
496.5
387.4
313.1
332.2
299.4
295
263.8
373.5
318.6
312.9
309
268.7
270.1
257.2
284
279.9
310.6
279.8
291.3
289.7
411.4
294
286.2
342.1
367.6
402.9
305
482.9
388.6
289.7
334.8
390.5
371.1
505.7
409.8
461.6
417.7
490.6
643.8
647
695.4
559.1
566.2
633.7
668.1
677.1
602.8
669.3
708.5
856.7
751.9
815.1
841.9
875.3
988
1035.9
1049.5
1121.7
1279
1358.4
1674.8
1727.3
1817.6
2004.1
2331.2
2454.1
2547.2
2874.3
3882.9
5334
5187.4
3905.5
1755.8
1150.2
1198.6
1157.4
1209.3
1454.2
1408.2
1519.5
1705.7
1903.9
2122.5
2487.9
2710.4
3066.1
3561.5
3947.1
4502.5
5054.3
5716.8
6338.8
7208.5
7971.4
8889.2
9925.2
10878.9
12022.6
13147.7
14261
15815.8
19433.6
25014.9
28645.7
26766
18913.6
10236.7
5586.2
3763.4
3287.9
2914.6
2733.8
2577.5
2436.9
2275.2
2215.8
2298.6
2241.9
2362.3
2352
2540.3
2475.7
2640.6
2754.7
2960.7
3096.9
3429.2
3661.7
4006.6
4363.4
4694
5067.8
5421.8
5876.6
6264.8
6592.5
6854.6
7155.9
7235.3
7580.7
7603.1
7743
7726.4
7837.6
7937
7901.8
7947.2
7924.1
7928.5
7957.2
7775.7
7498.2
7306.5
7158.2
7026.8
6629.6
6354.4
6075.5
5766.4
5570.9
5308
5055.3
4902.2
4731.7
4741.9
4729.3
4896
4941.6
5225.6
5607.1
5918.1
6224.2
6702.8
7333.9
7784.1
8462.5
9163.4
9919.7
10668
11471.9
12318.8
13138.3
13537.9
13863.3
14165.5
14291.3
14603.8
14590.1
14663.5
14526.5
14622.3
14681.9
14609.1
14456.4
14390.1
14369.2
14256.5
14014.9
13640.3
13273
13009.7
12642.3
12365.9
11942.5
11430
11091.7
10846
10516.6
10427.1
10398
10505.2
10581.5
10687.8
10653.2
10798
10694.5
10595.8
10526.5
10471.1
10557.4
10778.7
10891.3
11093.6
11589.6
12028.5
12727.4
13726.1
14478.4
15389.1
16283.6
17133.4
17805
18345.4
19230.8
19885.2
20453
20998.9
21313.9
22005
22617.1
23098.6
23244.8
23519.4
24046.6
24648.2
24975.7
25563.2
25639
25870.1
25792.9
25495.5
24888.7
23934.8
22487.9
20912.4
19506.2
17986.4
16595.8
15105.5
13855.3
12383.2
11192.2
10182.3
9407.8
8820.1
8715
8625
8861.9
9195.6
9601.4
10103.6
10601.3
11312.5
12215.4
13282.7
14062.6
15113.5
16311.2
17449.7
18457.2
19674.1
20862.9
21842.8
22911.1
24126.8
25180.4
26414.5
27690.1
28896.8
29715.8
30472.6
30933.8
30945.7
30575.7
29980.1
29383
27987.2
26676.1
25495.9
24294.3
22891.3
21461.5
19734.7
18128
16612.2
14989.8
13494.1
12365
11375
10415.3
9736.4
9085.5
8600.7
8113.8
7757.5
7482.5
7295.1
7120.3
7106.5
7116.4
7311.9
7522.3
7869.2
8134.4
8482.8
9016.9
9556.5
10261.9
10839.7
11437.6
12166.2
12934.2
13383.8
13902.9
14445.6
14772.8
15200
15458.4
15889.1
15939.6
16199
16453.7
16472.8
16574.4
16607
16548.1
16386.1
16333.9
16048.5
15876.5
15273.2
14901.9
14457.7
14021.9
13788.6
13474.3
13417.6
13399.4
13455.1
13335
13233.1
13173.2
12811.2
12574
11876.2
11558.6
10556.5
9941.3
9405.5
8817.3
8287
7689.8
7150.1
6630.4
6091.2
5560.1
5074.7
4558.6
4051.9
3423.8
3082.6
2749.4
2474.3
2320.7
2153.2
2123.9
2026.2
2103.6
2077.7
2225.3
2175.9
2226.6
2340.1
2448.1
2524.8
2726.8
2720.2
2880.2
3046.7
3115.2
3336
3593.7
3729.4
3807.7
3942.3
3992.3
4040.4
4045.6
4063.5
4032.8
3897.2
3802.9
3643.3
3598.5
3385
3184
3109.4
2954.9
2767.5
2770.6
2289.7
2140.6
1974.2
1943
1687.4
1531.1
1348.6
1313.5
1259.1
1244.3
1238.8
1270.6
1303.8
1225.6
1295.9
1376.7
1508.3
1552.5
1618.9
1716.7
1878.7
2004.4
2167.2
2306.9
2564.8
2840.7
2939.6
3233.1
3484.8
3713.7
3967.6
4149.1
4310.9
4377.5
4399.7
4587
4399.9
4371.5
4334.5
4285
4237
4094.2
4000.4
3699.3
3556.5
3483.2
3298.4
2904.1
2681.7
2533.5
2325.7
2050.7
1898.9
1657.5
1416.6
1418.3
1192.8
1178.9
1093.8
1079.4
1069.9
1058.5
1072.3
1020.3
1104.8
1028.7
1014.9
1064.4
1090.3
1128.4
1151.3
1242.5
1282.2
1283.8
1495.8
1466.6
1594.3
1733.4
1856.5
1983.3
2249.9
2571.4
2626.4
2777.9
2762.1
2760.6
3012.9
2946.6
2763.8
2748
2773.8
2815.3
2809.9
3063.6
2519.8
2436.5
2423.9
2329.8
2050.5
1870
1774.5
1605.6
1456.5
1320.5
1152.7
951.6
839.7
751.8
721.4
618.9
568.8
564.3
623.4
617.9
603.7
563.8
575.3
605.4
415.1
530.6
502.4
480.3
555.9
437.9
399.7
417.2
382.7
382.7
331.6
319.3
281.6
229.8
233.4
275.7
240.7
130.7
274.2
118
185.6
153.7
165.3
86.9
198
99.4
146.3
169.1
178.2
150.7
229
220.6
265
215.4
265.7
347.4
371.5
447.3
499.1
422.3
468.9
448.9
391.3
367.1
441.9
377.7
441.3
419.9
357.4
381.9
268.4
266.4
274.1
301.8
312.5
230.4
368.3
155.6
141.5
366.4
98.5
115.4
134.4
62.8
69
61.4
39.4
0
3.4
77.2
64.3
97.8
322.7
104.8
36.6
62.2
80.9
143.7
79.5
86.5
132.5
111.9
157.5
121.5
145
182.3
225
210.4
226.6
258
341.8
372.6
351.9
347
378.9
379.3
341.6
334.1
407.9
365.9
358.9
297.8
360
323
229.2
227.4
262.5
200
157.7
257.8
207.5
173.8
211
263.8
291.9
429.4
600.9
723.2
671.8
619.6
601
596.9
558.8
605.1
607.1
712.9
661.8
527.4
424.3
494.6
383.1
517.9
408.9
390.5
362.2
327.7
385.9
324.8
314.5
340.3
295.2
336.7
328.6
336.3
554.2
381.9
318.2
346.5
278.1
391.1
418.4
316.6
386.5
369.6
440.3
532
465.5
409.8
443.6
402.2
305.8
399.6
325.4
322.4
258.1
205.9
229.3
271.1