NaN
4656.2
2844.6
1439.5
1329.4
1457.6
1741.7
2197.5
2697.8
3385.4
4264.5
5409.3
6758.5
8585.6
10474.8
12853.9
15585.6
18149.3
19351.5
16795.2
11188.1
6008.4
2468.9
1877.9
2003.7
2357.7
2699.5
3195.3
3918.9
4925.6
6097.7
7643.2
9727.1
11938
14668.2
17921.8
22056.2
26522.3
30399.9
30718.6
24561.7
15110.1
6816.3
1927
1227
1088.1
1052.4
990.1
901.1
891.3
1042.3
876.4
902.7
989.6
1214.4
1300.2
1483.5
1704.8
1990.7
2363.8
2622.6
2474.9
2162.7
1563.3
1164
938.8
1065.6
1144.7
1345.3
1732.2
2250.7
2840.8
3519.5
4304.8
5047.9
5940.8
6400.1
5953.8
4435.6
2907.3
1651.4
1293.6
1340.5
1453.3
1760.4
1833.8
2166.6
2511.8
2964
4061.8
5184
6475.3
7936.1
9672
11663.6
13636
14756.2
13822.2
10414.4
6505
3370.7
1874.3
1760.3
1904.7
2177.9
2531
2852.1
3415
4065.6
4872.5
5900.1
7208.3
8675.3
10611.4
12856.6
15389.3
18254.6
22587.6
26419.1
28359.1
26595.5
20306.5
12759
6173.6
2241.2
1783.9
1731.7
1800.4
2034.9
2156.4
2562.7
2883.1
3478
4121.6
4933.1
5993
7062.8
8636.3
10331.7
12293.5
14634.9
17207
20723.2
25011.5
27742.6
27959.8
24130
17325
10147.6
4574.3
2325.1
2237.4
2343.2
2610.1
2892.5
3261.8
3765.5
4443.9
5254.3
5449.9
5205.6
4322.8
3172.7
2116.8
1464.8
1346.3
1440.5
1517.9
1635.8
1866.3
2222.1
2821.2
3265
3971.9
4737.2
5414.9
6249.8
7464.5
8464.3
8854.1
8290
6630.1
4574.8
2663
1384.7
1206.7
1170.3
1207.7
1254.4
1351.8
1462
1618.7
1712.9
1962.7
2346.2
2876.9
3628.7
4592.2
5469
6468.2
7383.1
8732.8
10557.2
12101.3
12706.4
11955.3
9669.1
6626.6
3742.6
1746.9
1338.6
1339
1420
1402
1494
1597.2
1649.4
1797.5
2077.9
2171.9
2428.6
2816.2
3209.6
3681.9
4288.5
5055.9
5790.9
6723
7892.1
9053.5
10886.8
12688.3
13780.7
13485.5
11871.6
8870.1
5441.9
2594.3
1041.5
806.2
793
743.8
782.2
782.8
888.2
866
1099
1158.6
1243.7
1315.6
1509.5
1669.5
1943.3
2154.5
2507.7
2820.4
3255.4
3754.7
4293.5
4933.6
5748.9
6795.2
8056
9161.4
9543.3
9349.7
8287.9
6847.3
5206.7
3822.1
3154
2645.7
2013.4
1439.9
920.6
723.3
896.9
708.2
768
753.3
701.6
742.5
829.1
970.8
1134.1
1297.4
1567.2
1803.4
2040
2305.7
2610.5
3061.5
3611.8
4046.9
4089.2
3852.8
3410
2345.6
1459.7
695.3
420.8
370.5
382.1
358
399.7
435.3
462.9
496.6
518.5
576.2
567.7
868.2
675.2
753
947
1189.5
1581.4
1654.7
2004.2
2351.3
2606
3041.6
3590.5
4328.5
4915.1
5070.3
4757.7
4275.9
3100
1994.6
1201.7
793.6
776.6
813.6
772.1
727.6
647.3
632.8
627.9
545.6
602.6
586
616
681.9
739.9
745.6
890.8
1002.5
1038.7
1225.5
1523
1552.8
1790.7
2062.1
2363.5
2680.4
3084.8
3585.5
4254.6
4695
4820.2
4579.2
4060.1
3218.6
2172.3
1214.4
614.8
492.7
497.8
474.9
479.8
485.6
548.8
527.2
534.7
601.6
636.4
644.8
672.4
776.3
786.5
866.5
903.8
997.9
1093.4
1252.7
1496.6
1616.6
1869.5
2181.9
2538.5
2704.4
2781.8
2743.1
2765.2
2579.7
2488
2647.1
2669.7
2701.6
2550.3
2291.2
1879.6
1409.2
897.8
592.3
600.2
490.4
509.4
527.9
540.9
650.8
730.8
831.6
924.6
1006.5
1161.7
1286.8
1442
1628
1863.5
2187.5
2318.5
2289.4
2117.5
1877.8
1499.3
967.4
616.7
382.7
310.2
292.4
341.6
334.9
300.8
311.6
351.5
349.4
460.6
366.5
389.8
418.6
405.6
439
510.2
474.4
452.5
497.4
592.2
565.4
681.8
841.9
975.7
1120.6
1344
1404.8
1635.3
1800.7
2064.3
2445.7
2604.1
2681.5
2618.7
2456.9
2263.6
1831.9
1446.3
1139.9
1123
1040.9
940.9
859.4
779.7
631.2
465.2
433.1
309
321.6
365.6
531.8
572.6
619.1
684.3
719.1
798.1
766.7
778.2
579.7
551.5
561.8
599.6
731.9
785.1
835.5
915.5
1033.2
1055.7
1204.5
1252.7
1380.3
1515.2
1623.7
1788.9
1920
1995.4
1903
1768.1
1607.1
1400
1096.7
720.3
547.5
453.2
413.1
402
413
398.1
391.6
421.9
371.5
446.4
461.5
502.8
491.7
584.9
688.3
807.2
821.2
808.2
796.8
745.3
679.1
548.1
518.4
350.6
281.1
276
321.3
302.9
308.1
363.8
512.1
432.9
450.9
536.4
531.8
555.5
587
698.6
705.4
803
910.7
867.2
850.8
866
863.4
807.4
742.5
708.7
690.6
681.3
700
800.4
803.9
897.9
958.2
1011.6
1050.4
1052.7
974.9
909.7
818.6
732.3
636
491.1
434.3
434.4
423.7
429.3
357.4
333.2
363.5
364.5
345
347.3
409.1
307.8
326.9
350.8
328
377.4
462.2
484
642.8
541.9
579.4
553.4
620.5
655.5
689.3
780.5
762.1
830.4
866.5
894.2
968.7
1004.5
1063.3
1277.7
1227.3
1327.2
1334.7
1528.8
1617.5
1647.7
1664.7
1650.8
1719.3
1648.7
1610.1
1483
1479.2
1303.5
1221.7
1158.2
1100.5
1000
875.8
773.3
732.4
678.9
634.3
603
562.5
490.4
444.6
496.1
468.2
464
373.9
377.9
406.8
367.4
441
529.3
551.2
425.1
333.9
394.4
320.9
337.5
399.5
345.2
333.5
341.7
342.9
367.6
301.5
359.5
362.7
354.7
341.7
340.6
465.3
394
362.4
411.6
523.9
474.6
481.1
608.9
593.5
510.3
486.2
490.8
413.1
423.9
588.2
543.4
604.1
713.9
804
929.5
994.1
1147.2
1186.3
1304.6
1469.9
1519
1545.4
1584.7
1702.4
1784.1
1806.6
1785.7
1865.2
1854.2
1845.5
1842
1839.5
1904.4
1953.1
1885.4
1900.3
1904.5
1966.5
2035.1
1982.9
2035.2
2064.8
2044.6
2030.9
1948.9
1919.3
1940.4
1822.4
1798
1802.4
1866.1
1840.1
1969.5
1927
1932.4
1988.4
1952.8
1945.4
1944.9
1961
1907.7
1869.9
1984.8
1904
1901.6
1849.2
1934
1844.8
1862.4
1776.2
1788
1837.7
1772.2
1713.8
1604.6
1569.2
1478
1390.2
1347.5
1285.3
1334.8
1411.7
1400.8
1506.5
1464.3
1476.2
1545.6
1632.7
1616.9
1559.5
1470.7
1470.7
1408.7
1345.4
1249.3
1183.1
1191
1160.7
1050.3
1027.3
1048.2
1002.4
1040.7
1119.3
1192.8
1133.8
1090.9
1131.7
1098
1042.5
1064.2
1051.8
1034.7
963.7
1038.1
936
949.3
897.5
972.1
934.7
1018.3
981.2
1131.6
1092.6
1099.7
1077.8
1036.3
990.2
980.1
873.6
817.7
704.1
771.8
555.1
534.7
573.6
462.8
525.6
539.7
512.3
528.6
517.7
572.7
520.8
613.8
591.6
580.8
624.3
654.4
713.2
710.4
697.6
712
722.9
839.9
803.9
849.5
873.1
945.6
917
941.8
973
1057.7
1074.1
1102.5
1171.7
1189.8
1361.8
1527.3
1580.2
1768.7
1912.5
2135.4
2416.9
2724.7
3154.6
3721
4283.8
4740.5
5221.5
5392.8
5602
5691.2
5778.7
5882.8
6040.4
6102.2
6261.7
6329
6045.6
5762.5
5373.1
5194.2
5101.3
5043.5
5328.7
5822.7
6417.1
7047.4
7700.6
8038.4
8130.4
8345.3
8351.4
8495.8
8732.2
8597.1
8843.3
8888.6
8638.8
8149.5
7620.7
6902.9
6513
6131.5
6107.1
6408.1
6963.8
7508.1
8235.9
8825.4
9038.4
9338
9331.9
9351.4
9467.9
9707.1
9767.6
9883.6
10006.4
9769.3
9220.2
8349.9
7551
6954.8
6531
6353.5
6559.3
7009.6
7659.2
8373.3
9075.5
9540.5
9819.2
9780.8
9749.2
9756.1
9844.6
10121.3
10171.5
10333.4
10394.8
9929.4
9234.7
8161.6
7330
6545.1
6059.4
6017.4
6210
6592.3
7079
7558.1
8253.2
8837
9123.4
9074.6
8885.8
8835.6
8632.5
8940.2
9194.1
9190.3
9318
9128
8630.6
7605.9
6660.3
5908.9
5504.5
5255.3
5463.4
5761.2
6258.5
6673.4
7339.2
8026.3
8458.8
8680.9
8570.3
8344.9
8178.2
8133.5
8478.4
8695.1
8800.7
8889
8901.6
8456.6
7512.6
6439.4
5712.1
5240.3
4949.6
5134.2
5378.5
5598.5
5931.1
6395.9
6996.7
7530
7756.5
7856.8
7490
7180.5
6993.8
6959
7408.7
7446.1
7373.4
7354
7019.3
6529.5
5790.4
4543
3827.5
3292
3164.5
3060.2
3012
3136.9
3197.5
3308.2
3535.9
3860.8
4160.1
3981.7
3908.9
3734.9
3602.5
3609.4
3870.3
4075.6
4158.7
4000.2
4104.7
3767.8
3313.5
2668.9
2274.2
1996.8
1988.3
2049.5
2081
2124.9
2251.9
2377
2516
2771.9
2934.2
2940.3
2770.3
2652.2
2572.3
2567.6
2536.8
2584.6
2733.4
2535.8
2510.2
2488.9
2373.9
1987.6
1725.3
1566.6
1465.3
1531.5
1576.1
1533.3
1700.4
1837.9
2022.5
2264.6
2540.3
2868.9
3248.1
3366.2
3555.7
3520.8
3425.1
3331.1
3347.3
3443
3483.8
3592.3
3525.3
3385.8
3267.6
3259.7
3139.8
2780.3
2370
2087.7
2135.9
2261.7
2264.9
2263.1
2387.6
2595.4
2956.1
3323
3731.8
4228.3
4727
5243.2
5655.6
5984.5
6051.4
5725.9
5419.8
5396.7
5658.7
5786.8
5971.6
6005.4
5755.7
5439.8
5453.1
5408.7
4914.6
3938.6
3361.3
3233.9
3367.3
3414.7
3333.5
3377.1
3443.4
3941.8
4246.7
4822.8
5464
6193.6
6998.3
7747.5
8196.2
8602.4
8660.8
8339.9
7817
7710.5
8107.9
8310.2
8645.5
8770.8
8389.8
7899.7
7599.5
7938.1
7218.4
5939.4
4706.1
4625.9
4795.3
4850.4
4729
4568.8
4580.1
4979.6
5480.4
5966.8
6814.5
7566.4
8537.7
9463.3
10282.7
10927.2
11519.3
11317.1
10864.2
10152.6
10186.4
10830.2
11095.3
11507
11774.2
11272.4
10575
10129.8
10526.4
9745.3
8105.7
6215.8
5840.4
6105.5
6274.2
6102.3
5988.4
6017.2
6232.3
6860.3
7499.3
8452
9317
10529.5
11842
12984.7
13904.9
14784.4
15304.7
15030.7
14279.5
13491.4
13655
14395.7
14648
15439.9
15524.5
15113
14239.4
13508.5
13846.5
13187.8
10987
8487.4
7975.2
8237.9
9440.1
12844
16412.1
17642.1
15531.7
11685.9
10608.2
11123
12198.2
13395.9
15015.9
16555.6
18013.3
18937.9
19966
20235.3
19879.6
18790.5
17975
18298.2
19104.5
19612.6
20352.2
20425.9
19943.1
18833.7
18086.6
18032.3
16970
14104.6
10972.8
9733.6
9567
9528.3
9310.9
8956.3
8635.1
8386.5
8613.2
9309.4
9991.6
10946.3
12033.1
13427.9
14673.5
16021.1
17040
18128.2
18653.6
18953.5
18136.6
17317.1
16894.8
16984.3
17475.5
18097
18317.8
18362.8
17811.5
16875.7
16297.4
16070.4
14790
12562.2
9991.8
8362.4
7775.9
7557.3
7351
6981
6710.8
6273.6
6310.5
6364.6
6723
7258.4
7875.7
8596.3
9477
10287.8
11130.6
11870.4
12445.3
12766.4
12655.4
12524.1
11902.3
11702.9
11595.2
11810.8
12160.5
12334.4
12374
11952.1
11531.6
11137.9
10709.3
9703.8
8341.8
6961
5698.5
4946
4576.6
4204.5
3918.6
3661.5
3294.3
3143.1
3041.8
3019.6
3105.8
3259.4
3574.7
3776.3
4070.9
4496.1
4650.1
4928.6
5097.3
5242.5
5187
5148
4951.2
4820.3
4825.5
4852.7
5004.5
4908.8
5035.9
4816.8
4763.8
4493.8
4304.8
3920.3
3449.4
2918.6
2376.2
2044.1
1772.3
1468.4
1270.1
1163.1
998.9
845.2
738.6
594.2
635.4
485.6
436.9
468.2
375.9
424.8
381.1
459.4
427.7
387.8
385.3
353.7
345.8
339
350.6
363.3
418.3
365.5
398.2
382.8
481.2
387
381.7
447.9
493.4
505.3
427.8
565.4
471
449.4
435.4
461.6
475.2
596.7
533.5
562.6
547
588.2
757.8
796.8
815.4
722
681.2
724.7
761.8
792.2
736.9
804.9
829.2
974.9
897.2
912.1
933.7
1004.3
1128.7
1143.8
1174
1246.9
1387
1481.6
1777.7
1849.1
1968.3
2169.1
2458.3
2620.2
2792.7
3006.1
3924.7
5517.4
5650.9
4528.1
2270.4
1356.6
1289.7
1253.4
1316.3
1585.4
1540.2
1646.5
1820.1
2070.1
2276.7
2559.6
2844.4
3144.9
3696.1
4031.4
4634.3
5172.3
5848.8
6504.6
7339.9
8202.9
9059.1
10051.2
11034.9
12172.5
13321
14482
15835.1
18952.5
24591.8
29275.2
28488.1
21057.4
11536.8
6177.9
4066.6
3575.1
3206.7
2984.5
2776.9
2669.4
2469.3
2442.6
2494.8
2409.4
2545.9
2502.9
2729.5
2646.8
2794.1
2900.2
3131.7
3288
3611.1
3824.7
4213.9
4579.9
4891.5
5315.2
5696.3
6142
6584.1
6944.4
7178.9
7501.8
7621.7
7926.6
7988.6
8114.6
8142.6
8247.4
8342.7
8384.6
8376.2
8334.8
8310.6
8349.3
8274.4
7981.5
7812.5
7572.2
7402.1
7076.8
6722.8
6472.8
6120.6
5957.2
5619.4
5401.8
5205.1
5025.4
4973.1
4953.1
5135.2
5220.3
5461.9
5838.2
6114.5
6508.4
6976.7
7620.8
8133.9
8835.9
9597.3
10351.6
11108.1
11931.8
12911.3
13642.3
14145.9
14583.7
14839.2
15000.3
15260.8
15318.5
15299.9
15165.7
15155.7
15295.9
15292.3
15134
15036
14987.4
14977.8
14710.3
14282.8
13926.2
13687.1
13263.6
13001
12560.7
11977
11668.5
11400.6
11058.3
10933
10846.6
11010.1
11123.6
11278.7
11239.3
11368.9
11216.4
11175.6
11070.2
11023.5
11015.2
11227.1
11308.9
11508.3
11988.5
12390.9
13136.5
14112.1
14926
15865.6
16806.2
17726.2
18499.7
19066.9
19804.7
20578.8
21194.1
21794.8
22173
22644.8
23405
23895.4
24044.1
24337.8
24736.3
25355.2
25786.1
26238.7
26610.9
26826.3
26771.2
26460.2
25828.8
24838.5
23437.6
21891.2
20446
18706.8
17224.1
15779.2
14393.3
12895.8
11660.9
10559.1
9760.6
9130.9
8966
8873.8
9074.6
9389.1
9828
10341.1
10866.8
11574.8
12401.2
13462.6
14270.7
15318.1
16525
17738.9
18805
19940.5
21241
22166.4
23182.6
24519.1
25588.7
26800.1
28049.4
29344.3
30213.4
30983.2
31505.9
31523.4
31148.8
30691.9
30110.4
28710.1
27428.6
26129.8
24978.1
23401.1
22007
20379
18679.8
17104.9
15515.4
14006.6
12756.2
11827.2
10830
10102.7
9424.8
8929.7
8433.9
8025.9
7747.1
7503.1
7292.1
7376.4
7370.8
7574.7
7732.5
8085.6
8374.3
8761
9179
9826
10582.5
11088.3
11731.4
12437.1
13307.1
13862
14398.3
14872
15185.7
15714
15899.5
16352.1
16439.7
16702
16873
16941.9
17024.6
17095.1
17063.1
16959.2
16780.5
16555.2
16315.4
15833.4
15383.9
15030.9
14596.7
14367.3
14177.5
14066.6
14187.2
14378.4
14454
14489.9
14407.2
14221.8
14013
13426.9
13037.1
11914.8
11324.5
10709.9
10092.5
9501.8
8942.7
8301.4
7729.4
7035.2
6419.2
5881.7
5213.5
4642.8
3932.8
3447.2
3043.3
2706.2
2567.3
2367.9
2334.2
2236.2
2282.2
2237.5
2344.1
2341.3
2386.8
2489
2598.1
2681
2862.5
2882.4
3082.3
3229.4
3290.2
3527.9
3757.8
3935.2
4039
4202.1
4236.4
4273.9
4283.5
4303.8
4290
4146
4067.2
3916.6
3853.8
3633.6
3419.9
3291.5
3164
2923.4
2938.2
2441.6
2284.7
2132.1
2052.7
1806.5
1622.8
1465.6
1382.7
1369.2
1293.5
1301.3
1340.6
1368
1314.3
1317.5
1419.3
1542.3
1648.2
1690.8
1791.5
1954.4
2095.6
2249.3
2404.8
2623.8
2880.8
2994.7
3322
3548.4
3781.9
4070.7
4262.8
4467.7
4449.7
4535.4
4675.9
4580
4569.8
4539.5
4436.4
4337.6
4252.9
4105.9
3868.7
3685.7
3601.1
3385.1
3005.2
2772
2627.3
2420.7
2184.7
1952.6
1734.9
1528.3
1477.1
1290.9
1229.7
1152
1108.3
1120.1
1081.5
1102.9
1085.9
1119.4
1069.6
1033.7
1069.5
1079.9
1130.6
1161.8
1279.3
1298.4
1314.6
1471.2
1464.1
1612.1
1710.8
1821.3
1991.3
2258.2
2537.1
2583.5
2776
2781.9
2785.3
2977.2
2945.8
2801.7
2776.8
2789.8
2846.2
2859.2
3055.7
2573.9
2441.9
2418.2
2335
2107
1899.3
1773.7
1627.7
1432.5
1336.5
1208.9
976.3
883.9
787.9
744.7
664.6
588.3
600.5
647.1
646.6
645.7
610.6
631
632.4
470.8
605.2
567.8
513
586
493.8
446.7
455.5
419.7
447.9
378.9
378.9
298.7
252.6
275.7
279.1
258.4
183.6
268.5
125.2
163.5
164.4
181.1
82.9
215.1
107.5
151.5
178.3
177
159.2
214.8
236.3
269.7
232.1
286.9
376
367.1
429.5
494.9
443
466.7
479.9
425.4
396.8
451
385.1
448
409.7
365.9
392.1
291.8
277.2
295.2
311.4
309.2
232.4
323.3
142.6
150.5
314.5
90.8
81.4
116.3
54.7
53.1
87.4
39.6
0
29.3
55.2
70.1
57.2
233.2
95.8
21
20.7
79.7
149.1
66.4
58.5
88.2
97.9
161.7
109
121.9
174.6
195.6
228.2
208.6
231.2
333.6
313.3
341.4
312.2
360.3
385.8
313.7
341
381.8
359
321.4
260.5
329.2
296.4
211.3
210.7
213.7
157.8
140.5
222
200.7
151.5
207.7
266
322.7
490.9
667.7
789.1
775.2
710.6
663.9
668.4
645.7
692.6
689.7
780.1
724.9
562.6
531.2
521.8
415.3
499.2
404.4
394.9
346.2
303.4
333.5
299.5
283.6
264.1
283.4
304.6
301.7
292.3
473.4
335.2
290.8
323.1
260.8
321.4
386.2
287.8
365
322.1
387.3
439.1
424.1
374.7
408.9
353.4
291.3
375.5
285.6
289.3
230.5
166
179.5
187.6
139