NaN
NaN
4048.5
2304.7
1313
1436.4
1624.5
1947.5
2469.1
3052.3
3757.5
4754.7
6034.9
7576.9
9529.3
11586.3
14214.4
17060.8
19394.6
19425.6
15064.9
9195.2
4319.9
2115.1
1920.1
2147.1
2562.9
3007
3538.5
4412.6
5530
6830.5
8514.3
10887.1
13238.1
16262.7
19848.5
24510.1
28950
31796.6
29773.8
21367.7
11950.6
4279.5
1494.4
1200.5
1069.2
1034.9
977.1
929.4
919.3
1047.8
927.9
944.7
1032.8
1313.6
1358.5
1607.9
1838.7
2168.5
2504.8
2701.2
2392.6
1955.6
1403.5
1093.2
1001.4
1136.6
1229
1533.4
1952.3
2536.5
3218.3
3809.8
4695.6
5560.9
6302.3
6468.4
5482.3
3864.2
2384.2
1411.7
1339.6
1439
1565.2
1899.3
1940.2
2343.5
2762.9
3405.6
4541.3
5810.5
7129.8
8715.4
10716.6
12772.6
14502.4
14922.3
12844.4
8966.9
5272.1
2523.6
1823.3
1812.7
2059.3
2343.3
2709
3114.6
3706.7
4387.8
5395.3
6450.9
7928.1
9633.9
11630.9
14059.6
16746.4
20279.1
24899.5
27941.8
28764.9
24956
17553.1
10145.7
4152.9
1906.3
1815.6
1788.1
1868.2
2179.8
2338.3
2730.9
3125.4
3761.1
4513.4
5407.7
6544.5
7823.4
9511.2
11309.9
13464.6
15869.7
18880.5
23091.2
27006.6
28770.1
27482.4
21794.1
14591.2
7858.9
3206.2
2301.1
2363.3
2465.2
2774.1
3078.1
3466.6
4076.4
4827.5
5463.1
5509.4
5000.9
3887.1
2789.8
1810.5
1398.3
1408.6
1518.7
1610.7
1765.2
2033.8
2434.8
3059.2
3594.8
4318.3
5037.9
5771.3
6804.1
8007.9
8743.6
8805.5
7852.2
5862.9
3805.9
2046.1
1267.5
1243.7
1212.5
1244.5
1343.3
1438.7
1497.5
1729
1804.2
2101.5
2578.7
3231.4
4042.8
5078.8
5940.3
7012.5
8024
9628.9
11402
12598.8
12641.5
11313.6
8601.9
5462.1
2774.1
1502.5
1351.9
1387.3
1447.3
1425.2
1571.2
1670.5
1717.2
1884.7
2196.4
2319.8
2611.2
3007.8
3434.7
4007.3
4622.8
5479.9
6320.7
7285.7
8500
9923.3
12022.4
13494.1
13936.5
13092.3
10895.9
7656.4
4248.2
1852.3
921.9
823.2
814.6
762.1
812.2
836.9
948.4
912.6
1137.1
1221.5
1295.5
1434.6
1584.2
1796.9
2093.2
2281
2691.1
3040
3480.5
4035.2
4621.6
5366.1
6292.2
7440.1
8690.6
9556.7
9683.3
9246.4
7826.4
6303.3
4611.1
3530.4
3080.2
2415.6
1751
1275.9
825.5
774.3
912.3
754.3
834.4
776.8
775.3
806.7
925.1
1078.8
1255.6
1440.2
1709.5
1900.1
2175.2
2462.5
2816.2
3298.9
3895.4
4155.6
4059.5
3693.8
3098.2
1997.6
1148.3
555.7
418.8
413.8
397.3
392
423.4
445.8
509.2
531.8
567.6
635.2
649.5
931.5
780
837.2
1076.2
1305.7
1694.5
1814.9
2219.1
2509
2829.4
3361.8
3995.1
4650.6
5010.1
5019.9
4633.7
3957.6
2714.9
1662.5
979.5
834.3
803.2
820.2
771.1
742.4
670.4
656
656.8
596.6
649.9
633.2
670.6
731.2
791.6
814.9
983.6
1056.7
1191
1319
1658.3
1692.5
1936
2234.1
2512.6
2926.8
3390.1
3924.1
4579.3
4835.2
4829.3
4449.7
3891.6
2866.7
1795.7
971.2
550.9
494.6
531.7
477
480.2
529.5
566.1
520.2
577.9
600.7
668.2
674.1
710.5
797.8
835.2
924.8
960.1
1042.9
1147.7
1363.5
1580.3
1747.3
2051.1
2360
2689.4
2788.8
2793.1
2819.1
2782.8
2604.3
2560.7
2735.5
2741.5
2687.1
2498.3
2233.3
1742.4
1215.2
787.6
584
601.6
507.9
549.3
564.5
584.3
728
816.2
908
999
1091
1253.3
1405.3
1563.1
1768.8
2027.5
2242.1
2299.9
2253.3
2054.4
1799.8
1327
839.5
483.3
343.8
329
345.8
378.1
371.8
365.8
323.2
390.3
367.5
495.2
368
423
457.2
475.5
481.1
542.8
495.7
491
533.8
664.6
675.8
789.6
933.1
1094
1195.6
1451.4
1539.9
1770.3
1956.2
2284.8
2607
2684.3
2709.6
2584.6
2439.7
2182.6
1726.8
1392.5
1126.7
1180.8
1074.1
984
870.9
798.7
574.4
482.5
411.3
356.4
392.8
452.4
671.5
653
715.6
798
810.9
875.3
823.7
780.7
628.3
618.9
623.6
696.7
805.7
858.4
923.2
989.5
1101.5
1132.5
1305.7
1370.9
1410.2
1604.4
1780.8
1932.7
1997.9
1998.8
1861.2
1729.2
1597.2
1295.1
948.7
599.3
513.2
460.3
419.5
423.1
462.4
423.1
411.2
490.8
426.9
492.5
519.8
560
563.8
639.6
783.2
863.7
849.6
837
754.9
737.4
684
569.6
528.4
346.3
318.9
314.4
370.6
374.9
397.8
403.1
558.9
494.8
509.9
578
553.6
600.3
626.3
760.2
779.7
864.9
980.7
905.7
898.1
909.4
896.7
822.8
752.6
754.7
739
723.7
740.7
857.6
884.1
937.1
1036.1
1073.8
1077.3
1055.9
981
890.7
811.5
659.5
619
491.9
461.1
422.6
443.7
467.8
388.5
368.3
418.1
401.2
382.7
348.3
454.1
349.7
356.4
376.8
364.9
416.9
465.3
492.5
672.5
560.8
591.2
592.3
623.5
682.7
738.1
803.6
792.6
876.7
909.8
971.2
1053.9
1069.1
1091.2
1336.3
1309.8
1381.4
1415.3
1613.6
1662.8
1724.5
1723.7
1698.4
1748.6
1685.7
1639.2
1551.2
1478.3
1279.4
1258.4
1222.7
1114.3
995.9
850.1
783
711.9
679.9
654.2
628.1
579.7
473.7
448.3
529.9
491.2
492.9
398.2
427.1
410.3
418.7
466.3
515.5
604.5
422.7
362
377.6
362.5
380.6
390.5
374.5
367.1
373.1
383.5
395.2
366.9
398.7
395.4
391.3
352
364.4
509.3
455.8
412.9
485.9
591.7
529.3
521.4
638.8
613.9
510.1
506.6
478.7
469.4
493.1
619.7
582
669.9
767.7
862.3
972.5
1063
1222.1
1305.9
1386.1
1537.8
1551.9
1638.2
1668.5
1718.6
1854.6
1848.1
1817.8
1904.1
1886.9
1856
1887.2
1901.7
1939.5
1985.1
1938.7
1905.4
2008.1
2011.6
2097.3
2027.3
2037.8
2057.2
2066.7
1968.4
1974
1927.2
1946.1
1829.1
1831.9
1796.2
1904.1
1874.1
2027
1956.9
2023.8
1981.6
1994.9
1991.6
1947.9
2007.2
1958
1894.9
2024.3
1934
1908.7
1880.1
1948.3
1874.8
1860
1786.8
1851.2
1800.6
1811.7
1669.5
1601.1
1557.9
1479.6
1359.3
1337.9
1298.9
1359.2
1419.8
1433.9
1540.1
1464.8
1515.1
1573.9
1654.1
1625.6
1548.6
1506.6
1462.4
1399.1
1348.5
1252
1217.4
1167.8
1135.9
1083.2
1058.3
1099.5
1088.2
1096
1137.4
1198.3
1162.8
1126.5
1151.9
1098.7
1079.4
1098.2
1085.4
1080.8
997.1
1046.2
961.6
1000.3
988
1025.8
972.8
1071.7
1060.2
1146.3
1191.5
1149.4
1117
1070.8
1013.3
1012.2
904.7
802.2
720
782
583.2
535.7
565
502.3
527.7
551.3
541.3
572.7
546
619
551.1
656.2
633.7
629.5
667.8
686
761.4
754.7
753.8
781.6
778.1
877.8
843.3
930
927.1
994
971.5
1002.6
1015.3
1111.3
1134.6
1173.2
1223.3
1266.1
1430.6
1585.7
1662.1
1905.4
2020.4
2296.8
2553.3
2973.3
3401.1
4012.9
4555.4
4933.8
5321
5486.8
5678.6
5753
5861
5965.3
6042.9
6176
6294.7
6236.6
5935.9
5622.1
5298.9
5202.9
5065.8
5124.8
5584
6105
6739
7349.5
7849.6
8111.6
8220.6
8391.3
8384.3
8598.1
8771.5
8705
8887.4
8877.9
8405.5
7876.6
7375.4
6729.3
6408.8
6124.3
6251.2
6677
7277.4
7872.3
8513.9
8986.6
9155.9
9326.9
9364.6
9381.6
9558
9773.4
9801.1
9935
9938.8
9555.1
8819.6
7990.7
7319.6
6785.9
6465.9
6416
6808.8
7332.1
7960.8
8670.8
9390
9745.1
9800.7
9763.9
9743.9
9826.2
10014.8
10204.7
10239.2
10470.7
10224.3
9731.7
8719.1
7711
7064.6
6349.8
5987.3
6149.5
6426.8
6809.5
7313.1
7884.9
8599.6
8965.4
9211.6
9036.8
8836.1
8882.4
8730.4
9149.9
9201.3
9306.2
9379.3
8978.6
8295.5
7066.6
6408.6
5658.6
5398
5273
5623.3
5958.3
6554.3
6937.6
7654.4
8304.8
8575.2
8689.9
8409.8
8242.7
8241.5
8257.5
8698.2
8808.5
8902.5
8941.4
8756.4
8087.8
6951.5
6133.4
5457.9
5147.3
5024.4
5252
5504.2
5781.2
6181.2
6658
7335.5
7695.6
7859.5
7763.8
7447.7
7194.4
7055
7227.5
7550.3
7495.1
7485
7298.6
6953
6161.7
5307.8
4299.5
3572.9
3296
3208
3143.1
3004.1
3170.5
3289.2
3442.3
3721
3949.4
4235.4
3998
3890.9
3718.1
3671
3724
4112
4127.4
4157.8
4065.4
4082.7
3684.4
3017.5
2502.3
2169.4
2044.7
2076.6
2104.6
2135.4
2192.9
2353.8
2527.5
2654.2
2879.5
2957.4
2931.6
2672.1
2688
2585.8
2605.7
2621.9
2646.5
2682.4
2555.5
2539.4
2489.7
2240.3
1847.3
1609.8
1532.7
1500.8
1572.2
1603.3
1621
1740.8
1969.2
2183
2412.3
2701.1
3031.3
3347.3
3517.1
3604.8
3495.6
3355
3347.5
3401.4
3516.2
3575.3
3648.4
3483.6
3287.9
3320.2
3224.1
2953.1
2553.7
2272.3
2113.6
2166.7
2224.6
2281.8
2326.2
2479.3
2746.1
3130.2
3504.8
4004.6
4475.4
5050.7
5462.9
5850.3
6059.9
5964.7
5575.7
5419.3
5512.2
5786.5
5966.4
6047.1
5942
5610.3
5433.6
5433.5
5279
4496.2
3572
3267.7
3352.2
3446.2
3373.3
3364.2
3432.2
3632.8
4103.5
4528.9
5157.5
5814.1
6578
7344.7
7974.8
8387.2
8697.6
8496.6
8026.4
7750
7944.6
8250.1
8465.8
8783.2
8699.5
8108.5
7650.9
7769.5
7752.3
6712.2
5270.8
4567.2
4709.6
4841.9
4755
4685.5
4591.8
4684.5
5216.2
5680.9
6353.1
7125.7
7968.5
8995.4
9877.5
10611.7
11285.9
11589.6
11201.6
10505.7
10056.9
10455.2
11057.8
11282.4
11768.1
11649.2
11051.3
10179.4
10414.6
10423.8
9134
7099
5867.7
5970.2
6187.7
6258.8
5987.1
6009.1
6046.6
6567.6
7132.2
7944.9
8902
9862.7
11161.4
12443.8
13525
14435.5
15212
15406.8
14864.7
13827.6
13512.7
14149.1
14736.8
14989.1
15699.4
15384.2
14756
13745.9
13847.7
13762
12404.2
9750.4
8019.1
8136.6
8700.2
11029.3
15743.6
18680.4
18466.1
14046.1
11044.9
10875.9
11671.4
12813.9
14171.3
15853.7
17444.4
18738.7
19600.6
20414.8
20251
19512.7
18272
18130
18794.4
19577.3
19966.1
20740.3
20400.9
19569.1
18440.9
18296.6
17911.8
15930.9
12530.6
10111.3
9596.1
9603.4
9503
9245.3
8834.2
8494.9
8517.6
8978.2
9678.7
10511.3
11522.6
12665.8
14104.2
15497.6
16666.3
17699.5
18658.7
18984.8
18815.8
17839.9
16970.3
16940
17317.5
17853.7
18422.2
18522.3
18411.3
17539.2
16660.8
16343.1
15830.3
14014.6
11292.3
9057.8
8008.2
7655.3
7445
7192.8
6783.2
6551.4
6211.2
6365.1
6539
7031.7
7576.3
8251.5
9058.3
9932.1
10788.1
11562.5
12294.8
12684.3
12896.4
12655.1
12314.1
11799.4
11729.5
11690.3
12080.7
12398.9
12465.4
12296.7
11840.9
11408
10934.9
10437.6
9219.3
7682.4
6323.1
5329.9
4757.5
4521.3
4115.2
3803.3
3510
3212.2
3063.9
3030.3
3089.5
3197.9
3382.2
3719.9
3942
4240.7
4645.5
4835.1
5114.1
5255.4
5308.8
5220.4
5098.6
4970.5
4842.6
4879.7
4926
5085.1
4960.8
5026.7
4820.1
4748.4
4432.2
4237.1
3697.8
3203.3
2680.4
2179.8
1927.1
1696.8
1412.3
1253.8
1109.2
940.2
831.5
734.2
588.7
608.6
499.8
439
467.6
417.8
440.3
420.7
473.8
491.7
430.7
407.8
385.2
376.3
401.5
364.1
390.8
438.8
383.1
391.4
423
444.7
411.2
420.4
466.5
513.8
537.3
467.9
613.2
502.2
451.9
493.5
532.9
489.9
611
558.9
569.8
574
700
827.6
810.9
828.3
696.5
695.1
750.9
819.3
822.7
773.3
867.6
854.9
1002.3
927.6
957.7
1006
1054.2
1184.1
1222.4
1274.3
1335.8
1516.9
1568
1854.1
1980.6
2114.8
2287.4
2600.3
2772.1
2925.9
3377.9
4885.7
5904.4
5347.1
3556.7
1572.5
1305.5
1326.8
1321.3
1422.7
1641.9
1633
1762.2
1931.4
2203.6
2386.2
2749.8
3039.9
3424.6
3967.2
4374.4
4975.2
5508.7
6234.1
6968
7844.5
8682.9
9685.6
10744.3
11829.8
12879.1
14091.3
15334.6
17225.4
21758.2
27941.6
30529.5
26201.1
16314.1
8237.6
4806.5
3702.9
3402
3116.9
2889.4
2711.2
2638.9
2471.7
2408.7
2478.7
2430.7
2594.2
2547.4
2747.7
2702.1
2875.8
2998.4
3262.1
3436.6
3744.6
4031.6
4389
4762.7
5191.5
5531.9
5933.3
6359.4
6776.9
7154.7
7373.8
7654
7774.9
8057.3
8102.6
8178.6
8240.1
8362.4
8356.5
8386.4
8416.5
8387.1
8407.7
8331.4
8209.3
7939.8
7738.2
7495.6
7329.9
6987.4
6606.5
6393.3
6015.5
5806.4
5546.1
5326.2
5174.9
4976
4959.7
4979.3
5218.8
5305.6
5605.4
6041.9
6324.6
6828.6
7254.5
7933.4
8497.1
9212.6
9985.6
10798.5
11619.2
12428.1
13393.6
14023
14490.1
14754.6
15029
15098.8
15450
15339.5
15392.1
15268.8
15332.8
15349.8
15243.1
15149.1
15136.9
15101.5
14988
14620
14157.3
13788.7
13573.9
13160.6
12870
12332.7
11853.7
11602.7
11317.5
11039.2
10900.9
10936
11095
11212.7
11334.6
11298.8
11408.2
11257
11141.6
11007.5
11006.8
11143.8
11319.7
11452.2
11756.4
12212.4
12790
13632.3
14613.8
15433.4
16394.7
17315.2
18125.5
18939.4
19534.1
20330.3
20999.9
21565.7
22178.4
22536.3
23029.5
23673.8
24194.3
24349.7
24708.1
25136.1
25837.1
26079.8
26675.9
26796.2
26983.1
26785.7
26393.7
25564.9
24444.4
22951.4
21264.2
19644.9
18092
16564.5
15017.4
13757.9
12152.3
11071.5
10087.9
9339.5
9029.8
8949.9
8970.3
9210.6
9620.3
10051
10619.8
11196.9
11943.2
12896.1
13979.8
14788.8
15947.2
17179.6
18367.9
19596.4
20663.6
21949.4
22847.7
23928.8
25234.9
26325.7
27606.8
28908.9
30013.3
30928.9
31489.9
31809.8
31670.5
31250.3
30575.9
29720
28301.8
26986.5
25726
24404.7
22860.2
21307.3
19557.1
17858
16339.4
14780.1
13375.2
12186.9
11355.5
10487.9
9746.7
9156
8636.3
8191.8
7883.5
7579.3
7443.2
7315
7321.6
7386.9
7629.1
7869.4
8298.2
8579.8
8993.7
9540.7
10158
10862.9
11496.3
12165.4
12862.5
13672.8
14098.3
14675.8
15200.3
15564.6
15888.6
16236.5
16535.3
16603.6
16866.6
17084.4
17147.8
17152.5
17192.6
17156
16888.6
16755
16549.1
16238.9
15715.5
15317.1
14842.5
14462.8
14173
14119.4
14058.6
14152
14280.3
14276.3
14115.8
14063.5
13748.6
13375.8
12614.1
12217.2
11215.1
10575.5
10031.8
9471.3
8905.8
8268.2
7653.4
7056.9
6393.5
5926.4
5345
4667.6
4118.9
3533.7
3145.8
2839.2
2535.5
2440.5
2284.8
2263.3
2203.7
2296.7
2261.8
2389.5
2368.1
2440.7
2539
2671.7
2785
2932.6
2961
3173.7
3340.4
3396.4
3670.4
3871.2
4027.7
4112.8
4267.5
4299.2
4378.5
4353.5
4349.3
4284
4081.2
4000.9
3844.5
3765.6
3569
3399.1
3233.6
3083.9
2863.4
2778.2
2343.3
2213.9
2055.2
1945.3
1724.6
1551.5
1444
1375.4
1335.4
1296.7
1280.8
1351.8
1396.8
1368.7
1342
1464.1
1579.4
1692.5
1752.3
1850.4
2055.6
2182.1
2367.1
2535.8
2763.5
3020.3
3205.6
3504.4
3702
3997.5
4263
4376.2
4526.9
4570.9
4580
4720.2
4617.1
4581.4
4558.8
4455.2
4359.7
4190.5
4031.2
3836.9
3674.2
3535.9
3244.1
2923.7
2696.7
2560
2300.2
2083.4
1870.3
1642.1
1424.7
1409.6
1243.1
1232.6
1156.3
1122.5
1114.5
1089
1111.4
1043.8
1119.5
1113.1
1067.8
1118.8
1150.7
1163.4
1203.3
1314
1361.2
1384.8
1541.8
1553.2
1676.2
1817.6
1986.1
2134.8
2397
2673.9
2747.2
2880.8
2858.2
2844
3025.4
2983.4
2854.1
2871.4
2839.5
2869.5
2853.4
3028.8
2563.1
2457.6
2387.1
2284.3
2022.7
1801.1
1725.2
1591.7
1397.9
1268.7
1116.9
927.5
849
718.7
763.7
699.5
608
630.1
682.2
653.5
626.5
624.6
637.5
685.5
498.2
615.1
566
496.9
618.8
510.3
451.7
483.8
434.3
431.7
352.2
357.1
297.9
243.6
267
267.3
239.4
170.2
263.3
155.3
197.1
169.5
193.7
85.9
207.6
92.8
185.8
185
200.5
181.5
272.7
227.1
292.3
268.7
324.5
373.5
391.8
463.5
506.9
468.1
470.1
480.2
425.6
383.5
453.9
385.5
468
402.6
399.2
367.1
297.8
295.2
286.4
322.7
304.3
227.5
307.9
135.3
158
297.7
76.7
94
140.7
68.8
80.8
72.1
47
0
28
47.2
53.6
93.2
246.9
96.9
14.8
46.6
71.6
139.4
78.3
64.3
103.4
104.1
176.9
138.5
133.3
193.8
203.1
231.9
238.1
286.7
355.4
357.1
353.1
328.3
382.8
392.4
377.1
355.6
367.4
337.9
324.6
289.6
309.5
290.5
239.3
187.2
209.3
161.8
131.7
237.9
182
190.3
235.4
314.5
386.5
509.6
662.2
771.6
699.9
656.3
610.7
625.1
614.9
654.5
654.9
698.8
665.8
506
457.9
475.4
355.4
467.3
350.1
351.1
364.6
294.6
326.5
252.3
276
299.8
234.6
297
296.2
301.1
491.7
348.1
294.3
316.8
275.8
341.4
401
279.5
348.5
358.1
429.4
458.2
426.8
380.6
399.5
376.6
291.9
321
284.6
290.7
202.9
177.6
178.2
202.6