NaN
5574.4
3822.2
2132.9
1291.6
1350.6
1504.6
1913.4
2323.3
2889.9
3635.6
4610.6
5835.2
7396.8
9063.5
11229.7
13777
16488.7
18696.8
18731.1
14546.2
8878.5
4252.6
1919.1
1831.9
2097.6
2413.9
2828.1
3409.4
4245.3
5225.6
6571.8
8438.1
10350
12815.6
15725.9
19228.8
23584.4
28073.3
30595.5
28953.8
20617.2
11598
4199.6
1438.6
1170.2
1103.5
998.7
905.7
912.7
1020.3
859.9
864.2
904.3
1126.3
1144.7
1318.5
1528.5
1792.9
2137.3
2465.3
2504.2
2400.1
1850.2
1420.4
1021.7
1007.7
1042.5
1236
1479
1897.2
2497.9
3070.9
3819.5
4559
5459.1
6164.5
6308.8
5377.5
3750.7
2380.3
1442.5
1286.3
1396.6
1676.1
1697.6
2053.9
2263.5
2554.2
3402.4
4387.6
5592
7037.2
8525.2
10144.2
12379.6
13990.4
14491.1
12561.3
8718.5
5197.3
2451.7
1719.6
1785.3
2048.7
2337.8
2558.9
3052.6
3581.6
4337.1
5215.7
6367.2
7625.2
9349.7
11342.9
13600.1
16108.7
19509.5
23948.5
27203
27830.6
24371.6
17215.1
9918.7
4029.6
1883.9
1707.3
1735.3
1901.3
2003.4
2296.1
2591.1
3085.2
3684.9
4384
5321.3
6285.8
7714.2
9089.3
10910.1
13048.7
15447.2
18210.4
22102.2
26017.2
27924.8
26674.9
21556.1
14218.1
7665.6
3154.5
2248.4
2278.5
2431.5
2650.3
2974.1
3434.2
3988
4745.4
5280.1
5279.7
4865.6
3844
2662.8
1798.2
1323
1371.7
1501.1
1535.4
1728.4
1973.6
2499.4
2922.7
3552.6
4232.8
4915.7
5676.6
6669.3
7806.4
8572.4
8663.4
7643.6
5795
3786.7
2029.2
1270.8
1176.5
1209.5
1244.4
1326
1359.5
1544
1624.2
1813.3
2057
2468.7
3137.9
3932.1
4783.1
5784.2
6655.6
7713.7
9259.6
11068.3
12275.5
12329.4
11176.5
8465.3
5420.7
2764
1502.3
1373.2
1432.1
1405.9
1543.1
1604.5
1613.1
1713
2009.1
2083.8
2250.3
2529.6
2938.2
3303.3
3862.7
4540.2
5250.1
6055.7
7094.1
8095.1
9578
11365.4
13012.9
13573.2
12837.4
10744.5
7338
4195.1
1736.5
890.4
823.1
768
740.6
733.6
861.9
838.3
1061.8
1123.9
1197.7
1301.5
1390.8
1568.1
1802.6
1949.2
2301.9
2564.1
2935.9
3405.7
3849.3
4496.8
5182.9
5998.1
7067.3
8415
9216.5
9419.8
8877
7671.2
6063.5
4554.5
3475.3
2918
2377.2
1802.3
1150.2
809.5
877.5
719
785.6
741.3
704.9
690.6
745.5
936.3
1055.8
1177.6
1434.7
1568.8
1865.9
2139.6
2377
2708
3259.2
3763.4
4034.8
3978.1
3754.9
2913
2013.1
1084.7
567
405.1
367
370.3
373.1
429.7
424.7
433.6
500.1
560.5
561.2
854.2
630.5
709.8
830.3
1023.9
1394.5
1454.4
1771.2
2072.9
2324.5
2761.5
3154.1
3779.3
4564.4
4999.2
4883.1
4668
3735.1
2678.6
1627.3
951.3
827.1
810
797.9
740.7
689.4
678.5
647.2
564
592.8
579.7
633.6
653.4
707.3
704.5
840.2
930.4
998.5
1123.5
1392.6
1424.8
1629.6
1894.1
2149.8
2443.2
2798.9
3145.5
3762.1
4368.9
4747
4697.5
4417
3717.2
2825.9
1779.5
959.1
575
553.1
481.2
484.9
536
569.3
535.8
570
622.6
636.1
635.1
671.3
744.6
779.4
829.1
849.2
917.5
1059.6
1136.9
1390.5
1460.4
1705
1985
2363.9
2585.6
2706.6
2749.2
2777.6
2638.6
2489.9
2487
2602.8
2662.4
2625.2
2444.4
2143.4
1747.3
1145.9
785
654.2
501.8
521.9
501.3
561
649.6
703.6
776.5
882.1
947.4
1112.9
1228.3
1360.8
1468.7
1681.5
1988.2
2214.5
2347.1
2166.1
2049
1747.2
1251.9
836.4
456.2
376.8
333.4
369.3
359.6
345.2
349.4
368.8
357.9
457.7
350.9
372.9
458.5
443.5
454.9
509.9
462.5
446.8
492.8
560.6
553.5
635.5
790.1
929.4
1013.9
1272.2
1316.9
1506.3
1644.6
1848.3
2206.8
2516.4
2679.6
2650.7
2520.1
2396.5
2083.1
1631.3
1300.1
1158
1042.4
991.2
893
843
709.4
573
480.9
346.2
349.2
332.5
429.7
468.1
524
618.9
622
725.4
728.4
788
611.9
563.3
555.9
595.8
723.2
759.8
833.7
881.9
968.5
999.1
1181.6
1251.9
1322.9
1461.7
1568.4
1713.8
1883.6
1987.1
1947
1862.9
1737
1598.5
1288.8
919
684.4
536.2
446.8
433.6
446
398.6
413.4
474.3
387.8
456.5
464.3
476.4
520.2
578.2
683.6
751.2
783.7
821.8
800.2
737.8
699.2
642.1
626.2
430.1
351.5
299.9
312.1
333.5
322.3
343.6
516.7
444.2
435.5
542.9
523
556
597.3
664.5
700.8
763.5
914.9
911
877.5
917
876.7
821.2
811.9
751.8
740.1
683.9
685.3
789.4
751.5
875.4
899.8
993.1
1086.9
1073.6
1011.9
954
921.3
827.7
739.3
537.7
493.7
433
443
491.8
392.4
324
402
380.9
380.8
339.8
458.5
360
343.3
400.7
365.2
373.9
440.7
460.2
633.8
524.1
574
576.7
648.7
667.8
725.4
731.4
734.1
819.5
864.1
878.8
986.3
1002.1
987.3
1257.9
1184
1291.9
1294.7
1439.5
1529.5
1640.1
1650
1671.5
1713.5
1649.6
1586.5
1556.7
1506.6
1343.8
1273.6
1181.4
1127.2
1050.8
918.3
831.5
774.2
705.1
679.2
642.9
603.7
557
470.7
563.7
513.8
496.5
409.1
421.1
393.9
388.5
448.7
516
561.6
454.5
367.3
379.1
328.4
348.4
402.7
368.5
373
362.8
367.9
420.3
342.9
351.9
383.5
388.9
334.1
354.6
503.1
419.7
353.5
388.8
523
497.5
484.8
605
601.8
531.6
522.5
510
417.5
427.6
531.1
512.8
566
640.5
752.7
853.1
940.3
1091.6
1120.3
1239.7
1418.6
1471.6
1543.4
1556.3
1662.7
1762.5
1795.6
1756.7
1865.8
1833.3
1834.8
1808
1830.4
1893.6
1967.7
1873.5
1857.2
1854.8
1962.7
2020.4
1988.7
2021.3
2079.5
2075
2066.8
1972
1955.2
1935.4
1849.6
1814.9
1823.6
1836.6
1811
1960.5
1908.6
1947.9
1953.4
1913.2
1986.5
2014.2
1981.7
1929.3
1873.4
1973.9
1926.8
1890.8
1860.4
1903.6
1873.9
1884.1
1815.3
1792.4
1823.7
1832.3
1759.4
1671.6
1612.9
1575.2
1420.6
1378.5
1330.1
1349.1
1386.2
1362.1
1487.7
1463.7
1473.6
1511.7
1577.8
1645.9
1629.8
1546.8
1519.8
1465.6
1413.5
1331.5
1258.5
1229.6
1154.5
1131.3
1057.1
1078.1
1039.2
1052.2
1132.8
1172.1
1171.7
1125.8
1154.4
1107.9
1070.2
1066
1081.2
1089.9
965.8
1043.9
1002.4
985.4
971.6
960.6
943.7
985.7
1017.2
1119.1
1116.8
1109.2
1075.6
1059.8
1023
1011.9
945.8
858.7
791.7
845.3
590.2
541
595.7
529
541.4
540.9
542
539.9
520
596.2
531.1
635.1
616.6
600.9
616.8
625.9
713.5
719
716.9
702.4
736.9
842.2
838
848.2
850.1
901.1
934.5
1000.7
981.3
1047.2
1088.6
1092.5
1143.7
1153
1307.5
1447.5
1528
1677.8
1724.1
1978.7
2200.7
2471.2
2860.6
3364.6
3903.1
4335
4900.4
5192.4
5465
5593.9
5616.9
5750
5910.8
5950.7
6045.4
6284.9
6162.7
5910.9
5558.3
5329
5074.5
4939.4
5099
5373.6
5924.6
6531.2
7255.4
7737.9
7967.9
8232.4
8281.7
8325.6
8564.8
8543.5
8628.2
8709.1
8777.7
8475
7949.9
7146
6735.5
6254.4
6092.9
6150.6
6517.9
7143
7751.7
8376.1
8825.7
9199
9254.6
9274.7
9330.7
9423.6
9687.1
9659.9
9787.9
9871.6
9601.5
8989.1
8000.1
7291.4
6750.4
6359.8
6322.8
6659
7262.6
7871.8
8507.4
9226.7
9614.4
9748.8
9732.2
9687.3
9670.8
9867.3
10109.5
10229.5
10229
10219.6
9681.9
8805.7
7885.6
6907.6
6338.2
6020.4
6000.9
6291.5
6711.9
7159.5
7738.3
8425.6
8893.7
9108.5
8961.4
8805.4
8562.5
8699.4
9036.1
9086
9192.8
9276.8
8935.3
8193.4
7279.1
6321.8
5774.6
5293.1
5277.6
5520.4
5978.6
6385.9
6930.9
7522.6
8146.7
8533.9
8648.3
8441.4
8176.3
8064.3
8105.6
8519.2
8749.3
8728.8
8964.6
8592.1
8125
7068.8
6137.3
5576.9
5027.1
4984.1
5171.6
5440.6
5661.2
6046.3
6586.5
7118.5
7554.6
7805.6
7632.7
7237.5
6954.1
6854.8
7043.1
7391.5
7308.7
7250.9
7169.9
6808.3
6518.1
5039.2
4274
3547.1
3160.2
3106.6
3029.2
3129
3106.6
3156.6
3359
3620.4
4027.5
3966.4
4005
3808.2
3609.3
3542.3
3682.6
3991.1
4121.1
3991.9
4164.1
3841.2
3620
2995.5
2518.7
2147.3
1923.4
2034.7
2032.1
2121.5
2223.5
2296.5
2380.6
2632.3
2847.5
2987.2
2883.8
2766.2
2616.9
2525.7
2500.5
2496
2711.1
2601.2
2501.2
2527.7
2412
2199.4
1916.8
1664.7
1541.9
1513.2
1536.3
1532.1
1610.6
1783.3
1890.3
2127.1
2348.2
2675.2
3040.8
3163.2
3478
3522
3539.1
3379.4
3317.3
3413.7
3392.7
3544.9
3502.8
3479.6
3265.4
3263.3
3204.7
3022.5
2656.9
2202.3
2076.9
2206
2232.8
2262.2
2274.6
2468.5
2716.3
3053.1
3455.6
3912.7
4389.4
4912.9
5376.2
5770.5
6010
5874.2
5634.6
5356.4
5476.8
5724.2
5777.3
6003.9
5910.9
5676.8
5370
5444
5281.9
4558.2
3691.8
3230.2
3283.6
3418.9
3343.6
3368.6
3385.8
3610.8
3964.8
4463.7
5066.4
5695.7
6437.3
7241.7
7834
8320.6
8649.6
8475.6
8077.4
7604.4
7763
8148.5
8298.5
8705
8511.7
8203
7609.1
7747.7
7656.6
6849.1
5381.5
4522
4612.7
4791.6
4802.3
4570.6
4493.6
4649.2
5080.2
5547.9
6259.9
6986.9
7810.7
8710.6
9719.2
10462.5
11140.5
11433.6
11131
10515.5
9904.5
10302.1
10858.1
11028.5
11632.9
11555
10975.6
10206
10212.3
10255.8
9279.1
7307.8
5844.6
5883.2
6143.7
6160.6
5970
5999.5
5935.6
6329.1
7007.6
7737.1
8656
9653.6
10866.3
12042.7
13213.3
14094.8
14964.8
15119.8
14549.4
13778.3
13322.6
13760
14267.7
14788.8
15229.2
15175.9
14687.3
13566.1
13423.5
13638.8
12317.2
9864.2
7987.2
7843.5
8373.9
9729.8
12577.6
14768.4
14844.4
12446
10410.9
10395.4
11214.1
12305.7
13714.9
15256.5
16825.9
18011.7
19150
19873
19918.5
19120.6
18181.6
17748
18381.9
18882.6
19584
20132.9
20071.2
19295
18139.1
17852.7
17655.2
15896.1
12698.8
10276.9
9455.2
9300.5
9261.5
9070.9
8716.2
8329
8291.1
8766.5
9335.7
10146.2
11142.6
12289.1
13650.9
14932.3
16109.9
17341.3
18010.5
18652.2
18357.5
17562.1
16833.2
16587
16944
17517.6
17816.5
18103.6
18027.2
17191.6
16410.3
16059.6
15446.8
13888.6
11383.2
9055.5
8022.8
7572
7382.5
7098.1
6882.5
6303.2
6186.3
6192.1
6393.7
6850.8
7417
8012.9
8771.8
9633.9
10424.7
11243.6
11933
12360.7
12570.1
12550.6
12028.3
11715.6
11439.7
11587.1
11851.3
12082.6
12146.2
12128.2
11652.1
11270.3
10812.2
10283
9142.2
7849.9
6349.9
5350.2
4819.1
4403.9
4094.2
3843.1
3447.8
3281.5
3109.5
2958.4
3009.8
3101.5
3379.4
3592.8
3844.2
4284.8
4386.8
4755.6
4931.9
5128
5166.8
5181
5034.6
4821.1
4791.5
4783.1
4861.1
4832.5
4993.2
4888.4
4767.3
4580.5
4391.8
4135.3
3757.9
3228.1
2667.6
2284.5
1939.9
1606.1
1409.8
1254.9
1099.3
976.4
838.7
659.6
671.2
538.8
488.3
498.3
389.6
415.6
405.1
485.2
440.7
417.1
406.9
359.4
353.8
372.3
350.9
389.2
436.8
358.1
369.1
392.1
492.5
391.4
399.7
418.6
477.4
505.2
433.1
620.2
470.7
449.7
452.4
509.9
486.8
587.8
546
548.9
540.4
587.9
719.2
753.5
820.4
785
728.1
780.4
760.9
787.8
713.9
788.6
804.2
980.7
864.6
897.1
928.5
982.1
1077
1070.9
1121.8
1212.4
1321.3
1397.2
1666.4
1731
1836.6
2023.5
2300.3
2480.5
2606.2
2788.8
3190
4477
5742.7
5318.7
3778.9
1701.8
1331.5
1253.6
1322
1509.3
1444.6
1584.7
1717.3
1907.9
2105.5
2378.6
2592.5
2948
3379.6
3737.4
4217.4
4729.4
5366.6
5977.1
6701
7517.8
8275.2
9254.4
10212.1
11246.4
12406.3
13577.9
14595.1
16335.4
20502.3
26313
29211.5
25945.6
17357.1
9173.4
5076.1
3864.4
3358.7
3091.1
2885.9
2763.8
2543.5
2474.3
2534.8
2421.9
2534.6
2482.9
2628.6
2601.7
2687
2801.6
3002.1
3114.2
3411
3659.4
3989.4
4323.6
4655.6
5008.8
5373.8
5800.1
6256.4
6617.8
6955.9
7256.9
7401.1
7688.1
7786.6
7965.6
8012.8
8037.2
8149.8
8217.5
8325.1
8271.5
8187.9
8276.4
8273.3
8040.3
7811.9
7623.3
7438.3
7189.6
6874.9
6603.3
6261.1
6031
5779.8
5552.3
5308.4
5095.4
4945.6
4904.1
5035.7
5073.6
5237.6
5625.4
5819.9
6179.4
6584.5
7171.1
7714.8
8301.1
9002.7
9703
10459.5
11283.1
12178.4
12974
13667.2
14076.7
14457.7
14665.5
14871.8
15071
15164.4
14936.1
14913.2
15089.4
15056.2
15069.3
14804.6
14804.1
14751.9
14722.3
14366.9
13897.3
13676.5
13291.5
13070.5
12643
12128.4
11698.6
11467.4
11162.4
10918.4
10698.2
10778
10864.4
11005.5
11058.3
11058.2
11139.8
11130.3
11035.4
10855.1
10886.6
10953.1
11062.1
11227.7
11545.5
11894.9
12533
13385.4
14119.2
15075.5
16072.7
16857.1
17775.9
18392.7
19160.9
19936.8
20459
21222.9
21524.8
22013.7
22610.5
23300.4
23526.2
23810.2
24178.1
24682.2
25112.5
25635.9
26013
26348.2
26355
26325.4
25829.4
25256.4
23982.1
22485.5
21098.7
19483
17918.6
16528.1
15267.9
13659.6
12378.3
11146.1
10198.8
9341.2
8942.2
8815.7
8891
9145.5
9406.9
9904.2
10307
10976.7
11762.1
12771.5
13436.2
14464.4
15620
16776.8
17765
18945.1
20205.4
21243.5
22288.7
23445.7
24480.7
25595.2
26932.4
28110.2
29108.3
30047.8
30841.7
31157.9
30948.8
30528.1
30186.6
29127.8
27916.6
26737.6
25459.6
24149.5
22718.3
21255.8
19531.3
17991.4
16339.9
14810.8
13428.3
12303.8
11305.6
10551.6
9739.2
9181.3
8702.4
8180.5
7839.1
7578.5
7350.4
7242.3
7280.6
7404.9
7526.7
7845
8047
8307.9
8810.3
9282.2
10030.6
10588.2
11127.8
11866
12668.5
13177.6
13864.1
14334.2
14791.9
15205.4
15505.5
15907
16112.4
16369.5
16563.4
16677.4
16725.1
16872.1
16971.6
16777.9
16755.4
16517.9
16366.6
15900.8
15609.9
15170.1
14689.4
14496.5
14244
14199.2
14325.2
14642.6
14973.6
15102
15228.7
15117.3
15105.9
14850.5
14541.9
13374.6
12615.3
12025.1
11453.2
10756
10106.2
9506.1
8879.9
8196
7425.7
6743.1
6072.6
5455.5
4739.8
4026.5
3491.3
3047.3
2849.4
2555.8
2452.8
2281.7
2350.1
2247.4
2358.3
2335.1
2383.9
2458.2
2536.2
2633.4
2822.6
2818.9
2958.5
3129.3
3177.1
3367.9
3638.2
3777.6
3918.7
4120.4
4127.6
4199.6
4201.6
4271
4269.8
4206.9
4076.7
3948.1
3867
3682.6
3494.8
3315.4
3210.9
3036.4
3028.6
2560
2404.1
2185.5
2166
1899.2
1737.7
1531.3
1437.5
1366.2
1295.5
1313.3
1331.3
1356.6
1293.4
1342.6
1374
1504.2
1548.4
1602.9
1683.4
1812.1
1983.1
2130
2263.4
2459.4
2679.1
2768
3072.5
3320.8
3596.6
3869.6
4045.7
4257.1
4363.4
4422
4547.6
4485.6
4496.1
4449.9
4411.1
4364.8
4276.5
4179
3887.7
3764.3
3667
3516.6
3190.8
2839.5
2703
2501
2300.9
2092.4
1817.4
1562.2
1551.7
1316
1275.8
1187.1
1094.8
1127.2
1102.6
1091.4
1078.3
1094
1063.8
1050.1
1047.3
1054
1102.8
1065.8
1199.9
1247.5
1257.9
1401.1
1401.1
1556.4
1609.4
1718.9
1831.1
2095.7
2335.7
2462.1
2669.4
2658.7
2684.6
2897.9
2909.3
2752.7
2727.6
2739.7
2815
2809.8
3036
2582.4
2498.4
2424.3
2398.5
2207.2
2028.4
1858.9
1637.8
1501
1445.3
1325.7
1054.2
935.7
792.4
764.4
682.9
585.2
591.2
645.9
638.2
618.9
603
633.9
648.9
461.4
586.4
558.9
496.2
601.3
504.3
426.3
449.9
418.6
428.3
381.9
392.4
310.7
239.9
268.3
276.9
274.3
198.3
288.8
146.4
176.4
161.7
174.5
91.4
212.7
67.5
159.2
156.9
162.2
151.7
225.6
212.1
243.7
206.3
255.9
313.7
326
395.3
481.5
409.9
479.4
459.6
423.6
369.2
455.4
379.5
444.5
398.5
377.3
395.3
318.8
290.8
297.8
326
312.9
253.2
331.1
161.7
173
325.5
61.5
105.2
120.6
47.4
78.4
61.1
29.3
11.8
0
59.6
58.9
78.1
239.8
84.6
17.6
12.9
55.4
109.1
56
58.7
81.5
99.9
144.3
85.9
118.6
163.4
179.5
201.4
184.2
218.3
307.8
280.4
313.4
311.2
372.7
357.8
336.2
302
366.5
361.2
363
274.4
312.7
287.6
226.7
218.1
242
174.4
143.7
230.3
182.9
145.7
213.1
231.7
283.8
452.9
641.4
840.1
852.5
865.8
779.2
759.7
720.9
752.8
765.8
877.5
851.8
710.1
621.7
651.8
516.1
589.2
469
440.9
404.9
348.5
355.2
276.5
291
274.4
258.3
297.5
332.6
289.5
469.4
305.7
272.8
301.7
280.3
333.6
361.7
276.5
335.3
325.8
389.7
434.1
398.4
380
366
378.7
283.2
341.1
282.3
303.6
234.3
183.3
221
224.8
141.4