NaN
5187.9
3359.9
1733.8
1293.7
1387.9
1600
2027.7
2474.4
3087.8
3932
5006
6288.9
7924.9
9770.7
11972.4
14678.5
17368.9
19249.5
18156.3
13062
7583.6
3269.4
1859
1899.8
2214.7
2520.6
3028.4
3679
4637.2
5661.3
7180.4
9131.7
11177.6
13806.7
16832.9
20731.7
25173.1
29547
31371.2
27538.1
18292.2
9437.7
2896.3
1317.7
1126.4
1019.6
970.5
877.6
896.2
1016.3
859.8
853.1
898.2
1140.3
1161.5
1357.5
1563.8
1805.9
2190.6
2481.1
2469.1
2253.6
1663.6
1260.1
942
990.9
1066.5
1221.5
1528
2031.8
2585
3191.8
3910.8
4739.3
5551.3
6155.5
6056.6
4850.3
3296.9
1939.6
1276.9
1275.7
1387.8
1686.8
1728.7
2090.8
2345
2693.1
3644.8
4698.1
5961.7
7380.9
8979.3
10775.8
12870.4
14352.9
14285.9
11593.9
7606.1
4276.2
2042.4
1683.4
1855.6
2107
2404.8
2674.5
3205.8
3761.4
4573.2
5515
6770.8
8124.5
9866.8
11996.1
14441
17193.9
21004.1
25357
27977.5
27716.9
22778.4
15238.9
8155.1
3036.3
1814.2
1751.4
1733.2
1987.5
2072.4
2453
2747.9
3296
3893
4621.1
5673.2
6724.3
8199.5
9738.3
11626.4
13826.4
16441.2
19457.4
23775.4
27343.6
28506.8
26029.9
19862.3
12412.9
6154.5
2586.9
2171.2
2280.6
2457
2684.8
3064.6
3468
4106.8
4888.1
5252.6
5236.9
4560.5
3442.9
2361.7
1597.4
1308.2
1400.2
1441.6
1591.5
1744.7
2068.5
2629.4
3024
3660.9
4392.7
5043.3
5745
6868.6
7915.2
8571
8382.5
7112.4
5146.9
3205
1600.7
1182.6
1107.3
1186.3
1211.3
1291.4
1373.5
1543.3
1659.5
1817.9
2117.1
2625.6
3343.1
4199.7
5095.1
6044.7
6977.7
8107.6
9839.9
11592.8
12441.7
12205.1
10521.3
7605.9
4538.5
2160
1335.3
1303.9
1385.2
1345.4
1450.5
1553.6
1558.4
1716.7
2000.4
2038
2289.3
2611.8
2994.8
3449.5
4059.8
4799.5
5488.7
6352.2
7398.5
8600.8
10105.6
12105.9
13477.4
13653.8
12496.4
9948.5
6545
3427
1330.6
839.4
793.8
726.6
730.4
744
836.8
817.6
1042.8
1089.5
1183.2
1260
1443
1597.1
1826.4
2025.2
2362.4
2681.6
3080.3
3552.3
4040.8
4732.2
5453.5
6364.8
7596.2
8866.2
9516.6
9533.4
8662.2
7270.8
5655.2
4152.3
3276
2763.6
2148.3
1610.3
1023.2
738.2
887.7
719.6
777.5
760.9
708.4
751.9
801.2
960.6
1088.2
1229.9
1417.8
1641.4
1896.8
2158.4
2420.2
2796.1
3385
3873.4
4002
3857.1
3551.4
2622.7
1721
857
485.5
396
359.2
364
348.3
396
418.1
431.1
494.8
571.2
559.3
872.4
646.8
734.3
877.4
1058.8
1468.7
1530.1
1887.6
2168.7
2434.3
2845.6
3291.8
3996.6
4707
5002.7
4830.9
4491
3464.7
2383.4
1363.8
847.9
816.6
829.6
801.2
768
687
671
637.4
558.9
595.8
562.2
623.4
683.6
697.7
726.5
864
970.3
1007.3
1174.4
1467.8
1506.5
1711.4
1948.2
2256.8
2570.2
2917.1
3345.8
4027
4568.4
4818.8
4662.7
4248.8
3528.2
2512.3
1494.2
731.5
489.5
497.8
453.6
442.6
489
523.1
523.4
543.4
586
595.1
613
639.3
735.8
771.6
806.7
856.4
892.7
982.2
1149.6
1385.2
1527.2
1752.9
2030.6
2429.4
2570.5
2709.1
2701
2763.5
2632.4
2491.2
2565.3
2655.1
2690.6
2620.7
2395.5
2040
1578.8
1054.2
684.7
592.5
467.4
478.1
491
509.7
627.8
695
763
885.9
957.8
1097.4
1240.1
1373.4
1503.2
1702.3
2062.2
2231.4
2276.6
2104.6
1935.9
1595.7
1105.3
710.9
399
292.4
313.3
344.9
367.7
344.8
307.5
340.5
333.6
449
367.4
391
414.4
431.8
428
527.2
458.1
448.8
469.1
596.1
574.9
679.8
786.5
959.1
1039.4
1317.7
1373.1
1559.9
1716.6
1984.4
2315.4
2562.9
2674.1
2618
2575.4
2361.2
2003.6
1608.8
1296.9
1198.8
1125.5
1044.2
968.7
879.5
686.2
591.6
443.4
324.6
344.4
328.7
477.9
557.7
625.7
707.5
696.7
812.8
829.1
820.7
617.4
554.8
556.7
624.2
710.9
745.7
847.9
885.8
989.6
997.9
1172.1
1236.2
1311.8
1464.9
1575.3
1719.7
1897
1974.4
1914.8
1831.9
1653.6
1471.4
1145.4
792.9
584.6
507.6
417.3
381.8
429.9
371.7
374.3
404.6
362.9
411
455.1
488
478.3
542.1
622.7
737.3
790.3
834.3
775.6
725.2
679.9
584.3
535
353.2
275.2
270.2
321.7
289
327.3
347.5
502.4
436.1
436.3
485.5
521.7
528
573.7
667.6
699.6
743
869.1
850.9
865.8
870.9
840.6
778.7
753.7
715
705.3
663
678.7
744.4
759.8
856.6
877.4
984.9
1018.4
1045.7
963.8
921.1
842
738.9
690.1
500.1
454.6
421.8
398.9
452.9
373
339.8
379.4
352.9
364.5
304.5
401.6
302.1
312.4
318.3
305.6
368.5
405.9
444.3
609.1
511.5
533.6
540.1
576.5
641.1
675
714.1
686
797.5
819.3
872.7
948.1
937.5
1001.3
1249.8
1199.9
1256.7
1297.9
1450.3
1548.4
1642.5
1639.8
1660.6
1712.3
1653.2
1606.6
1545.3
1528.7
1336.8
1255.1
1209.3
1154.6
1002.3
873.4
769
747
657.3
643
619.8
526.7
477.8
432.9
518.4
454.5
458.8
355.6
348.2
353
367.4
418.3
485.4
559
381.8
351.4
362.6
303.3
300.6
365.3
328.3
334.8
324.8
336.8
374.6
334.1
334.5
356.3
348.3
323
310.3
478.2
395.2
350.9
372.8
500.2
432.1
496.2
597.6
570.5
497.2
474.3
478.6
419.4
431.5
519.1
477.6
575.7
657.5
736.5
852.6
959.5
1112.6
1115.7
1261.4
1388.2
1465
1501.4
1534.2
1635.8
1711.6
1753.2
1752
1809.5
1777.3
1783.4
1813
1754.5
1840.8
1897.4
1817
1822.3
1828.9
1857
1968.9
1937.9
1963.7
1993
1958.7
1995
1896.2
1859.6
1877.2
1775.6
1753.8
1734.5
1766.1
1787.2
1929.7
1854.2
1878.6
1893.8
1905.3
1918.1
1882.1
1895.4
1851.2
1816.8
1888.9
1873.9
1850.6
1793.7
1822.8
1782.9
1808.8
1728.2
1736
1729.9
1725.5
1666.4
1554.2
1532.9
1478.6
1351.3
1302.1
1262.1
1281.7
1338.1
1304.1
1434.3
1387.9
1395.3
1461.8
1586
1561.3
1502.5
1473.5
1466.2
1386.7
1316.3
1255.5
1187.4
1187.3
1116.2
1034.2
1022.9
1044.8
1010.9
989.8
1069
1136.4
1093.6
1088.6
1124.8
1102.3
1021.3
1033.4
1055.1
1031.5
962.7
1011.8
957
969.5
937.3
933.6
948.9
974
1033
1130
1114.1
1126.3
1096.6
1057.9
1028.8
1004.6
926.6
850.1
765.3
806.6
549.4
547
554.3
461.7
523.5
510.4
484.5
502
484.2
593.7
472
600.7
579.7
570.5
611
616.4
693.3
679.8
689.9
705.3
726.3
820
766.1
836.1
882.9
911.5
942.3
935.9
983.6
1030.1
1080.4
1068.4
1146.6
1125.3
1299.8
1434.9
1530.9
1684.1
1724.8
1994.8
2222.3
2523
2889.5
3443.1
3997.6
4407.6
4857.3
5155.8
5421.8
5456.8
5560.1
5659.8
5759.3
5824.6
5997.3
6145.3
5943.8
5679.3
5257.2
5070.5
4940.5
4815.9
5102
5468.8
5991.3
6586
7280.4
7660.5
7853
8018
8132.8
8193.7
8437.5
8353.2
8467.1
8621.7
8460.1
8119.2
7588.2
6830.8
6434.1
6018.3
5954
6109.1
6557.7
7057.9
7754.4
8414.4
8681.8
9067.2
9031.8
9159.4
9130.1
9273.5
9527.3
9492
9610.6
9635.6
9227.7
8459.9
7596.3
6918.7
6485.5
6198.9
6248.4
6655.6
7267.2
7818.7
8541.1
9144.1
9449.7
9555.8
9527.2
9531
9564.9
9784.1
9926.9
10052.9
10133.9
9857.1
9288.7
8323.7
7423.1
6598.2
6047.2
5863.6
5921.7
6272.5
6746.1
7193.5
7806.3
8514.5
8828
8946.7
8696.5
8594.5
8395.5
8578.1
8905.1
8965.6
9082.2
9042
8651.4
7766.2
6808.6
5999.5
5510.5
5090.9
5217.3
5567.9
5931.1
6370.8
6943.2
7564.2
8164.9
8473.6
8437.2
8211.3
8023.8
7909
8172.4
8490.9
8623.7
8698.1
8842.6
8343.4
7760.4
6643.3
5843.5
5305.3
4864.2
4927.8
5210.6
5412.1
5717.7
6139.1
6687.1
7251.6
7605.2
7804.4
7542.8
7155.4
6916.7
6821.1
7148.1
7388.9
7313.9
7276.1
7093.9
6635.3
6160.7
4769.7
4028.5
3419.7
3122.3
3060.1
2992.3
3068.7
3045.4
3181.7
3393.9
3665.9
4074.8
3939.2
3912.9
3724.3
3564.5
3545.6
3688.6
4027.4
4090.2
3989.6
4096.8
3783.8
3478.8
2779.4
2352.2
2015.2
1917
1997
2008.5
2063.4
2181.8
2284.9
2349.1
2606.5
2755.2
2871.1
2738.5
2660.3
2570.1
2494.9
2457.2
2500.4
2676
2514.8
2455
2441.4
2341.8
2036.6
1736.4
1540.2
1427.9
1480.4
1467.6
1442.6
1584.1
1727.7
1849.1
2081.6
2335.6
2681.3
3007.8
3160.6
3421.3
3375.5
3381.5
3187.4
3188.8
3323.2
3296
3482.6
3415.8
3287
3132.9
3166.6
3068.2
2828.3
2394.3
2106.5
2023.1
2114.7
2176.9
2196.8
2222
2406.4
2720
3074.1
3512.9
3943.5
4420.7
4937.5
5417.6
5690.6
5903.4
5637.8
5391.9
5210.6
5371
5592.2
5721.1
5872.1
5723
5406.2
5205.8
5295.3
5009.9
4173.9
3369.6
3087.7
3232.3
3279.1
3260.4
3314.4
3272.3
3641.5
3977.9
4491
5099.3
5787.8
6504
7286.9
7787.5
8283.1
8449
8224.5
7767.9
7410.9
7730.9
8045.1
8263.1
8628.2
8262.4
7840.7
7384.1
7682.7
7320.2
6286.1
4868.7
4449.3
4581.8
4668.1
4642.8
4450.2
4430.1
4626.3
5150.1
5610.4
6362.6
7074.1
7931.6
8827.4
9873.8
10455.1
11110.9
11198.8
10849.5
10169.9
9818.7
10391.8
10742.8
11005.9
11548.9
11198.4
10664.1
9946.6
10220.8
9912.5
8581.1
6591.5
5714.1
5854.8
6079
6033.8
5869.5
5863.1
5970.9
6480
7106.6
7915.6
8849.1
9882.1
11118.9
12309.8
13363.3
14285
14997.8
14946.9
14319.2
13429.6
13272.9
13911.1
14355.8
14885.9
15252.5
14993.3
14308.7
13272.7
13605.9
13374.5
11703.1
9049.1
7891.3
7974.3
8766.3
11522.9
15833.4
18156.3
17178
12895.4
10667
10735.6
11645.8
12685.5
14165.6
15737.2
17344
18354.7
19424
19976.2
19772.2
18867.2
17940.6
17810.8
18534.4
19077
19845.6
20274.8
19914.5
18930.6
17950.3
17879
17263.1
15056.6
11741.6
9807.9
9425
9324.6
9230.9
8978.5
8606.2
8220.2
8392.7
8905.8
9558.6
10424.6
11415.2
12730.8
14072.2
15329.4
16457.3
17520.8
18288.5
18710.1
18166.5
17404.9
16684.2
16674.6
17054.8
17737.2
17963.6
18211.9
17820.2
16927.9
16336.8
15976.4
15129
13224.1
10676.2
8605.8
7753.2
7476.8
7297.1
6996.6
6749.3
6227.2
6197.3
6215.8
6545.1
6929.9
7482.5
8229.8
9000.4
9833.1
10668.2
11444.9
12069.5
12478.6
12522.1
12400.3
11952
11602
11411.3
11566.2
11871.5
12182.8
12248.7
11992.7
11526.7
11141.1
10668.5
9980.2
8739.9
7415.1
5969.5
5101.4
4645
4276.7
3939.8
3706.4
3353.6
3156.8
3000.8
2923.5
3034.2
3092.4
3451.3
3583.7
3913.5
4354.4
4531.9
4803.8
4993.4
5120.9
5182
5132.8
4959.9
4861.3
4779.7
4780.4
4910.6
4838.4
4947.9
4809.6
4741.4
4495.1
4311
3997.8
3583.8
3035.7
2482.7
2145.5
1859.2
1512.9
1344.6
1189.6
1021.8
877
759.8
593.1
611.1
484.3
455.5
450.9
356.1
389.4
357.8
435
406.2
344.2
382.3
326.1
323.7
365.1
345.3
362.4
401.9
328.4
347.1
360.6
438.4
346.7
371.9
418.3
437
461.2
421
569.9
449.9
400.1
444.8
469.2
419.7
560.7
486.1
545.6
526.2
550.1
708.8
710.1
796.7
690.1
665.6
718.6
732.1
744.7
710.1
782.1
803.5
938.3
843.3
889.7
927.1
953.3
1053.6
1072.9
1144.9
1197.5
1344.1
1436.4
1715.2
1769.5
1866.4
2053.3
2358.7
2510.7
2670.6
2856.3
3434.3
5058.8
5746
5072.8
2997.2
1391.2
1271.6
1229.8
1301.9
1491
1436.6
1560.1
1741.4
1924.3
2141.1
2444
2720.6
3020.1
3501.2
3862.9
4394.3
4931
5530.6
6225.8
7013.7
7790.5
8708
9696.2
10689.4
11738.4
12944.7
14094
15302.2
17552.4
22591.2
28329.5
29536.6
24144.8
14515.1
7584.8
4433.2
3664.1
3216.6
2995.6
2781.3
2661.3
2453.5
2372.1
2458.2
2340.3
2483.7
2453.2
2591.9
2564
2683
2796.7
3003.8
3184.9
3453.4
3696.2
4028
4369.2
4689.4
5009.4
5479.2
5885.6
6333.6
6711.1
6999.1
7293.6
7433.7
7716
7764.6
7950.8
8030.6
8078.7
8140.6
8222.4
8228.8
8215.9
8152.5
8228
8188.9
7936.2
7755.2
7499.8
7383
7069.2
6722.6
6444.9
6137.5
5920.8
5602.4
5376.9
5156.8
4966.9
4879.2
4877.1
5020.6
5051
5257.9
5629.7
5815.7
6302.2
6660
7278.5
7801.4
8462.7
9149.4
9924.8
10702.8
11500.5
12369.9
13204.2
13801.7
14218.4
14487.6
14711.5
15021.9
15101.7
15090.1
14973.6
14983.2
15053.7
15099.3
14987.1
14846.9
14816.2
14806.4
14649.3
14180.1
13801.6
13542.7
13205.3
12962.1
12466
11984.6
11600.9
11345.2
11078
10846.1
10651.1
10848.4
10863.1
11053.3
11087.6
11108.9
11115.9
11063.8
10913.5
10813.7
10888.4
10980.1
11108.2
11299
11584.2
12075.7
12713.5
13594.1
14438
15348.2
16253.6
17132.8
18004.9
18609.2
19394.2
20092.4
20690.6
21372.6
21707.2
22227
22925.6
23451.2
23680.2
23938.8
24367.1
24962.4
25400.3
25929.7
26220.3
26423.1
26480.1
26361.1
25851.5
25107.2
23765.1
22204.2
20733
19116.9
17619.6
16117.2
14736
13232.4
11979.4
10842.2
9876.8
9190.4
8923.7
8766.2
8907.1
9173.8
9574.1
10013
10447.4
11200.8
12021.2
12965.7
13750.2
14887.9
15984.2
17138.4
18266
19433.2
20653.7
21627.2
22660.8
23902
24968.4
26148.2
27535.7
28728.6
29766.7
30665.3
31253.9
31409.1
31118.6
30641.3
30228.6
29077.5
27716.6
26504.5
25252.3
23857.6
22465.5
20835
19150.7
17558.2
15931.2
14383.3
13036.2
11985.6
11005.7
10268.8
9536.5
8986
8460.1
8007
7722.5
7426.2
7322.9
7212.3
7222.7
7356.9
7557.2
7883
8148.8
8467.5
8896.5
9475.9
10199
10791
11383
12031
12882.8
13471
13966.3
14508.5
14922.5
15364.3
15667.5
16044.3
16233.1
16441.4
16680.9
16716.4
16830.9
16931.9
16939.1
16777.5
16680.5
16471.1
16270.7
15788.7
15468.3
15056.4
14541.4
14199
13979.3
13854.1
13877.5
14017.2
14075
13964.6
13919
13777.7
13561.2
13070.1
12710.5
11601.4
10977.3
10408.4
9833.4
9234
8594.2
8105.6
7437
6882.1
6279.1
5730.5
5175.5
4635.7
3947.9
3470.1
3061.5
2674.7
2509.8
2330.7
2263.8
2141.1
2222
2181.6
2278.8
2288.1
2325
2360.1
2526.4
2611.4
2773.2
2796.3
2959.1
3106.9
3167.4
3402.8
3600.6
3796
3929.8
4094.6
4143.5
4213.8
4158.7
4244.3
4229.1
4105.4
4041.3
3919.3
3813.6
3618.9
3405.1
3297.4
3168.9
2938.9
2943.5
2449.1
2298.7
2129.3
2040.7
1823.8
1655
1494.4
1368.7
1339.4
1244.9
1317.8
1309.5
1313.9
1279.8
1312.8
1372.4
1507.6
1554.8
1632.8
1727.4
1883.6
1981.5
2154
2283.8
2516.8
2786
2870.7
3176.9
3451.5
3723.1
3996.8
4129.5
4319.7
4371.5
4480.4
4624.8
4532.5
4487.9
4484.8
4449.2
4362.2
4275.8
4153
3886.5
3736.2
3640.6
3489.1
3091
2839.5
2653.9
2444.9
2252.6
2035.7
1789.2
1498.6
1471.9
1281.3
1210.1
1143.6
1109.9
1108.8
1110.3
1097.5
1055.6
1107
1074.9
1048.2
1067.4
1066.2
1139.8
1105.7
1234
1283.5
1266.1
1444
1449.3
1595.8
1687
1794.3
1940.7
2200.9
2445.8
2582.9
2748.5
2741
2788.2
2975.7
2941.4
2816.8
2759.4
2791.3
2852.6
2834.1
3066.2
2577.7
2517
2471.6
2401.2
2202.5
1978.6
1840.8
1675.3
1489.9
1373.5
1263
1020.8
902.8
770.3
767.2
657.2
565.4
579.3
628.7
660.8
634.5
618.3
580.5
646.7
488.4
591.9
543.7
459.2
570.4
459
418.1
452.1
404.9
415.1
352.7
366.9
287.2
233.6
244.3
256.9
258.9
167.6
270
122.2
170.5
160.2
188.7
64.4
196.6
83.2
142.7
177.5
177.5
152.7
230.1
211.4
244.8
212.2
243.3
320.5
337.8
417.5
501.9
430.9
464.3
457.7
442.5
378
435.9
391.1
422
387.1
367.9
377.5
296.1
235.2
281.6
298.5
296.9
247.1
338.7
139.9
142.6
312.8
88
96.5
129.6
35.8
81
67.3
23.4
0
34.8
56.4
37.8
81.7
273.4
76.1
0.9
35.6
79.7
138.7
57
65.6
80.3
95.9
159.1
92.7
83.4
172.4
189.1
224.9
205.4
215.4
289.9
303.2
335.4
318.7
367.2
340.5
337.8
314.8
385.6
352
333.6
266.5
320.2
290.5
220.7
205.4
238.3
177.5
149.8
231.7
194.4
116.7
182.6
204.6
259.6
371.4
586.4
717.7
702.9
647
607.5
611.8
576
616.9
637
723.7
696
561
489.6
501.6
380.4
500.2
370.7
360.1
364.9
272.8
328.3
260
261.4
271.5
258.7
303
315
297.9
483.4
320
292
297.5
250.7
330.4
357.5
270.8
332.8
337.4
404.5
428.3
377.7
375.9
400.4
377.1
294.8
338.8
263.7
300.4
210.5
166.8
175
189.4
145.7