NaN
5224.5
3386.5
1783.6
1320.1
1400.7
1655.2
2060.5
2502.9
3119.2
3920.4
5059.3
6289.4
7993.1
9765.6
12140.9
14759.9
17558.5
19428.5
18315.7
13215.1
7672.2
3320.4
1871.7
1960.7
2219.8
2594.4
3059
3726.6
4676.6
5743.4
7209
9176.5
11301.6
13999.8
17091.3
21047.1
25500.9
29976.6
31703.9
27935
18645
9664.4
2936.3
1328.9
1109.4
1076.9
1001.4
911.1
890.3
1025.2
886.8
854.4
936.2
1159.3
1160.6
1346
1595.4
1835.9
2132.7
2470.5
2419.6
2263.7
1642
1299.5
960.9
988.9
1036
1253
1531.7
1996.5
2567.2
3199.4
3877.7
4721.9
5565.6
6085.5
6076
4851.6
3329.3
1986.7
1308.1
1300.9
1398.3
1729.2
1733.9
2057.5
2369
2727.7
3663.5
4667.7
5997.2
7408.5
8993.4
10800.9
12891
14373.3
14363.4
11663.8
7748.1
4291.2
2057.8
1699.1
1845.5
2098.8
2388.2
2701.1
3201.2
3787
4647.8
5536.8
6795.6
8227.5
9968.3
12107.6
14588.7
17311.1
21133.5
25415.1
28134.7
27840.8
22915.6
15481
8325.6
3063.2
1860.3
1768
1788.9
1980.4
2109.6
2440.6
2790.5
3299.4
3923.4
4679.1
5743.1
6750.8
8253.4
9849.2
11731.5
13984.6
16606.2
19741.1
24033.5
27664.1
28879.8
26443.4
20244.9
12685
6326.9
2652.7
2217.8
2273.7
2424.5
2689
3057
3457.4
4112.3
4876.4
5242.5
5135.5
4550.7
3457
2364.8
1599.6
1309.5
1401.7
1462.5
1563.9
1787.8
2063.4
2615.3
3051.2
3674.2
4364.2
5034.4
5733.6
6851.3
7868.5
8524.7
8407.2
7067.7
5127.6
3150.5
1656.5
1219.1
1138.9
1198.7
1220.5
1342.5
1391
1565.9
1649.3
1827.8
2133.8
2657.6
3335.3
4193.2
5112.6
6063.1
6955.5
8118.5
9874.1
11608
12490.3
12213.5
10559.4
7697.5
4597.4
2225.6
1377.6
1316.4
1419.7
1396.2
1489.4
1567.2
1588.7
1726.5
2034.9
2105.4
2327.4
2652.6
3060.9
3508.7
4078.4
4779.9
5576.2
6389
7534.2
8660.2
10268.3
12149.4
13627.9
13806.4
12638.7
10055.8
6595.4
3474.5
1353.3
871.9
805.5
746.9
787.3
755.7
877.3
838.5
1059.2
1119
1194.5
1279.6
1418.1
1623.8
1849.7
2028.8
2411.1
2675.9
3111.9
3641.9
4076.4
4777.6
5522.3
6420.3
7658
8947.4
9606.4
9621.2
8792.8
7347.8
5682.9
4176.5
3276.2
2755
2161.7
1647.1
1024.1
782.3
898.7
735.4
783.9
758.4
735.1
729.5
817.8
963.9
1092.8
1232.7
1462.3
1643.6
1887.6
2150.6
2420.9
2820.9
3393
3876.9
3988.4
3897.5
3556.1
2611.2
1746.2
851.1
503.6
389.3
356.7
373.8
362.4
439
430.7
469.7
525.2
585.6
551.9
894.1
646.3
765.5
898.8
1097.8
1458.1
1518.9
1903
2192.4
2441.1
2865
3359.6
4041.7
4696.8
4985.8
4851.9
4569.7
3500.5
2387.5
1449.2
885.5
849.6
839.3
857.5
786
722.7
682.9
685.4
574.5
626.2
581.7
620.2
696.4
736.2
750.8
873
961.4
1069.4
1209.1
1479.5
1530.2
1723.1
1993.2
2280.3
2583.3
2966
3440.8
4052.6
4562.6
4857.2
4721
4302.3
3603.5
2567.5
1541.6
760.7
489
503.2
468
464.6
500.9
532.3
520.6
559.2
615.7
647.9
634.6
641.6
756.5
762.5
837.8
842
959.6
1025.9
1158.1
1411.9
1510.7
1728.4
2022.9
2420.2
2614.7
2732.2
2724.7
2760.1
2631.2
2560.7
2616
2729.9
2724.6
2689.9
2429.4
2081.1
1651.4
1082.7
701.9
628.1
518.1
490.7
532
551.3
667
729.9
786.9
898.9
982.7
1110.4
1255.2
1384.8
1509.1
1746.3
2053.7
2196.9
2284.7
2125.7
1969.9
1623.1
1107.8
732.3
420.8
304.4
336.9
373.2
353.3
340.3
364
353.7
363.8
437.7
349.7
393.7
446.9
466.3
427.1
527.2
471.8
435.6
499
593.4
610.1
693.4
819.9
984.8
1052.6
1302.4
1398.1
1590.8
1743
1965.4
2324.1
2604.3
2742.2
2657.7
2620
2417
2075.2
1680.5
1363.1
1264.7
1225
1101.2
1011.3
946.4
725.9
586.1
474.6
340.3
324.1
382.6
495.8
581.1
641.7
725.9
772.6
856.8
855.7
860.6
657.3
590.5
601.7
627.1
743.9
789.5
871.8
897.6
1020.1
1031
1171.6
1243.8
1324
1501.4
1598.3
1728.4
1907.3
2007.3
1946.7
1851.3
1698.6
1501.2
1193.1
820.4
598.5
498
423.8
400.6
443.3
407.1
406.8
452.6
367.6
436.1
448.2
485.8
492.5
559.2
704.5
731.8
799.5
834.4
803.7
757.1
677.6
583
548.7
384.1
298.4
316.9
334.9
338.9
336.8
364.5
529.1
459.3
459
543.4
536.4
563.6
600.3
693.3
725.5
768.1
889.3
885.8
906.4
914.5
884.8
803.9
768.2
728
734.8
660.3
716.9
791
792
863.1
918.9
1017.7
1065.3
1065.6
1020.3
943.7
852.5
762.2
693.8
530.5
481.7
447.4
447
454.1
377.5
328.6
366.5
356.5
361.5
336.6
439.3
324.2
329.1
348.3
283.8
375.3
439.8
471.8
629.3
509.7
555.1
527
567.5
643.8
675.3
750.6
712.1
793.6
870.8
880.8
972.9
970.5
1039.2
1244.9
1222.7
1282.4
1302.8
1494
1538.1
1656
1673.4
1727.9
1705.9
1700.9
1645
1615.1
1575.3
1377.9
1330.1
1244.5
1158.6
1041.9
888.1
763.5
723.2
666.4
615.6
615.6
561.3
456.5
461.3
515.4
474
466.8
403.3
359.7
348.1
376.6
457.6
497.9
561.8
413
328.1
365.4
336.8
330.5
396.3
359.1
358.3
335.6
361.3
392.1
328.1
359.7
389.9
370.3
354.1
328.1
474.1
420.5
363.3
420.2
513.6
468.6
507.8
599.4
606
511.6
503.1
499.7
429.2
447.3
557
491.6
566.9
688.6
766.6
876.4
980.6
1099.4
1166
1218.2
1396
1464.7
1514.3
1581.5
1606.8
1767.8
1727.4
1720.4
1800.3
1799.7
1796.8
1779.2
1794.9
1880.8
1907.2
1838.2
1819.2
1819.9
1883.4
1975.4
1952
1963.6
2015.2
1983.3
1931.1
1916.9
1881.5
1882.3
1760.5
1735.4
1723.1
1797.5
1817.6
1919.5
1842.8
1908
1894.6
1896.7
1927.6
1869.5
1908.2
1854.2
1820.7
1924
1839.6
1841.7
1795.5
1873.3
1793.4
1796
1749.6
1738.7
1743.4
1740.6
1658.2
1573
1554.5
1476.8
1360.9
1304.1
1257.8
1242.7
1324.7
1321.2
1446.2
1378.6
1425.2
1450
1536.3
1564.9
1500.1
1437.9
1438.9
1370.7
1296.2
1246
1184.3
1178.4
1152.3
1049
1028.7
1054.2
997.4
1017.8
1121.2
1148.2
1124.3
1074.3
1142.2
1077.6
1033.9
1056.9
1077.9
1055.8
1009.4
1034.8
936.5
980.1
990.2
972.6
955.9
1045.1
1039.9
1155.7
1183.2
1174.3
1146
1107.8
1056.3
1051.9
992
857.9
774
812.7
553.3
546.1
598.1
487.7
515.5
524.1
531.8
529.1
530
605.9
548.9
640
615.5
604.4
642.9
667.6
710.2
712.5
690
709.6
741.1
886.1
829
857.5
875.8
937
964.6
980.4
1005.5
1072.8
1097.7
1089.3
1150.6
1172.6
1302.4
1495.3
1540.9
1700.3
1797.8
2025.2
2233
2535
2903.4
3397.5
3957.4
4378
4880.3
5131
5412.5
5462.6
5493.5
5646.8
5750.3
5804.4
5943.8
6136.7
5919.3
5678.5
5249.9
5092.5
4920.3
4836.1
5035.1
5435.2
5954.8
6566.5
7277.2
7623.2
7769.4
8028.2
8054.3
8175.3
8389.5
8313.5
8445.9
8574.3
8443.8
8095.8
7582.3
6838.3
6428.6
5997
5946.2
6068.2
6524.8
7066.7
7674.3
8330.2
8656.2
9008
8996.7
9066.2
9081.1
9284.1
9430.1
9464.8
9608.6
9572.4
9145.3
8478.7
7582.8
6932.9
6507.6
6133.3
6285.9
6663.4
7192
7853.3
8535.5
9116.2
9425.7
9521.7
9504.3
9490
9540.1
9755.8
9864.1
9984.7
10134.5
9866.1
9289.1
8295.5
7455.6
6603.4
6059.3
5854.3
5944.6
6254.6
6730.1
7177.6
7837.9
8418.2
8785.2
8958.2
8734.7
8606.9
8404.4
8626.3
8952.9
8975.4
9046.5
9041.2
8640.4
7776.8
6808.3
5994.1
5524.2
5158.1
5228
5504.7
5999.6
6404
6994.1
7599.3
8131.8
8455.9
8499.3
8253.7
8044.4
7954.2
8190.8
8574.8
8622.4
8705.9
8868.4
8454.9
7791.1
6682.9
5875.4
5350.8
4891.9
4985.1
5225.3
5457.8
5712
6188.9
6767.2
7340.6
7634.4
7877.5
7541.7
7192.3
6977.1
6888
7230.4
7475.5
7379.4
7266.7
7115
6736.7
6226.5
4785.7
4098.6
3476.7
3201.1
3117.7
3013.3
3073.4
3096
3221.4
3391.3
3711.3
4108.7
3980.3
3935
3734.1
3594.9
3553.4
3728.6
4054.9
4108.9
3968.3
4150
3834.7
3477.3
2811.2
2410.2
2009.5
1928.6
1994.3
2022.7
2106.7
2231.1
2333.1
2383.5
2654.8
2770.3
2890.8
2802
2666.8
2543.1
2491.6
2486.7
2472.9
2644.9
2471
2487.2
2429.4
2318.5
2044
1775
1544.5
1426.6
1486.5
1512.2
1449
1569.6
1729.3
1869
2061.1
2346.8
2623.5
2991.1
3135.2
3363.9
3394.8
3370.3
3171.9
3182.7
3269.7
3312.3
3467.8
3394.4
3289.6
3154.6
3160.1
3072.1
2842.2
2410.9
2080.3
2010.6
2152.1
2186.1
2178.7
2251.4
2421.8
2731.6
3096.7
3514.7
3885.8
4460.5
4936
5369.6
5685.5
5905.3
5635.5
5361.2
5171.9
5369.9
5583.6
5700.6
5849.2
5665.2
5425.4
5186
5258.1
4986.5
4168.1
3369.3
3098.5
3259.5
3287.6
3212.6
3256.5
3294
3660.8
3978.9
4464.5
5062.9
5733.6
6454
7228.2
7789.3
8255.1
8484.6
8152.8
7798.6
7385.3
7722.7
8074.1
8190.4
8550.2
8247.2
7854.7
7359.1
7684.2
7320.6
6299.6
4843.8
4408.1
4603.9
4686.9
4611.7
4457.7
4436.1
4630.5
5124.8
5579.5
6360.7
7078.5
7967.3
8890.9
9848.5
10474.1
11133.1
11134.9
10863.9
10254.6
9817.5
10281.5
10783
11015.7
11495.1
11235.3
10648.8
9970.2
10289.2
9950.6
8671.3
6625.2
5714.6
5861.5
6165.6
6042
5869.4
5894.6
6000.2
6445.2
7177.4
7921.5
8853
9899
11159.8
12314
13417.6
14272.5
15062.9
15017.5
14323.5
13459.4
13228.3
14034.6
14343.8
14865.6
15251.8
15029.6
14346.7
13338.6
13567.6
13442.8
11763.2
9117.7
7869.6
7989.8
8856.7
11593
16072.6
18523.9
17606.9
13136.5
10847.2
10855.5
11698.6
12760.1
14269
15805.3
17328.6
18374.4
19435.7
20035.2
19895.2
18897.1
17894.4
17885.9
18681.2
19158.4
19896.6
20263.4
19952.4
19041.6
18013.9
17931.5
17352.5
15140.4
11834.1
9864.9
9455.3
9376.1
9290.5
9005
8653.8
8281.8
8401.4
8968.8
9588.8
10446.9
11523.1
12746.6
14102.9
15383.4
16527
17591.8
18402.1
18721.7
18279.7
17451.7
16767.2
16688.8
17132.3
17729.4
18008.4
18294.3
17928.1
17032.5
16407.4
16072
15257.8
13379.1
10689.1
8657.8
7845.4
7534.7
7314.4
7024.9
6719.7
6258.9
6229.3
6188.2
6505.7
6969.5
7580.2
8244.6
8970.4
9920.8
10688.9
11463.5
12132.3
12603.7
12607.1
12495.5
11980.5
11660.4
11404.1
11612.8
11927.8
12165.5
12271.8
11990.1
11588
11215.3
10728.8
10088.4
8801.4
7418.5
5969.5
5153.6
4702.7
4278.9
3984.7
3740.2
3393
3155.2
3030
2991.1
3026.6
3144.9
3478.2
3678.4
3960.6
4390.9
4502.3
4822.7
5062.1
5171.2
5187.7
5118.1
5066.5
4856.4
4826.2
4822.4
4937.5
4860.9
4987.9
4882.1
4780.2
4571.3
4412.8
4048.1
3616.1
3102.4
2528.3
2163.9
1860.9
1533.7
1342.2
1167.7
1050.2
916.8
793.5
602.9
641.5
488.5
442.5
464.7
399.3
412.4
384.7
447.8
417.3
388.9
372.4
352.6
327
358
379.3
351.6
417.1
335.8
373.3
340.8
465
383.3
389.7
430.2
472.4
499.6
419.6
598.1
502.6
429.1
454.3
473.6
459.8
567.3
517.7
567
516.9
581
719.5
762.9
822.7
751.7
692.2
748.2
757.7
794
698.7
783.3
803.2
933.3
886.6
879.9
944.8
969.2
1098.5
1128.6
1142.5
1235.8
1350.8
1432.5
1727.3
1792.6
1936.7
2079.8
2362.7
2554.7
2694.4
2873.4
3428.3
5103.2
5812.8
5100.6
3059.5
1429.3
1296.9
1226.6
1303
1523.6
1475.9
1564.3
1769.2
1943.4
2121.1
2487.6
2720.6
3076.1
3548.3
3902.2
4466
4973.7
5624.2
6315.8
7080
7879.3
8768.5
9801.7
10792.1
11877.7
13120.9
14269.5
15473.3
17668.3
22817.4
28530.7
29884.2
24539.8
14786.2
7714.2
4530.1
3689.8
3256.9
3022
2844.4
2677.4
2485.3
2410.5
2475.1
2391.3
2484.6
2432.4
2641.4
2555.2
2706.2
2790.8
3028.5
3148.2
3453.3
3713
4049.7
4386.8
4709.3
5066
5501.5
5886.5
6383.4
6732.1
6970.5
7296.5
7492.5
7783.8
7781.5
8035.9
8021.1
8075.4
8218.2
8295
8299.9
8282
8231.5
8235.1
8216.3
7991.3
7791.5
7589.5
7383.7
7093.4
6731.4
6524.2
6173.4
5978.9
5650
5435.7
5235.8
4958.2
4935.5
4850.3
4998.1
5070.5
5265.7
5653
5903.9
6313.4
6703.3
7305
7801
8508.4
9234.2
9956.3
10746.5
11500.7
12437.6
13209.7
13790.6
14301.1
14592.3
14754.4
15006.2
15094.5
15219.7
15022.8
15041.4
15109.1
15130.6
15047.3
14848.3
14852.1
14816.8
14664.3
14324.8
13859.7
13620.5
13247.5
13051.5
12533
12067.3
11565.9
11432.2
11091.8
10849.7
10717.8
10816.5
10949.8
11057.9
11088.6
11140.8
11195.1
11097.2
11018.9
10823.3
10866.8
11023.3
11144.3
11335.4
11686.9
12046.8
12752.9
13611.8
14454.8
15401
16379.5
17169.4
18018.6
18637.3
19467.1
20219.7
20764.3
21458.6
21729
22410.8
23003.3
23547
23815.4
24025.4
24530.8
25087.6
25429.4
25997.9
26343.5
26609.7
26699.2
26488.9
25968.9
25240.6
23921.8
22404.4
20869.3
19203.9
17702.6
16196.9
14902.1
13341.9
12041.1
10894.4
9956.8
9291.9
8956.6
8777.4
9007.6
9227.3
9636.7
10007.9
10566.7
11221.4
12088.6
13118.8
13856.1
14919.5
16141.5
17313.7
18367.4
19536.8
20761.4
21781.5
22915.4
24095.3
25148.1
26234.6
27694.8
28918.2
29908.9
30824.5
31535.9
31668.5
31382.4
30953.1
30438.7
29209.1
27864.7
26811.3
25442.3
24101.8
22565.5
20996.5
19286.1
17652.1
16081.4
14507.3
13106.8
12100
11078.3
10332.7
9603.3
9012.1
8469.9
8104.6
7811.5
7513.6
7296.6
7306.1
7288.2
7414.2
7583.6
7967.5
8203.2
8508.6
8976.7
9541
10225.1
10768
11396.3
12123
12937.2
13520.5
14039.7
14601
15036.8
15473.5
15802.8
16175.7
16250.6
16488
16781.2
16796.4
16927.1
17053.1
16975.4
16845.4
16756.6
16480
16395.9
15842.7
15562.7
15108.5
14649.4
14327.6
14034.7
13883.4
13853.7
13950
14058
13910.1
13900.9
13612.8
13463.7
12909.6
12594.1
11516.7
10851.4
10375.1
9745.5
9119.2
8536.5
7938.7
7393.3
6812.6
6226.5
5687.1
5098
4579.4
3955.9
3451.5
3051.8
2727.4
2507.7
2368.8
2247
2143.9
2243.7
2181.4
2239.8
2267
2301.2
2431
2520.6
2647.2
2810.1
2823.7
2972.6
3174.6
3167.2
3375.3
3644.8
3767.5
3943.2
4063.7
4154.2
4186.6
4201.8
4234.2
4233.7
4131.2
4048.7
3904.7
3828
3626.4
3420
3312.2
3179.1
3002.3
2992
2508.5
2358.3
2149.9
2050.6
1846.7
1647.3
1484.7
1403.7
1384.8
1321.9
1307.8
1310.9
1348.8
1260.3
1343.4
1377.6
1512.7
1584.7
1654.6
1745.9
1884.9
2026.4
2178.4
2329.4
2532.7
2760.5
2895.6
3181.8
3463.1
3722
4044.7
4180.8
4349.9
4442.9
4507.7
4683.3
4561.9
4549
4538.6
4494.7
4370.4
4277
4168.2
3890
3773.1
3633.7
3483.9
3123.5
2831
2666.9
2479.4
2285.2
2068.1
1796.9
1509.9
1490
1259.9
1243.8
1138.8
1127.9
1126.9
1093.8
1106.8
1046.2
1128.9
1086.4
1052.9
1096.5
1090.1
1130.8
1141.5
1235
1319.3
1297.2
1446.8
1454.1
1594.3
1680.5
1824
1967.9
2203.6
2463.8
2625.9
2777
2820.7
2814.9
2979.7
2967.4
2842.7
2823
2843.3
2862.9
2894.4
3086.7
2623.3
2560.9
2464
2428.8
2207.1
2005.3
1849.9
1719.4
1527.3
1397.4
1269.8
1007.2
880.5
771
753.5
670.9
572.6
576.7
644.1
617
623
613.2
614.4
613.9
430.1
568.3
534.2
503.5
591.3
456.1
434.6
440.9
407.6
406.7
379.9
351.8
289.3
229
256.8
266.8
254.2
176.8
248.3
143.9
199.4
161.7
184.3
70.3
211.5
71.4
135.2
160.3
153.5
146.4
221.7
198.1
245.2
213.2
263
335.1
342
417.7
498
406.2
460.7
441.7
391.4
356.4
446.6
352.1
424.8
398.1
357.1
383
300.3
281
261.2
311.4
311.6
245.1
325.3
125.7
142.4
351.7
92.9
83.2
119.4
51.9
85.6
42.3
24.3
23.3
10.8
48.7
52.8
71.8
255.2
91.9
0
13.7
57.2
142.7
55.7
70.7
69.5
86.2
148
106.6
96.5
145.2
195
222.9
188.4
235.3
290.1
285.4
360.5
311.6
348.1
372.5
341.8
323.1
374.1
360.7
335.8
231.3
302.4
310.1
210.7
229.5
239.7
162.2
164
212.4
167.4
147.3
188.2
202
249.8
398.3
541.5
695
708
653.4
616.6
595.7
557.1
606
627.7
683.9
658.8
524.7
466.4
482.5
396.9
496.9
356.2
357.5
355.6
285
321.9
278.5
274.1
309
265.1
278.9
301.4
281.7
482.9
320.4
280.8
273.6
232.4
337.8
369.7
265.3
341.8
324.9
398.5
438.4
415.9
389.6
425.8
358.5
292.3
348.1
261.2
294.2
228.4
174.4
168.2
215.4
112.7