6884.1
5549.2
3798
2127
1329.9
1499.6
1720.2
2028.5
2558
3206.7
4039.4
5206.5
6412.9
8078.6
10032.5
12312.3
15320.5
18278.2
20236.1
19666.6
14718.5
8721.2
3863.6
2066.3
2069.5
2277.3
2642.9
3201.4
3828.4
4764.2
6104.4
7460.9
9333.9
11665.9
14459.4
17614.6
21738.8
26391
31099.3
33616.5
30276.4
21100.5
11410.5
3775.5
1570.6
1277.6
1121.7
1081.1
1123.6
944.3
907.1
901.9
1054.4
1006.3
1078.7
1258.7
1413.3
1684.5
1974.5
2160.4
2522.5
2593.7
2463.4
1878.4
1417.2
994.9
939.7
1081.7
1248.6
1578.9
1999.8
2609.6
3297.2
4005.9
4866.1
5746.8
6346.6
6416.7
5284
3716.6
2246.4
1390.1
1535.8
1506.8
1825
1918.5
1987.1
2401.5
2828.9
3605.1
4759.3
6249.4
7563.1
9076.4
11081.5
13351.1
15137.1
15357.2
12808.3
8704.8
4878.2
2260.4
1850.5
1979.7
2111
2439.6
2752.3
3276.5
3900.9
4763.9
5670.4
6889.8
8418.2
10259.7
12402.4
15004.7
17784.5
21764.8
26265.1
29364.7
29847.2
25403.9
17328
9775.3
3819.5
1935.5
1896.4
1857.3
2066.6
2191.5
2498.1
2904
3406.5
4138.1
4862.5
5926.3
6993.2
8359.3
10114
12220.6
14570.2
17014.4
20193.4
24776.8
28608.3
30588.3
28749
22460.5
14499.7
7556.6
3023.7
2377.7
2388.2
2499
2830.2
3183.4
3662.9
4159.8
4864.9
5407
5419.9
4840.6
3785.5
2704
1808.6
1448
1455.9
1576.1
1686.2
1956
2147
2594.4
3117
3798.2
4462.6
5153.7
5833.7
6914.6
8135.1
8822.8
8857.5
7729.9
5660.1
3647.3
1892.9
1255.1
1204.2
1218.5
1254.5
1393.3
1446.2
1565.7
1710.3
1885.4
2236.2
2705.6
3308.8
4237.3
5182.3
6146.2
7134.2
8360.7
9986.9
11774.8
13090.7
13180.8
11525.6
8466.6
5237.3
2639.2
1539.4
1379.3
1401.3
1488
1521.8
1540.4
1791.9
1774.9
1909.6
2113.3
2353.5
2714.2
3101.3
3586.6
4138.7
4825.8
5677.6
6590.9
7719.8
8760.1
10328.9
12414.6
14122
14741.2
13758.7
11096.2
7510.3
4156.7
1756.1
971.5
862
784.2
815.2
770.2
955.8
1004.9
1023.1
1080.1
1168.2
1322.4
1501.6
1594.7
1888.2
2097.2
2416.5
2779.5
3152.3
3619
4254.5
4899.6
5675.5
6565.2
7865.5
9286.7
10114.1
10244.8
9575.8
8024.5
6354.3
4636.5
3511.9
3118.1
2446.9
1787.5
1363
862.8
807
772.9
754.9
743.3
791.4
874.1
917.5
1012.9
1149.7
1284.2
1471.9
1722.3
1985.7
2233.2
2500.7
2861.7
3307.8
3881.2
4291
4120.4
3777.7
2878.9
1969.1
1051.9
539.5
400.9
418.5
439.6
417.8
450.5
500
530.7
554.4
830.4
601.5
628.7
718.8
843
1105
1063.5
1339.9
1611.6
1894.1
2268.7
2521.7
2890.8
3427.6
4160.8
4828
5411.7
5266.7
4748.2
3841.4
2690.7
1662.3
1089.2
971.4
1007.7
940.2
934.9
892.9
754.3
716.1
655
658.2
670
698.1
716.3
800.9
855.1
917.6
1002.3
1256.5
1252.2
1443.9
1588
1799.9
2089
2340.5
2624.6
3085.8
3447.9
4139.8
4825.7
5184.6
5090.9
4716.5
3973.9
2894.1
1815.1
977.7
543.2
503.9
486
571
521.2
556.2
617.3
629.9
600.9
664.5
720.5
736.8
767
765
806.3
878.1
968.7
1170
1221.3
1384.6
1537.6
1845.4
2103.3
2421.2
2690.5
2865.2
2947.9
2915.4
2803.7
2682.9
2714.1
2889.6
2965.8
2883.1
2724.9
2363.3
1803.3
1349.5
816.9
603.7
526
512.1
590.2
615.5
658.3
761.4
777.5
920.9
1059.3
1202.5
1287.1
1398.4
1592.9
1800.7
2189.5
2348.2
2430.1
2307.5
2102.4
1793.6
1287.6
829.8
528.5
450
404.3
381.7
362.8
405
375.2
481.4
418.1
450.6
472
510.7
497.2
579.8
536.7
491.3
499
600
561.2
590.3
662.1
751.4
833.7
1110.4
1171.9
1366.6
1457.8
1605.3
1816.5
2100.6
2467.9
2744.8
2932.2
2970.4
2850.8
2668.6
2300.2
1959.5
1626.2
1428.1
1402.7
1370.3
1234.7
1125.2
945.4
710.9
572.1
441.5
461.6
380.6
474.5
668.6
770.6
895.5
934.8
1059.5
956.6
892
766
630.3
719
735.7
802
839.5
945.6
947.7
1081.7
1161.4
1249.9
1384.7
1447.7
1507.3
1642
1822.4
1994.8
2202.8
2127.6
2044.9
1892.7
1607.4
1326.7
1002.7
664
553.5
504.3
476.7
443.1
463.7
437.4
468.4
469.8
471.8
471.5
525.6
582.9
642.9
684.5
747.2
865.4
849.3
862.3
828.4
857.6
702.6
592.8
484.4
431.2
336.1
333
334
503.7
442.9
435.1
548
519.9
577.2
598.7
660.4
652.1
721.3
810.9
804.4
854.7
993.6
995.9
933.1
923.8
953
936.4
849.5
743.8
746.4
722
829.3
844.1
915.9
1023
1121.5
1135.7
1096.1
1085.9
1031.6
1050.3
883.3
766.8
650.9
577.1
586
486.2
481.9
498.7
450.1
438.2
384.2
477.1
381.5
374.9
366.9
359.5
382
414.8
438.1
602.2
480.5
545.6
501
584
630.4
683.2
735.8
681.5
792.6
821.1
867.5
911.3
945.9
965.8
1130.5
1115.7
1222
1241.4
1389.7
1444.1
1553.2
1644.6
1784.3
1882.5
1841.2
1879.3
1860.4
1870.4
1797.6
1725.3
1643
1528.9
1401.4
1297.3
1138.8
1022.3
889.6
813.6
718.8
694.3
643.8
551.3
630.6
585.1
526.6
423.7
419
383.8
418.5
474.2
538.3
616.5
473.2
462.7
456.7
396.7
395.1
412.1
377.7
385
358.5
382.3
446.8
380.3
390.9
412.1
396.5
403.1
416.3
506.6
407.4
381.2
381.5
438.2
417.8
445.8
629.6
684.9
584.4
615.2
626.6
554.3
561.8
579.4
479
494.6
594.2
635.1
711.4
798
957.2
971.1
1083.7
1223.9
1342.7
1448.8
1529
1610.9
1687.4
1729.7
1749
1835.6
1865.3
1897.7
1910
1876
1881.5
1990.8
1884
1898.1
1881
1881.2
1985.1
1989.3
2013.1
2028.1
2060.8
2118.3
2118.1
2064.4
2031.6
1942.3
1869.3
1861.2
1917.6
1846.3
1938
1869.3
1906.8
1925.8
1921.4
1950.8
2026.2
2058.4
2020.6
1971.7
2043.7
1969
1945.1
1890
1964
1864.4
1923.5
1873.6
1841.5
1851.4
1816.7
1793.2
1762
1765.1
1701.7
1585.8
1518.9
1430
1371.8
1387
1315.8
1421.5
1339.5
1400.8
1447.8
1490.1
1554.2
1568.9
1588.1
1590.4
1501.1
1493.7
1434.1
1385.1
1351.8
1277.8
1227.3
1155
1145
1076.1
1064
1115.5
1180.8
1130.7
1177.9
1257.2
1194.5
1160
1180.2
1134.7
1141.8
1095.6
1196.2
1116.2
1117.3
1076
1079.9
1026.5
1022.2
1037.4
1158.2
1226.8
1259.2
1271.1
1233.9
1251.1
1279
1229.8
1170.8
1074.1
1171
860.4
779.6
742.6
596.1
546
540.7
557
562.1
556
640.2
513.7
631.9
645.4
630
628.9
652.7
692.1
725.3
727.1
746.1
715.7
857.6
830.6
904.9
917
937.9
960.2
1040.1
1018.3
1082.9
1139.3
1129.2
1194.4
1166.5
1232
1305.5
1344.8
1481.7
1556.3
1705.4
1848.6
2028.2
2259.6
2583.7
2981.3
3347
3876
4418.3
5051.3
5331.7
5502
5580.3
5652.8
5800.5
5908.1
6026.2
6140.4
6334.9
6132.9
5960.7
5582
5293.2
5117.9
4983.7
5072
5407.7
6038.9
6619.2
7299.9
7867.8
8103.1
8294.9
8378.3
8351.2
8524.1
8595.5
8598.2
8876.8
9060.1
8500.8
7921.1
7149.7
6608.1
6278.5
6073.8
6209.9
6594.4
7131.8
7641.2
8443.2
8962.2
9185.1
9294.3
9253.2
9367.7
9464.3
9647
9697.6
9934.4
10071.1
9658.2
8935.8
8024.5
7256.8
6671.5
6297.8
6375.5
6795.8
7264.3
7869.6
8526.7
9298
9703.8
9921.9
9870.9
9774.6
9799.2
9996
10212.6
10230.7
10445.7
10376.1
9940.6
8955.8
7738.2
7044.4
6338.5
5962.9
5990.7
6315.9
6722.7
7249.3
7924.1
8649.9
9043.6
9303
9068.3
8819.8
8731.9
8761.3
9179.6
9316.7
9375.5
9257.7
8988.9
8435.1
7409.1
6346.4
5666.5
5267.9
5347.7
5620.4
6031.6
6493.6
6983.2
7676.6
8389.1
8780.1
8936.4
8628.8
8375.9
8249.4
8355.6
8741.2
9090
9057.1
9111.2
8847.8
8402.4
7354.7
6255
5523.6
5132.1
5184.7
5349.1
5602.9
5952.2
6407.8
6879.3
7534.7
7951.8
8117.9
7931.2
7504.6
7262.6
7161.1
7340.6
7742.7
7770
7636
7849.3
7200.9
6660
5360.4
4508.4
3682.7
3343.9
3362.2
3248.5
3165.7
3186.4
3310.1
3689.4
3769.4
4116.7
4157.4
4116.3
3920.7
3778.2
3775.5
3940.1
4130.2
4428.8
4151.5
4137.6
3985.7
3824.5
3181.1
2588.7
2183.2
2019
2112
2215
2241.2
2200.9
2342
2513.8
2710.2
2881.1
3003.6
2959.8
2748.6
2626.6
2507.4
2666.7
2603
2666
2714.5
2609.4
2496.9
2544.8
2280.5
1931.5
1707.5
1523.4
1444.8
1492.7
1558.2
1608.6
1727.7
1883.7
2121.4
2419
2627.5
2984.2
3232.4
3465.5
3568.4
3501.2
3383.4
3233
3357.5
3358.3
3494.7
3549.4
3461.9
3272.5
3259.1
3252.6
3036
2539.8
2206
2156.3
2265.6
2240.9
2245.6
2318.4
2454.8
2719.8
3100.2
3481.2
3922.3
4498.2
4973.3
5517.9
5771.7
5995.9
5945.4
5595.2
5436.1
5426.3
5616.7
5794.7
6076.4
5916.3
5615.4
5361.9
5444.3
5252.4
4517.7
3611.6
3188.8
3298
3449.9
3329.4
3359.3
3299.4
3566.9
3996.4
4453.1
5103.7
5778.2
6433.7
7185.9
7871.2
8356.5
8697.6
8472.7
8043.1
7685.8
7822.4
8243.4
8340.3
8770.2
8626.9
8246.9
7695.2
7818.9
7759.9
6881.7
5419.7
4523.9
4662.6
4803.6
4788.6
4556.2
4571.2
4641
5164.7
5682.5
6321.2
7040.4
7907.3
8918.3
9989.5
10658.6
11335.5
11588.4
11215
10716.4
10176.6
10472.7
11050.6
11294.4
11777.7
11668.7
11143.7
10392.6
10511
10441
9354.9
7377.9
6042.6
6013.1
6191.8
6278.1
6084.7
5992.1
6049.8
6507.3
7225
7898.3
8908.8
9841.7
11105.4
12438.4
13658.8
14596.5
15206.9
15477.1
15009.5
14174.5
13652.1
14215.5
14709.2
15210.4
15825.3
15526.7
14857.4
14159.1
14094.5
13981.2
12604.3
10130.3
8487.9
8347.5
8997.9
11548.2
16255.7
19474.7
19534.5
15449.5
11925.2
11202.8
11992.6
12949.2
14362.7
15825.3
17498
18712.9
19907.2
20563
20556.2
19933.6
18965.2
18502.8
19189.7
19718
20497.4
20919.9
20673
19905
18997.5
18717.2
18243.3
16344.9
13096.1
10614.2
9874.5
9727.9
9651.2
9337.4
8964.3
8631.2
8580.7
8973
9644.6
10610
11664.5
12797
14045.4
15502.8
16766
17951.4
18736.8
19147.8
19084.5
18260.6
17560.9
17426.5
17573.2
18050.6
18538
18714.3
18581.4
18008.8
17176.9
16791.5
16074.2
14237.1
11792.7
9584.8
8360.4
7883.7
7673
7261.2
7024.2
6587.8
6404.9
6413.2
6626.5
7046.2
7653.2
8342.1
9057.7
10028.3
10809.6
11648.8
12289.6
12918.9
12986.8
12944.2
12504.8
12192.4
11997.9
12012.2
12248.6
12583.2
12631.9
12520.4
12100.1
11657.2
11181.3
10696.9
9457.4
8040.6
6677.5
5622.1
4940.5
4595.9
4226.3
3945.3
3633.8
3313
3132.9
3061.2
3238.9
3266.2
3456.8
3867.9
3992.3
4337.6
4590.5
4879.7
5128.5
5306.4
5391.6
5295.9
5251.8
5073.1
5054.3
4928.6
5108
5122.6
5120.9
5001.7
4919.4
4769
4552.7
4302.3
3844.4
3397.4
2870.9
2295
1982.4
1720.8
1509.1
1361.9
1175.7
973.6
920.8
703.5
613.8
582.6
497.7
497.5
441.9
492.9
446.2
454.3
437.8
381.9
380.6
396.7
389.2
394.6
447.8
358.9
389.7
397.9
478.7
379.5
374.3
426.8
444.6
504
434.2
610.7
509.1
480.6
486.5
526.4
479.7
574.7
512.3
546.1
505.1
539.2
638.5
590.7
716.9
758.3
824
867
814.6
742.9
692.7
769.9
798.2
936.5
847.3
871
896.2
932.5
1030.1
1011.2
1051.7
1123
1196.2
1264.9
1527.8
1554.6
1628.3
1755.8
2026.9
2206.9
2361.9
2553.9
2804.7
2970.5
3396.3
4866.6
5993.6
5555
3890.9
1698.8
1299.5
1433.4
1334
1383.5
1480
1649.2
1777.2
2015
2159.4
2386
2797.9
3059.2
3508.5
3931.8
4443.6
4999.6
5644
6376.5
7072.5
7929.7
8819.7
9838.6
11051.3
12180.9
13316
14455
15818.8
18053.6
22638.9
28247.6
30757.2
27352.2
18370.1
9963.8
5523.9
4003.3
3533.4
3219.3
2928.8
2776.1
2680.9
2568.3
2624.2
2494.1
2607.2
2468.4
2557.6
2590.7
2774.3
2854
3040.9
3221
3529.6
3775.7
4007.7
4392
4754.9
5134.2
5568.4
6057.8
6399.7
6784.7
7134.8
7540.5
7665.3
7907.4
8127.9
8181.8
8234.3
8365.1
8514.7
8606.2
8591
8565.9
8523.2
8524.6
8515.5
8348.8
8133.4
7872.7
7695.4
7429.7
7103.5
6868.3
6500
6218
5951.6
5604.2
5415.8
5213.1
5166.9
5014.2
5071.5
5327.3
5392.7
5668.8
5939.4
6433
6777.2
7277.6
7916.8
8569.6
9222.4
9903.1
10852.2
11765.5
12490.9
13315.1
13994.3
14562
15041.4
15154.1
15365.3
15531.2
15574.2
15535.6
15533.1
15605.1
15689.3
15493.9
15439
15332.4
15381.6
15219
14898
14410.5
14190.2
13845.7
13503.2
13082.7
12600.2
12146.1
11862.3
11539.6
11315.7
11104.6
11222.1
11262.5
11343.5
11352.7
11462.1
11577
11496.1
11405.3
11347.7
11245.8
11276.2
11400.3
11560.2
11827.3
12400.1
12977.1
13703.1
14585.7
15533
16559
17404
18326.5
19041.3
19788.8
20657.7
21151.8
21823.4
22292.9
22993.8
23483.2
24000.5
24433.1
24843.1
25114
25749.6
26221.7
26788
27269.7
27460.2
27608.6
27556.5
27160.5
26252.5
25064.7
23606.5
21968.6
20331.8
18985.3
17395.4
15894.8
14392.8
12958.2
11678.4
10648.9
9675.5
9315.7
9200.1
9254.4
9454.2
9721.3
10066.1
10683
11548.6
12107.7
12978.1
14061.8
15091
16189.5
17390.9
18617.6
19813.6
20964
22225.9
23259.6
24448.6
25625.3
26961.1
28152.7
29499.2
30853.1
31877.7
32456.8
32548.9
32697
32097.9
31516.4
30576.3
29370.8
27990.3
26713.8
25397.5
23953.2
22444.9
20616.5
18836.1
17107
15598
14031.4
12882.5
11798.7
10938.1
10139.6
9433.2
8944.2
8531.4
8075.1
7708.7
7533.7
7547.3
7495.1
7705.5
7699.9
7917.3
8202.5
8627.5
9197
9638.9
10155.5
10878.9
11638.1
12264.1
12882.3
13595.5
14191.5
14724.9
15201.5
15635
15865.7
16294.1
16704.5
16783.2
16974.8
17154.6
17446.8
17452.2
17570.4
17395.2
17232.9
16973
16771.8
16560.5
16066.8
15699.4
15164.4
14758.8
14501.8
14353.4
14297.8
14313.3
14412
14349.2
14245.5
14042.7
14249.1
13470.3
12846.6
12041.6
11404.6
10809
10103.5
9500.6
8974.2
8433.6
7791.8
7127
6528.9
6019
5485.2
4963.6
4287.6
3627.7
3268.2
2906.2
2684.2
2441.7
2343.1
2241.2
2310.3
2255.9
2265.5
2297.2
2380.3
2476
2629.6
2613.7
2729.6
2919.8
2936.5
3131.6
3303.4
3442.7
3612.6
3889.7
4063.8
4173
4134.7
4242.5
4320.1
4367.2
4382.2
4336.8
4264.3
4061.1
3886.6
3757.9
3673.4
3470
3450
3095.6
2982.4
2705
2555.2
2306.2
2161
1979.3
1801.1
1647
1468.6
1404.1
1396.7
1379.1
1289.1
1266.3
1319.5
1413.7
1473.8
1495
1542.7
1666
1760.5
1895
2035.8
2218
2409.8
2452.6
2715.4
2891.1
3213.9
3563.4
3787.9
4036.6
4218.3
4388.5
4650
4635.2
4687.6
4726.4
4733.1
4660.7
4659.6
4624
4451.5
4357.5
4204
4002.1
3809.2
3679
3390.2
3056.5
2846.3
2679.6
2454.4
2126.5
1959.1
1665
1537.8
1365.5
1287.7
1264.6
1207.7
1205.5
1139
1180.3
1137.4
1059.7
1056.6
1081.6
1132.3
1083
1182.9
1243.9
1174.5
1323.4
1328.3
1421.4
1487.7
1610.6
1675.7
1896.4
2119.5
2185.2
2429.6
2555.2
2719.4
2994.2
3026.7
2952.3
2969.1
2967.8
3023.8
2999
3307.5
2899.4
2862.5
2820.1
2711.6
2594.9
2551.3
2512.3
2225.1
1909.3
1765.5
1727.3
1513.6
1361.1
1179.2
1033
864.1
737.3
669.5
678.9
668.3
634.3
647.1
678.6
691.3
504.2
627.4
556.6
537.8
625.7
521.2
462.6
447.2
448.2
455.1
446.8
439.3
375.4
311
313.3
325.7
327.8
254.4
320.8
163.2
201.5
189.2
225.1
81.2
190.7
89.6
123.5
138.8
157.4
144.3
200.6
162.3
204.4
163.1
219.7
273.8
240.6
341.5
406.8
369.9
408.9
458.8
396.5
373.4
444.3
392.9
472.1
406.7
369.1
422.9
343.2
379.4
349.8
343.9
340.9
304.7
348
218.6
222.7
402.2
140.2
152.5
148
83.8
95.2
49.9
42.7
0
8.3
62.2
54
84
231.1
95.3
20.5
31.9
37.5
102.9
51.9
42.9
58.6
58
113.8
79.4
72.4
131.4
173.3
153.9
149.1
202
228
219.5
245.2
263.7
322.3
360.1
349.5
357.6
368
390
381.2
321.2
387.5
331.9
233.1
231
261
244.6
202.7
283.5
213.5
136.3
136.7
125.4
102.4
162.1
262.4
416.7
493.2
609.5
652.1
681.3
624.4
611.8
589.3
691.1
685.1
599.3
578.7
614.1
531.9
600.1
443.1
443.6
440.4
342.7
370.5
287.2
266.4
283.1
264.7
303.5
332.6
280.7
440.3
297.9
248.6
277.9
250.1
305.4
351.8
251
292.4
299.4
367.6
400.9
355.3
332
387.1
372.6
322.5
379.6
313.5
355.3
273.5
261.4
261
286.1
202.3
242.2
NaN