6356.1
5480.3
3720.2
2224.3
1168.5
1194.8
1484.2
1779.4
2180.3
2754.8
3537.4
4466.5
5737.8
7089.2
8840.2
10989.9
13503.2
16118.2
18324.7
18921.6
15132.6
9534.7
4329
1862.4
1865.5
2016.9
2294.7
2773.7
3457.8
4193.4
5217.6
6766.7
8256.7
10329.7
12723.3
15666.9
18971.2
23375.6
27575.3
31089.5
30259.3
22340.1
12773.5
4531.1
1389.3
1131.3
976.7
843.6
836
951.9
729.6
695.6
713.4
881.4
825.4
962.6
1111.9
1281.7
1560.6
1838
1967.5
2304.6
2127
1780.5
1236.9
907.5
726.7
833.9
963.9
1197
1562.4
2046.9
2697.5
3305.5
3941.2
4785.3
5513.7
5863.3
5117
3685.6
2285.9
1178.8
1087.1
1384.1
1360.1
1705.9
1842.2
1879
2392.5
2938.9
3843.9
5090.4
6567.6
7730.9
9250.4
11262.6
13153.2
14321.3
12863.7
9066.2
5322.2
2249.8
1551.5
1654.3
1892.6
2006.7
2344.2
2747.7
3360.2
4022.2
4923.7
5909.8
7177.2
8869
10760
12912.7
15501.1
18510.7
22660.6
26487.4
28178.4
26045.3
18504
10694.8
4340.8
1794.6
1560.3
1707.5
1668.8
1919.6
2103.2
2469.3
2913.7
3475.5
4295.3
5007.4
6214.9
7350.4
8875
10685.4
12902.8
15200.2
17796.2
21178.2
25824.9
28485.1
28831.6
23628.3
15640.2
8397.4
3214.5
2004.4
2016
2081.6
2307
2587.6
2988.1
3571.2
4114.1
4622.2
4884.9
4618.6
3676.5
2575.7
1612.3
1181.1
1173.8
1259.4
1320.1
1495.5
1877.2
2034.7
2520.5
3147.7
3789.7
4378.6
5039.9
5755.1
6915
7919.7
8309.8
7586.6
5726.6
3605.6
1926.2
1031.9
945.8
970.1
1036.6
1066.8
1282.7
1282.4
1423.7
1581.3
1808.5
2224.2
2833.3
3520.4
4476.5
5359.9
6290.1
7300.7
8569.2
10453.5
11847.4
12556.3
11513.9
8685.8
5502.9
2734.2
1338.4
1216.7
1144.9
1221.9
1328.6
1307.7
1381.4
1671.8
1624.5
1803.4
2036.6
2369.7
2708.2
3124.5
3700.4
4285.1
5031.2
5931.4
6881.7
8000.7
9118.9
10910.4
13026.3
14016.7
13656.2
11393
7913.4
4438.9
1847.6
859.9
665.5
660.1
589.7
648.3
607.5
849.4
892.8
941.6
997
1090.5
1215.5
1417.2
1562.8
1873
2090.5
2423.1
2821.3
3204.4
3736.6
4402.2
5072.5
5859.8
6827.5
8285.6
9545.5
9787.5
9366.7
7918.4
6188.2
4551
3339.5
2821.4
2397.6
1660.9
1074.6
939
628.6
659
596.4
571.6
583.2
620.4
716.8
776.3
874.2
1034.4
1188
1359.3
1618
1907.2
2119.8
2450.6
2844.8
3316.7
3738.3
3915.3
3511.1
2888.1
1884
987.7
445.7
267.1
236.9
212.1
252.5
275.6
306.1
352.7
378.2
389.4
773.3
447.7
456.4
602.7
695.3
1054.4
1009.8
1334.6
1630.1
1820.1
2134
2449.3
2857.7
3474
4316.5
4754.3
5081.5
4645
3760.9
2654.9
1606.9
898.6
760.3
760.2
775.3
724.3
677.1
644.5
506.6
500.6
450.4
453.4
493.9
529.7
552.3
662.9
700.3
758.3
857.2
1211.4
1131.1
1312.7
1534.8
1730.4
1995.9
2324.2
2570.8
3056.3
3485.6
4213.9
4734.8
4863.4
4560.4
3898.5
2912.8
1752
859.6
444.7
336.9
283.1
304.4
374.8
348.7
384.8
406.7
452.8
440.7
435.9
570.9
559.3
593.5
572.6
659.8
716.7
822.2
1051.8
1074.7
1263.7
1445.4
1783.6
2041.6
2303.6
2483
2643.8
2617.9
2492.5
2442
2315.6
2491.2
2689.1
2704.2
2543.1
2259.1
1713.8
1155
764.7
416.1
382.7
353.7
344.6
430.7
465
490.4
618.5
669.1
767.9
931
1022.4
1097.3
1220.8
1444
1675.6
2013.3
2064
2142.3
1937.3
1583.4
1175.3
688.8
358.4
255.1
260.4
249.7
215
183.5
232.9
216.2
352.6
209.4
260.2
298.9
315.1
306.5
416.6
340.4
304.1
312.8
404.5
376.7
420.5
498.6
631.7
723.5
1021.7
1040.4
1205.6
1307.2
1452.9
1679.5
1977.6
2404.8
2556.7
2680
2610.6
2447
2131.4
1702.4
1430.1
1202.7
1143
1113.3
1097.8
880.6
742.1
581.5
392.8
271.8
190.2
266.4
214.4
341.6
538.1
609
694.9
764.3
865.1
687.4
563.5
459.5
416
531.6
536.7
576.9
641.8
771.3
770.3
947.8
971.9
1006.8
1217.4
1303.3
1349.5
1499.9
1682.4
1844.7
1910.4
1778.1
1704.6
1493.4
1106.9
825.9
540.1
318.4
290.3
308.6
257.5
234.7
285.5
230.9
292.5
270.8
312.1
298.3
345.8
421.2
481.4
494.3
554.6
648.4
646.2
668.9
572.1
619.8
360
317
205.1
176.6
139.6
154.7
170.4
360.3
247.9
255.4
339.9
322.5
344.7
397.8
517
515
524.7
643.3
598.4
691.4
803.2
771.7
712
709.8
693.2
654.9
536.7
492.7
548.9
552.6
616.1
642.5
697.5
856.7
932.6
913.6
867
829.6
786.8
747.8
572.9
434.2
367
329.2
361.9
250.1
224.6
275.2
268.4
252.2
174.9
290.8
173.3
180.7
178.8
147.3
206.2
261.8
251.2
452.3
333.9
334.5
345.4
379.1
438.3
508.6
551.4
502
584.7
645
665.6
743.7
725.8
767.7
969.6
937.3
1002.5
1056.9
1197.6
1224.3
1363
1437.6
1522
1604.8
1598.8
1580.7
1570.3
1585.3
1450.8
1366.4
1302
1184.1
1095.7
938.9
800.5
705.2
577.8
522.6
498.3
461
395.2
371.9
434.4
365.9
334.2
219.1
186.9
185.6
215.4
311.2
384
468
282.4
229.4
230.8
197.2
228.5
237.2
179.6
187.4
196.8
212.3
237.5
200.9
199.5
261
235.4
212
207.5
376.7
258.4
231.2
214.1
289.7
241.9
295.3
454.7
517.7
385
369.1
407.1
339.6
281.5
368.6
288
334.8
421.1
446
540.8
655.6
799.8
824.2
876.3
1076
1144.3
1272.6
1314.2
1376.3
1475.9
1503.3
1455.8
1522.5
1546.7
1604.9
1634.9
1558
1615.9
1704.6
1609
1589.3
1565.7
1611.8
1698.5
1681.3
1728
1744.5
1753
1802.8
1820.3
1751.7
1677.6
1595.2
1552.4
1516.3
1615.1
1573.4
1695.3
1614.2
1646.1
1626.4
1652.3
1686.5
1735.6
1778.1
1705.5
1645.3
1728.9
1648.9
1642
1609.9
1678.3
1634.2
1621.5
1553.4
1540.2
1576.2
1549.6
1527.9
1490.3
1500.2
1375.8
1252.2
1192.6
1111.7
1093.7
1109.7
1055.3
1186.4
1101.1
1131.5
1197.6
1280.9
1301.3
1342.3
1315.5
1279
1218.9
1202.4
1135.7
1076
1047
981.3
932.4
910
866.5
825.4
841.8
893.4
953.1
967.6
960.5
1013.9
946.5
930.5
883.9
911.2
911.3
857
919.7
871.2
895.8
821.6
825.5
770.7
831.9
873.5
977.5
1020.3
1033.9
1021.8
1006.6
1042.1
1062.2
1009.5
904.2
804.7
865.3
532.8
479.3
502.8
352
367.6
356.7
347.2
372.8
384
427.4
321.9
464.7
450.7
447.5
412.2
431.8
463.3
523.7
523
524.8
555.6
658.7
615.9
655.9
705.2
728.3
765.8
792.4
834.7
883.9
924.2
889.3
942.2
934.6
1026
1134.7
1163.2
1306.6
1387.7
1560.6
1669.7
1858.6
2027.2
2439.4
2856.8
3198.4
3789.4
4260.3
4788.8
4938.7
5011.7
5076.2
5162.9
5278.5
5396.8
5534.5
5659.6
5719.6
5496.5
5209.7
4868.7
4574.5
4569.4
4537.4
4726.5
5183
5802.9
6372.1
6975.5
7428.8
7560.9
7648.6
7699.9
7586.5
7848.1
7911.3
7886.3
8216.9
8162.6
7477.1
6850.5
6137
5794
5530.3
5521.2
5869.8
6349.7
6858.7
7412.2
8204.5
8465.4
8627.4
8593.9
8504.6
8611.8
8786.5
8926
9014.3
9320.7
9123.5
8631.8
7781.5
6837.5
6213.7
5852
5717.5
6029.3
6539.7
7072.5
7631
8299.5
8824.9
9195.4
9229.3
9111.7
9013.1
9060.1
9442.5
9525.3
9569.6
9694.1
9346.4
8890.6
7639.3
6644.1
6075.4
5561.8
5417.7
5747.7
6054.4
6472.1
7005.4
7707.7
8323.5
8559.9
8660.3
8265.7
8060.2
8067.9
8332.3
8652.7
8668.2
8691.3
8441.4
8139.9
7266.9
6229.4
5399.9
4909.4
4758.9
5092.4
5358.3
5763.7
6302.8
6774.4
7530.3
8015
8323.9
8231.5
7793.4
7700.7
7630.1
7916.8
8300.2
8506.3
8418.8
8321.6
8003.3
7309.5
6248.7
5263
4680.4
4683.4
4835.4
5031.7
5297.5
5761.6
6182.5
6617.7
7333.6
7597.7
7577.9
7125.7
6733.3
6643.3
6636.8
7063.1
7260.1
7129.7
7011.9
7157.2
6502.2
5487.2
4429
3566
3076.7
2972.8
3029.8
2933.5
2790.5
2851.5
3113.9
3552.7
3598.9
3828.2
3850.1
3645.1
3393.6
3379.3
3420.3
3764.4
3851.1
4100
3768.8
3707.6
3557.5
3179.9
2490
1985.3
1738.7
1787.5
1862
1950.8
1967.7
1950.1
2079.5
2259.8
2470.1
2602.3
2691.7
2553.9
2385.1
2221.5
2154.1
2358.4
2335.9
2359.4
2269.8
2269.4
2130.1
2099.3
1833.7
1466.2
1353.8
1262.2
1225.5
1261
1321.2
1401.6
1524.1
1706.9
1924.2
2280.9
2447.1
2781.9
2960.5
3150.6
3142.9
3011.6
2973.5
2908.6
2992.6
3020.2
3125
3174.4
3000.4
2815
2875
2819.3
2449.9
1971.8
1793
1909.6
1996.5
1916.5
1959.3
2104.4
2280.7
2584.2
2987.9
3336.2
3831.6
4315.8
4770.1
5232.2
5415.1
5499.3
5251.5
4942.5
4903.5
5084.2
5220.8
5353.5
5524.2
5276.2
4998
4875.2
4944.2
4510.2
3593.7
2933.6
2885
3031
3108.5
2946.2
3019.4
3067.1
3481.8
3796.7
4385.2
4971.9
5688.3
6344.6
7035.6
7541.5
8013.1
8068.5
7661.2
7168.5
7058.3
7514.5
7699.6
7890.1
8122.1
7793.6
7344.2
6999.1
7286.7
6777.5
5603.7
4308.4
4162.4
4421.6
4488.1
4246.7
4212.8
4228.1
4477.2
5058.8
5548.4
6257.7
6957.1
7873.6
8752.8
9726.7
10283.3
10786.1
10720.6
10267.9
9641.6
9567.6
10077.1
10416.2
10781.6
10967.2
10672.4
10036.2
9514.9
9913.5
9303.6
7712.5
5950.8
5597.8
5624.4
5816.7
5725.6
5715.5
5629.8
5843.6
6451.4
7032.5
7961.4
8860.3
9919.1
11123.7
12344.1
13329.8
14089.7
14461.1
14380.6
13759.4
12970.5
12996.3
13635.4
14012.3
14558.4
14873
14324.3
13546.4
13130
13294.9
12553.6
10636.6
8414.3
7771.8
8108.5
9446.6
13173.5
17096
18746.5
16632.7
12458.5
10774.4
10893.3
11806.2
12884.7
14458.7
15764.8
17176.3
18338.7
19231.5
19435.5
19194.5
18293.7
17638.9
17715.3
18420.9
19054
19673.4
19847.2
19176.6
18188.8
17678.3
17424.8
16350.2
13865.1
11006.2
9532.2
9216.5
9088.9
8946.3
8572.9
8260.4
8085.5
8263.7
8773.9
9521.1
10543.5
11609.1
12822.4
14003.4
15322.4
16465.3
17561.7
17958
18116.5
17637.9
16925.5
16544.1
16686.3
16848.1
17392.6
17717.6
17732.3
17229.6
16602.1
15982.1
15575.6
14319.3
12228.7
9960.1
8383.4
7667.4
7269.6
7130
6699.8
6438.3
6032.9
5996.9
6147.4
6521.1
6882.9
7421.7
8287
8973.8
9797.5
10621.9
11370.2
11834.9
12328.3
12240.1
12043.9
11576.2
11357.4
11317.8
11432.8
11751.3
11825.9
11917.6
11574.4
11244.6
10764.4
10292.7
9497.5
8158
6862.8
5743
4934.9
4406.4
4119.5
3734.9
3480.7
3249.6
2982.9
2849.8
2815
3053
3158.1
3294.4
3743.2
3859.3
4174.6
4408.2
4657.3
4866.6
4991.2
4988.3
4904
4793.6
4691
4729.5
4590.4
4857.7
4771.8
4801.2
4610.1
4542.8
4334.3
4120.2
3777.8
3250.3
2863.9
2357.1
1925.5
1592.7
1386.3
1188.3
1032.9
895.9
715.1
670.7
502.4
372.4
381.5
256.6
284.2
257.3
333.9
315.7
289.4
241.8
214.7
228.1
220.6
209.8
247.1
270.7
186.1
231.1
218.1
322.3
229.3
231.7
257.6
321.2
315.9
252.3
449.9
344.9
280.4
292
350.4
293.8
416.5
333.2
370.5
323.8
419.3
450.4
440
585.5
559.5
605.1
657.5
600.1
578
536.2
580.7
614.8
768.8
618.7
679.8
701.2
764.8
845.5
835.4
867.9
896.6
1011
1083.8
1331.8
1382.3
1428.9
1569
1823.4
2008.1
2096.3
2304.4
2496
2674.5
3407.9
4962.9
5303.7
4419.9
2391.9
1161.6
1065.2
1248.3
1183.2
1212.6
1319.3
1487
1642.3
1919.2
2013
2304.7
2676.4
2915.5
3402
3815.1
4347.2
4868.3
5514.2
6149
6886.9
7712.9
8584.9
9595
10646.8
11799.3
12801.7
13836.3
15417.7
18646.5
23408.6
27738.6
27494.3
21736.9
12943.3
7099.2
4206
3386.6
3027.8
2787.8
2503.6
2419.9
2405.3
2257.4
2369.6
2241.4
2401.4
2278.7
2388.8
2374.8
2568.3
2648.3
2886
3099.2
3377.1
3634.8
3913.8
4213.8
4588
4958.6
5402.7
5782.7
6210.5
6591.2
6782.6
7156.3
7242.2
7560.8
7644.3
7693
7807.5
7875.3
8055.5
8108
7992.1
7963
8044.7
7944.9
7896.3
7687.4
7538.3
7246.3
7056.4
6815.2
6481.6
6278.2
5982.6
5723.1
5422.9
5194.7
5011.7
4845.5
4840.6
4758.5
4819.6
5096.6
5203.7
5500
5795.8
6275.7
6622.6
7151
7725.3
8391.5
9073.9
9726
10684.6
11433.9
12226.1
12858.4
13475.8
13905.6
14263.9
14413.5
14731.6
14802.9
14672
14740.7
14739.7
14863.3
14739.9
14632.9
14566.3
14616.7
14535.3
14297
13885
13453.8
13277.8
13006.5
12609.4
12120.3
11759
11358.8
11149
10783.8
10610.5
10527.7
10693.8
10685.4
10733.1
10701
10788.3
10911.3
10794.1
10726.5
10690.9
10688.6
10850.4
10936.8
11197.5
11523.2
12149.1
12707.8
13432.8
14382.5
15285.4
16237.5
16891
17815.8
18478.7
19204
19979.5
20427.1
20974
21547.3
22109
22686.3
23115.3
23477.6
23901.2
24209.2
24786.6
25194.5
25763.2
26036.4
26136.9
26139.7
25963.3
25456
24381.2
23206.3
21620.5
20158.9
18647
17442.1
15898.7
14543.7
13165
11907.6
10740.7
9881.1
9130
8921.6
8839.9
8988.2
9275.9
9523.9
10008.1
10650.4
11478
12060.8
12915.6
14033.5
15023.4
16053.4
17183.8
18557.1
19542.1
20625.6
21861.2
22830.6
23874.7
25065
26517.7
27645.4
28714.5
30021.1
30858.4
31176.7
31129.4
31044.2
30522.8
29759.6
28694.7
27487
26206.9
24954.3
23727.6
22228.2
20733.6
19035.1
17289.2
15805
14327.2
12927.1
11964.8
10943
10201.6
9463.7
8916.9
8456.1
8034.8
7660.3
7400.4
7202.7
7236.4
7200.1
7480.6
7527.3
7734.3
8076.8
8495.6
9074.6
9533.9
10041.1
10744.2
11574.6
12119.1
12775.1
13392.2
13883.8
14479.2
14821.6
15270.6
15464.3
15820.6
16189.6
16257.8
16399.4
16559.6
16809.4
16797.1
16894.7
16641.2
16596
16172
16134.6
15754.5
15273
14819.7
14384.2
14061.7
13754.8
13616.2
13519.9
13484.5
13441.4
13255.3
13095.9
12831.4
12959.7
11996.9
11310.1
10615.8
10008.8
9495.1
8851.8
8267
7789.9
7374
6720.7
6129.6
5562.6
5167.2
4760.6
4208.1
3674.5
3154.4
2861.9
2528.3
2389.9
2189.5
2144.1
2033.1
2088.8
2038.8
2073.4
2172.5
2247.5
2288.7
2467.1
2476.1
2606.8
2809
2797.1
2955.6
3116.7
3283.6
3438.2
3721.1
3851.9
3917.5
3822.6
3942.7
4007.3
4030.5
4064.2
3973.2
3960.2
3694.6
3546
3456.4
3342.1
3103.7
3210.6
2805.6
2647.7
2451.9
2288.8
2059.2
1958.9
1746.3
1581.6
1422.4
1300.8
1286.7
1269.7
1280.8
1181
1213
1222.6
1350.7
1380.3
1401.5
1464
1590.8
1691.9
1811.6
1941.1
2135.8
2340.3
2406.6
2634.7
2837
3135.7
3448.2
3665
3905.2
4035.2
4223.1
4443.6
4375.2
4394.7
4457.8
4467.4
4420.6
4383.4
4340.6
4123.7
4002.5
3869.8
3752
3534.4
3347.2
3093.4
2779
2592.8
2459.6
2192.9
1877.8
1775.7
1495.6
1421.7
1230.1
1161.7
1128.5
1136.7
1147.4
1039.9
1099.9
1060.2
984.4
990.7
1038.6
1049.2
1018.1
1152.3
1183.3
1124.9
1325.1
1267.4
1371.3
1473.2
1555.2
1654.8
1875.7
2064.6
2200.3
2382.3
2534.4
2642.1
2932.5
2907.5
2812.6
2782.9
2795.9
2850.3
2881.5
3222
2760
2716.1
2630.1
2574.4
2432.5
2405
2270.7
1998.8
1672.6
1607.7
1567.4
1344.7
1231.5
1018.7
944.5
779
644.8
595.1
625.5
605.2
586.5
595.6
625.2
635.5
414.4
584.7
528.7
432
583.4
462.8
414.9
398.1
397.1
430.8
356.7
375
305.9
266.2
279.4
298.1
282.2
232.5
313.3
175.2
185.3
170.5
182.7
75
220.3
53.7
118.2
148
176
120.4
201.8
170.6
249.3
156
214.8
280.6
237.5
372.5
441.1
375
407.7
428.5
385.9
342.7
433
373.8
441.5
390.1
359.9
376.4
344
278.5
326.7
349.9
338
276.5
407.3
206.6
183.8
408.4
149
142
151.5
58.9
90.2
63.1
38
23.2
49.5
68.2
97
82.8
279.4
90.7
0
30.4
56.4
148.5
50.9
61.9
56.2
84.8
115.7
82.1
110.8
141.4
167.5
167.5
195.8
177.9
272.5
256.7
291.5
288.6
363.3
368.4
347.1
347.1
389.4
390.8
377.8
318.2
385.4
358.4
226.1
252
268.1
240.8
215.3
299.2
221.7
160.5
196.7
145.6
162.3
244
326.3
473.4
523.4
563.5
596.3
620.6
538.4
550.9
539.7
654.9
652.2
540.7
524.2
607.8
448
582.2
448.8
439.9
405.2
345.2
394.1
334
310.6
282.6
328.9
339.7
368.8
311.1
539.2
328.5
311
337.4
290.4
369.5
402.2
301.5
371.6
364.5
462.9
490.6
420.9
390.3
462.1
437.9
365.1
436.8
358.6
390.4
315.7
270.1
285.4
331.2
228.6
279.1