6945
5064.9
3277.7
1794.2
1370
1591.4
1856.9
2243.4
2782.4
3522
4467.5
5818.2
7164.6
9005.3
11124.7
13831.6
17094.1
19971.8
21173.5
18572.3
12686.2
6962.4
2843.1
2043.1
2191.2
2429.7
2766
3435.8
4162.2
5150.3
6622.9
8179.4
10242.4
12885.7
15883.5
19419.7
24115.6
29129.3
33341.9
33798.2
27302
17372.5
8290.9
2392.2
1420.3
1235.8
1103.1
1078.1
1155
983.1
922.6
960.2
1112
1085.1
1255.4
1416.9
1592.6
1872.8
2252.2
2487.5
2771.1
2745.5
2390
1750.3
1313
1004.3
1079.7
1204
1449
1829.5
2345.1
3052.3
3768.2
4546.3
5599
6449.4
6867.7
6391.4
4925.8
3294.3
1868.4
1353.8
1568.4
1606
1878.2
2008.5
2125.4
2610.4
3208.3
4152.5
5454.2
7080.3
8505.2
10248
12653
14789.7
16125
15112.9
11582.3
7475.9
3792.9
1956.7
1949.7
2086.3
2211
2557.7
2965.1
3533.8
4228.1
5170.3
6135.1
7523.6
9196.7
11251.7
13631
16372.3
19638.2
24383
28514.7
30554.4
29194.5
22724.4
14494.5
7384.5
2704.1
1915.1
1920.6
1922.7
2164.1
2311.5
2718.7
3067.3
3622.6
4376.6
5167.7
6261.1
7496.9
9000.9
10810.8
13119.7
15565.7
18236.1
22083.4
26899.6
29843.6
30439.7
26796.8
19402.1
11794
5457.3
2599.7
2441.2
2521.7
2731.5
3086.6
3521.6
4077.5
4764.4
5451.6
5771.1
5592.6
4692.9
3535.7
2421.8
1680.2
1467.8
1535.8
1623.2
1786.5
2121.6
2360.8
2837.8
3454.3
4150.3
4863.5
5611.5
6408.5
7756.8
8821.3
9226.5
8839.9
7241.7
5036.7
3002.6
1535.7
1233.5
1216.4
1253.6
1314.5
1465.5
1534.4
1655.5
1810.5
2032
2433.4
3021.2
3732.6
4680.5
5695.9
6717.8
7812.7
9215.3
11135.8
12689.3
13565.1
13001.6
10716.5
7405.9
4232.3
2019.4
1451.5
1330.6
1394.5
1472.5
1471.1
1573.3
1762
1790.2
1953.1
2169.2
2490
2861.3
3255.3
3816.5
4379.5
5127.7
6070.7
7030.3
8160.3
9483.1
11230.6
13350.8
14618.3
14624.8
13085.2
9892.7
6279.6
3186.7
1339
946
865.5
803.9
852.3
822.9
994.8
1014.6
1090.9
1114.5
1230.7
1372.1
1529.3
1675.5
1965.8
2197
2513.3
2917.9
3312.9
3834.1
4462.5
5196.4
6029.6
7034.1
8519.1
9811.2
10248.6
10154.7
9123.2
7496.6
5815.3
4321.4
3445.8
3031.5
2263.3
1613.3
1198
832.4
825.5
800.6
793
824.9
830.9
938.6
991
1098.1
1221
1364.1
1613.2
1898.1
2205.9
2377.3
2753.7
3206.1
3732.3
4161.3
4399.8
4152.4
3663
2639.8
1699.5
873.7
520.5
433.3
405.8
457.9
475.8
493.3
544.1
597.2
594.2
847.4
681.1
703
777.9
902.1
1175.7
1224.3
1515.8
1782.8
2093.8
2425.7
2711.4
3178
3828
4647.9
5172.8
5482.5
5222
4547.4
3497.1
2319.5
1422.6
1006.6
952.6
945.9
893.2
901.3
860.2
735.5
717.2
653.2
685.2
683.4
707.5
744.1
835.6
918.4
970.3
1076.8
1343.6
1309.3
1505.3
1714.2
1932.9
2220.2
2539.6
2872.2
3311.9
3747
4491
5071.4
5246.8
5008.9
4492
3630.5
2518.4
1456.6
782.7
549.8
521.7
544.1
542.1
525.1
558.6
608.3
618.5
627.4
645.7
734.4
738
795.1
813.7
848.2
963.5
1053.4
1235.1
1306.2
1510
1717.7
2018.5
2323.1
2655.2
2822.7
3003
3013.5
2956
2853.5
2743.1
2836.9
2955.3
2941.4
2805.5
2571.9
2197.6
1608.5
1161.1
719
582.8
562
562.1
656.3
686
726.6
791.8
865.1
1017.8
1191.8
1306
1372.6
1510.5
1741.2
1993.9
2355.4
2463.1
2477.1
2331.5
2064.7
1705.5
1175.7
737.6
500.4
465.2
444.2
414.3
403.6
416.6
419.6
539.5
431.9
477.2
506.1
500.6
538.5
579.6
573.2
534.4
571.1
627.6
582.5
625.5
708.5
834.2
925.8
1184.4
1262.7
1444.2
1528.9
1732.7
1954.8
2275.2
2681.6
2883.1
2957.7
2919.2
2810.4
2575.2
2140.3
1840.4
1488.2
1386.5
1351.2
1311.7
1136.4
1022
861.2
658.8
567
462.3
474
446.1
613.1
814.8
941.6
1010.8
1068
1196.9
1061.6
933
792.8
685.1
760.1
795.9
853.1
899.6
1004.2
1028.1
1157.6
1215.7
1266.9
1447.4
1510.9
1598.2
1748.5
1964.3
2125
2216.2
2086.9
1940
1813.5
1514.1
1228.6
889.8
624.4
519.2
529.7
492
456
522.5
469.7
482.4
511.1
552.3
536.7
623.4
684
714.5
738.9
847.8
926.5
949.9
909.4
861.7
876.1
716.8
607.4
502.5
422.4
352.7
387.9
408.7
524.4
472.3
475.1
573.3
552.6
590.6
623
723.7
713.2
757.3
820.9
856.9
941.9
1030.3
1017.9
928.1
956.8
939.5
922.1
845.2
785.9
785.2
796.4
904.9
932.7
1007.4
1126.4
1197.6
1188.8
1158.2
1120.3
1069.4
1062.1
857.4
717.7
638.5
594.5
626.7
510.4
456.3
514.5
495.9
450.9
414.4
524.9
405.1
418.4
422.5
388
443
490.7
483.9
642.4
560.3
569
597.6
645.4
676.3
734
781.7
738
800.3
890.7
908.6
975.9
986.6
1024.7
1236.9
1213.1
1312.9
1322
1477.5
1541.1
1644.4
1735.7
1893.5
1896.6
1926.5
1894.6
1916.8
1920.1
1806
1705.2
1594.8
1500.5
1375.3
1307.9
1140.6
1046.2
903.5
860.2
760.7
755.4
718.9
669.3
676.9
629.5
571.7
452.7
463.3
443.6
482.9
544.9
603.1
650.9
530.8
475.2
494.6
445.8
449.6
426.4
433.9
429.3
431.6
446.6
444.2
428.9
447.2
442.5
475.1
463.3
441.9
548.4
456.7
445.3
423.8
514.3
465.6
552.6
689.2
677.5
628.1
654.1
647
588.6
582.3
649
532.2
572.6
659.3
668.8
807.1
886.4
1079.1
1093.8
1191.1
1377.1
1470.1
1610.7
1633
1697.7
1808.6
1858.2
1836.8
1916.6
1939.8
1987
1974.1
1968.3
2003.5
2081.2
2060.8
2010.5
2014.2
2040.8
2089
2078
2088
2155.3
2172.8
2216.5
2190.4
2114.3
2088.2
2002.1
1953.2
1958.3
1961.7
1915.1
1991
1970.2
2021.4
2049.2
2032.4
2073.3
2105.7
2137.9
2117
2033.3
2128.7
2063.8
2010.9
1946
2028.2
2000.6
2014.6
1937.2
1945.4
1958.8
1964.1
1894
1868.4
1838.8
1767.8
1635.5
1583.7
1495.6
1422
1447.4
1378.6
1475.5
1412.1
1496.7
1539.5
1603.8
1657.1
1659.8
1662.1
1646.1
1582.9
1555.5
1485.8
1413.7
1394.3
1334.6
1244.1
1197.4
1199.2
1155.3
1110.2
1195.4
1248.1
1220
1248.8
1291.4
1223.1
1221.6
1179.3
1228.4
1208.2
1127.7
1182.8
1131.1
1152.4
1097.7
1105.5
1050.1
1108.3
1134.2
1179.9
1243.5
1295.5
1270.5
1277.7
1296.3
1318.7
1245.8
1160.2
1074.9
1112.6
831.8
740.7
765.7
621.7
619.2
597.4
602.8
622.9
620
690.5
602.2
669.5
679.9
663.8
690.7
670.5
750.7
787.5
793.8
804.8
823.7
940.5
869.9
942.7
951
1011.6
999.8
1059.4
1089.2
1129.8
1176.5
1168
1235
1209.6
1285.1
1387.7
1455.1
1615.3
1647.2
1829.9
2008.6
2223.6
2484.5
2842
3330.6
3737.5
4342.6
4878.4
5411.8
5604.5
5735.5
5914.1
5991.4
6084.7
6201.7
6320.6
6448
6537.4
6301.4
5981.5
5643
5361.5
5339
5200.3
5406.9
5867.1
6543.9
7205.3
7833.3
8306.5
8466.4
8615.4
8789.4
8710.2
8922.8
8929.9
8967.3
9248.9
9218
8506.8
7851.7
7136.4
6704.7
6355
6328.8
6560.6
7075.3
7659.6
8200.5
9025.5
9329.3
9549.5
9604.2
9597.2
9692.6
9914.1
9963.1
10128.6
10344.4
10222.6
9635.2
8725
7852.7
7150.7
6743.8
6486
6653.7
7125.4
7750.4
8380.3
9098.2
9687.7
10047.8
10175.1
10001.4
10030.2
10087.4
10394.2
10433.2
10528.9
10699.6
10338.8
9791.1
8558.3
7482.4
6842.2
6259.3
6072.6
6291.7
6648.3
7096.3
7710.7
8404.3
9038
9342.2
9373
9072.2
8944.5
8970
9180.5
9400.3
9478.4
9609.9
9262.9
8985.1
8049
6995.7
6149.2
5600.7
5342.7
5550
5850.5
6244.6
6806.1
7359.7
8152.4
8683.8
8995
8915.9
8598.6
8470.9
8413.8
8759.1
9023.9
9216.9
9251.7
9154.2
8836
7992.5
6872
5969.2
5333.3
5211.3
5276.1
5501.6
5786.2
6190.1
6720.9
7233.4
7926.8
8192.4
8229.1
7860.6
7449
7377.8
7371.1
7786.8
7833.5
7814.4
7815.6
7798.7
7199.5
6075.7
5023.1
4209.8
3546.6
3351.8
3401.2
3279.7
3204.4
3323.3
3483.2
3899.6
4031.6
4261.7
4309.1
4113
3895
3873.3
3889.6
4211.8
4314.3
4508.1
4254.6
4237.4
4073.9
3656.2
2922
2480.8
2157.9
2160.8
2219.7
2307.2
2333.6
2335.7
2517.8
2698.2
2896.6
3027.1
3110.2
2987.5
2815.3
2687.3
2643.9
2757.2
2804.5
2809.2
2733.9
2685.1
2600.3
2546.2
2205.4
1880.1
1685.2
1575.4
1558.3
1604.7
1643.7
1768.1
1889.6
2071.8
2362.5
2721.6
2919.7
3283.8
3480.1
3693.4
3758.1
3594.8
3505.4
3418.9
3560.4
3548.8
3712.4
3747.5
3555.5
3362.3
3446.1
3341.8
2917
2441.9
2202.6
2260.8
2303.7
2292.3
2294.2
2464.2
2674
2997.4
3432.4
3830
4312.3
4907.9
5428.9
5900.1
6110.4
6224.8
5969.8
5637.8
5562.3
5801.4
5914
6148.5
6286.5
6023.7
5676.5
5633.6
5630.7
5187.6
4130.2
3459.3
3305.5
3447.1
3513.6
3397
3421.6
3433.9
3854.6
4290.8
4853.8
5562.3
6258.4
7003.5
7754.9
8315.3
8797.2
8892.8
8481.9
8008.4
7852.1
8259.6
8530.1
8779.5
9074
8618.8
8198.8
7817.6
8147.8
7582.6
6294.7
4859.5
4629.4
4894.6
4965.7
4727.4
4679.5
4643.2
4908
5570.2
6008.7
6824.7
7550.6
8564.4
9624.2
10586.7
11243.9
11813.4
11725.6
11206.1
10476.7
10475.7
10958.8
11399.6
11782.9
12064.4
11710.7
11031.5
10435.6
10939.4
10296.9
8522.4
6535.4
6086.6
6159.1
6328.2
6262
6101.6
6022.6
6273.9
6913.2
7546.1
8515.8
9517.2
10641.2
11936
13326.9
14370.1
15299.2
15781.3
15533.7
14891
14003.3
14011.1
14806.3
15169.2
15734.8
16163.7
15606.3
14723.6
14189.7
14564.6
13844.7
11728.6
9039
8366.9
8698.6
10131.3
14957.6
20551.4
22518.9
19816.7
13701.9
11549.3
11621.7
12613.3
13805.4
15480.4
16919.2
18420.3
19662.2
20719.5
21032.1
20813.4
19762.2
18932.8
19011.3
19892.1
20507.1
21158.4
21440.8
20838.5
19630.9
18981
19138.8
18070.9
15131.5
11728.3
10144.6
9799.4
9831.2
9726.4
9221.9
8835.2
8593.7
8802.3
9378.6
10203.4
11313.2
12376.6
13667
14984.2
16412.6
17671.5
18842.4
19358.3
19494.8
19034.3
18135.6
17544.4
17829.8
17992.4
18633.6
19044.1
19206.2
18586.7
17873.8
17165.3
16966.1
15772.8
13294.8
10599.9
8865.1
8123.5
7796.1
7663.6
7204.5
6880.2
6462.6
6387.8
6605.6
6898.9
7366.2
8074.7
8801.3
9621.6
10594.1
11438.8
12223.8
12832.6
13298.9
13207.9
12962.2
12399.7
12141.2
12112.2
12246.3
12606.2
12772.9
12849.2
12554.9
12083.8
11641.7
11181.2
10391.9
8918.8
7377.7
6128.1
5256.9
4737.4
4500.1
4100
3846.2
3525.6
3282.9
3130.5
3127.2
3290.3
3388.1
3619.9
4032
4208.6
4537.6
4825
5070.8
5302
5448.2
5485.2
5310.8
5199.7
5086.4
5139
4996.1
5187.8
5148.3
5197.6
5023.8
4962.6
4723.1
4508.3
4171.3
3666.4
3154.8
2621.4
2168.4
1850.9
1612.7
1439.1
1307.9
1138.9
936.3
859.2
695.1
634.3
592.3
514.7
507.6
502.8
554.1
524.6
487.4
488.8
419.6
432.8
439.2
449.4
461.7
499
404
453
439.7
529.7
455.3
468.2
473.3
505.1
541.2
491.3
654.8
560.8
544.3
535.5
572.3
523.6
603.3
561.7
584.9
552.3
616
702.5
713.3
823.8
873.8
873
863
830.4
776.7
756.3
777.5
847.3
980.2
904.1
941.1
951.2
1036.8
1089.2
1093.5
1157.3
1223.8
1304.5
1369.4
1603.7
1653.1
1760.7
1908.4
2191
2392.3
2560.7
2778
2941.4
3220
4109.1
5905.4
6076.1
5023.3
2585.7
1390.4
1288.8
1467.4
1389.4
1486.5
1569.9
1740.4
1891.2
2107.5
2330.8
2588.4
3001.4
3283.1
3739.4
4204.9
4781.2
5373.6
6066
6772.9
7541.4
8485.3
9391.2
10521.6
11745.2
12872.4
14035.9
15166.8
16780
20180.1
25985.4
30860.7
30356.3
23056.9
12930
6905.2
4428.3
3704.8
3383.4
3127.1
2835.4
2705.2
2665.5
2543.6
2609.8
2475.1
2599.2
2498.5
2628.8
2658.3
2854.5
2959.7
3191.1
3398.4
3701.7
3949.8
4277.8
4621.2
4977.5
5404.9
5913.1
6343.3
6709.7
7176.3
7383.3
7795.9
7880.1
8151.7
8329.9
8384.8
8484.2
8490.2
8684.9
8782.8
8703.9
8683
8734.7
8687.2
8621.3
8322.2
8182
7955.6
7619.8
7388.5
7017.1
6736.9
6452.3
6160.1
5843.3
5556.1
5353.7
5189.8
5158.4
5012.8
5184.8
5395.3
5535.8
5817.6
6180.6
6723.2
7085.8
7670.8
8285.3
8993.8
9729.1
10488.6
11415.8
12310
13220.3
13905.1
14616.5
15003.1
15384.9
15508
15801
15804.4
15747.7
15665.2
15681.7
15818.1
15802.6
15660.1
15501.5
15504.1
15558
15245.3
14929.2
14412.4
14222.5
13951.4
13440.8
12923.4
12488
12104.1
11799.1
11502
11299.6
11213
11370.6
11438.3
11447.2
11500.7
11575.5
11678.7
11533.7
11370.6
11280.4
11308.1
11383.6
11544.3
11687.3
12080.1
12764.1
13353
14254.1
15190
16191.8
17195.1
18045.8
18870
19687.5
20389.4
21111.5
21729.6
22281.7
22781
23459.3
23941.6
24416.6
24832.5
25265.3
25573
26332.7
26736.8
27291.9
27541.8
27862.5
27883.6
27562.1
27021.1
25819.3
24413.3
22886.1
21120.7
19488.4
18166.4
16476.2
14925.4
13405.8
12069
10899.7
9957.5
9295.2
9047.3
9132.1
9180
9492.2
9807
10316.4
10933.4
11783.6
12481.3
13472.6
14564.3
15625.3
16748.3
17898.8
19298.6
20373.2
21532.9
22794.1
23792.3
25077.6
26142.8
27628.3
28914.3
30095.9
31461.9
32357.2
32606.4
32562.7
32433.7
31863.7
30989.8
29814.9
28681.6
27293.7
25889.8
24576
23018.8
21396.8
19476.4
17707.2
16078.4
14640.8
13264
12155.1
11188.8
10390
9675.5
9133.2
8625.2
8210.9
7790.4
7562.4
7385.4
7439.9
7450.2
7673.2
7838
8018.3
8370.8
8811.3
9458.1
9916.3
10539.1
11301.5
12081.5
12636.2
13416.5
14038.5
14602.7
15218.1
15613.7
16064.9
16297.3
16654.3
17000.2
17106.2
17289.9
17427.7
17605.2
17566
17632.7
17505
17312.3
17001.2
16887.9
16443.7
15891.3
15525
14947.1
14665.9
14314.4
14178.3
14009.7
13918.9
13905.1
13578.1
13417.4
13207.8
13129.3
12203.2
11505.9
10837
10154.7
9598.7
8949.4
8417.2
7867.6
7315.3
6764.4
6135.8
5599.9
5189.1
4685.3
4193.1
3718.1
3181.2
2913.9
2653.5
2465.4
2327.8
2302.7
2201.7
2293.4
2265.8
2300.6
2345.1
2462.3
2555
2694.2
2730.2
2870.3
3037.7
3077.5
3256.2
3418.4
3618.7
3794.5
4043.4
4224.5
4299.1
4282.3
4362
4451.3
4462.2
4449.9
4331
4309
4070.4
3866.4
3793.9
3601.2
3399.8
3443.4
3029.8
2866.6
2589
2440
2234.5
2089.6
1866.5
1666.3
1562.3
1394.8
1382.8
1323.3
1384.6
1285.4
1311.4
1336.9
1459.6
1499.9
1551.6
1599.7
1748.5
1862.2
1979.5
2116.9
2318.1
2563.9
2612
2872.5
3136.6
3409.3
3783.2
4011.6
4195
4387.5
4569.7
4766.1
4718.4
4742.6
4776.1
4778
4697.8
4709.2
4644.1
4435.3
4234.3
4134.7
3954.2
3736.9
3533.4
3228.3
2938.2
2742.8
2564.2
2323.1
1947.4
1839.6
1593.2
1471
1362.4
1297.2
1243.3
1222.5
1153.5
1112.2
1156.2
1132.2
1077.6
1089.3
1089.8
1106.7
1117.8
1210.2
1237.8
1222.5
1392.6
1400.2
1502.5
1556.3
1644.4
1775.9
1982.5
2164.9
2314.6
2531
2707.8
2815.4
3049.4
3047.4
2970.7
2968.8
2929.3
3004.6
2994
3257.7
2879.6
2840.8
2748.7
2684.3
2561.3
2485
2364.7
2017.5
1793.9
1720.2
1655.4
1416.6
1241.8
1031.9
993.5
822.9
700
676.5
709.4
692.6
668.5
665.1
712.5
699.9
529.7
647.8
602
532
632.9
522.5
500.6
478.2
489.8
504.8
477.1
468.6
388.6
332.2
329
333.1
329.4
274.3
305.7
191.2
241.8
206.3
185.5
102.6
227.6
88.6
143
160
178.3
140.8
218.4
194.1
232
206.3
257.5
291.4
301.9
380
448.7
408.4
468.1
469.7
454.4
411.1
499.8
448.3
486.8
465.2
411.3
422.3
377.2
367.5
347.3
346.5
330.5
311.6
380.5
221.1
223.1
363
144.2
160.8
146
72.5
96.3
60.3
35
0
15
52.9
51.5
65.8
226.7
63.5
29.7
21.2
54.3
113.6
69.1
45.3
72.4
81.2
124.2
93
64.1
149.4
170
162
164.6
195.4
269
263.8
283.8
303.5
371.3
370.9
363.4
346
376.3
414.2
382.2
351.3
372.5
323.2
235.6
217.5
273.8
231.5
211.3
265.4
205.9
133.7
133.3
133.5
126.1
182
293.8
442
462.6
559.4
545.3
548.9
490.9
481.1
498.2
585.5
576
488.3
496.1
498
384.9
475.5
359.7
352.9
356.4
310.3
289.5
256
262.2
244.2
241.7
289.5
302.4
263.2
441.8
303.5
254
271.1
234
312.2
333.5
246.7
315.9
315.9
357.2
399.9
365.6
346.5
400.1
377.3
326
354.4
294.6
327.8
257.5
247
249
232.2
165.1
206.8
NaN