5853.4
4160
2572.1
1322.2
1190.8
1452
1707.5
2123.7
2696.9
3428.7
4307.9
5540.3
6827.2
8553
10597.2
13064.8
15804.9
18047.4
19088.3
16080
10583.6
5268.2
2030.3
1832.4
1967.2
2211.8
2637.2
3288.7
3993.3
5005.3
6463.9
7805.6
9807.8
12076.8
14938.9
18161.1
22327.5
26432.2
30188.7
30520.2
23747.5
14384.1
5846.8
1563.7
1195.3
1052.4
846
877.5
960.8
764.9
735.5
740.1
936.4
853.3
983.7
1183.7
1356.1
1612.9
1947.9
2090.1
2401.6
2368.7
2013.9
1405.4
1004.8
771.2
875.2
1017.2
1217.9
1601.6
2043
2755.7
3353.4
4057.9
4910.7
5675
6153.8
5602.5
4175.8
2634
1397.2
1152.8
1387.7
1366.6
1711.4
1850
1910.3
2390.1
2924.8
3788.6
5052.3
6499.4
7653
9197
11211.2
13204.3
14626
13696.2
10155.5
6177.6
2744.2
1591.2
1684.1
1848.8
2010.3
2331.2
2710.2
3307.1
3943.9
4862.9
5720.4
7009.9
8623
10494.8
12615
15068.1
17997.4
22001.3
25949
28160.6
27001.6
20093.8
12142.4
5512.3
1975.9
1560.8
1659.1
1667.9
1905.2
2061.8
2397.9
2803.7
3348.5
4147.8
4828.5
5976.4
7049.9
8446.7
10201.6
12341.5
14600.3
17006
20321.7
24637.2
27756.6
28685.7
24668.5
16940.8
9635.4
3946.2
2132.8
2108.3
2175.4
2351.7
2690.3
3089.5
3657.4
4204.1
4875.1
5194.2
5071.8
4074.8
2943.4
1861.4
1324.2
1211.7
1284.8
1344
1508.3
1866
2025.9
2493.5
3149.8
3873.3
4511.8
5200.5
5875.4
7048.7
8204.9
8685.4
8230.4
6470.4
4225.9
2348.1
1173.6
1006.8
1018.2
1080.3
1063.6
1278
1317.4
1430.8
1584.1
1806.8
2183.4
2796.8
3479.3
4455.3
5325.7
6275.1
7318.2
8524.2
10326.1
11950.9
12806.7
12162.7
9502.4
6239.5
3336.3
1520.9
1254.2
1186
1271.3
1383.4
1329.7
1431.8
1700.6
1639.3
1827.1
2018.7
2310.7
2660.8
3093.7
3625.5
4187.2
4865.9
5776.1
6687
7817.5
8992
10588.6
12649.9
14012.1
13937.7
12033.4
8589.4
5119.5
2234.3
960
719
687.9
601.5
666.8
642.5
833.2
884.2
900
991.8
1076.4
1193
1412.6
1537.5
1800.8
2025.8
2324.7
2746.7
3119.9
3646.5
4231.6
4931.1
5631.2
6596.9
8004
9259.9
9700.4
9477.8
8263.9
6537
4975.9
3632.6
3103.8
2664
1868.2
1223.1
973.6
605.6
658.8
588.9
547.9
556.4
604.7
690.4
739.9
841.5
1003.7
1136.5
1384.3
1666.8
1913.8
2174.2
2454.7
2893.3
3365.6
3835.1
4114.8
3783.9
3203.2
2163.4
1246.5
548.9
279.1
230
220.4
247.9
284.9
318.2
359.5
375
430.8
764.5
458.7
486.1
603.5
717.5
1049
976.2
1300.5
1588.1
1830.3
2167.6
2442.4
2844.1
3419.9
4276.5
4772.9
5251.2
4824.5
4024
2941.4
1780.7
970.2
703.6
694.5
720.7
633.8
630.4
610.3
502.7
488.2
415.5
454.1
482.3
519.7
513
607.1
688.1
702.2
843.3
1130
1049.9
1254.2
1454.8
1722
1948.2
2273.8
2542.1
2934.6
3380.3
4065.2
4652.9
4876.4
4680.6
4080.4
3109.5
1982.4
1014.3
490.2
325.8
325
332.8
377.7
349.7
385.3
436
461.9
415.2
486.2
552.7
566.4
593.7
619.7
630.1
706.1
833.4
1053.5
1088.5
1294.6
1480.3
1760.1
2045.2
2355.7
2578
2725.7
2719.7
2544.3
2435.9
2313.8
2418.5
2649.8
2692.4
2540.4
2314.3
1774.2
1263.5
853.4
402.5
368.6
318.4
335.6
417.2
443.4
489
555.8
660.9
810.9
958.8
1025.1
1138.6
1280.3
1432.4
1704.3
2047.4
2199.7
2247.7
2062.8
1728.7
1343.1
790.3
407.3
257
226.9
199.2
194
192
232.6
202.9
319.1
181
254.2
291.7
286.1
294.3
413.9
338.9
258.7
290
391.8
355
384
438.7
612
665.1
948.4
1014.3
1210.6
1247.9
1452.8
1620.3
1928.9
2310
2560.5
2683.8
2615.1
2409.9
2142.6
1694
1383
1049.3
983.7
981.9
942
769.3
623.8
546.1
356.3
293.7
185.9
247.9
178.9
301.3
489
585.2
654.4
687.9
857.3
670.8
552.4
455.1
404.3
485.9
529.1
601.7
611.3
738.2
729.3
913.3
969
980.3
1156.6
1226
1322.6
1435
1657.9
1820.5
1900.9
1857.5
1749.1
1550.2
1205.9
912
592.5
382.1
286.6
318
249.8
248.7
288.6
241
254.8
278.4
302.5
283.2
379.9
455.2
512.9
500.1
600.9
685.8
665.8
642.5
587.6
657.9
442.1
337
220.4
216.3
147.1
122.1
162.6
327.2
228.9
251.6
353.9
308.2
357.7
408.9
490.9
507.8
548.1
636.9
578.9
665
806.2
786.5
750.4
704.2
722.9
683.8
588.1
489.3
551.9
573.3
619.8
634.6
728.5
830.3
914.5
882.2
903.5
856.5
831.2
785
598.9
444.7
346.9
353.2
365
251.2
221.6
251.6
253.5
231.8
203.3
316
208.3
181.5
198.4
199.1
216.7
281.1
286.8
482.8
317.8
375.9
339.4
408.5
440.5
501.9
530.7
506.9
557
603.6
673.9
752.6
751.9
760.9
1000.1
954.8
1049.8
1009.4
1201.8
1223.9
1322.9
1427.9
1535.7
1615.9
1556.8
1536.5
1513.2
1538.3
1378.2
1311.6
1278.7
1175.1
1076.6
964.4
818.3
749.8
634.3
593.1
556.9
534.1
433
421.7
487.5
421.3
340.2
249
225.9
237.8
241.1
354.9
420.7
496.4
289
246.5
275.6
201.5
192.2
246.8
188.9
197.4
176.7
216.8
218.5
215.2
224
253.1
243.7
242.5
208.2
359.6
277.3
202.2
231.7
290.9
232.3
276.2
449.2
508.5
401.3
407.8
411.8
337.6
315.3
380.5
285.5
338.5
438.2
465
544.3
597.3
797.5
835.5
902
1075
1187.3
1307.8
1333.1
1455.7
1511.1
1547.6
1555.7
1585.6
1622.3
1682.5
1720.5
1646.9
1690.3
1790
1703.1
1693.3
1676.2
1704.5
1789.9
1788.8
1827.7
1820.5
1886.6
1905.6
1913.3
1853
1804.3
1693.3
1695.4
1605.7
1705.7
1621.2
1795.3
1652.6
1719.8
1706.1
1695.8
1780
1834.6
1924.6
1823.4
1779.4
1830.6
1784.8
1710.6
1701.7
1724.2
1708.4
1734.3
1688.4
1683.8
1650.4
1648.8
1644.4
1595.8
1582.5
1504.6
1394.4
1287
1229
1196.3
1208
1166.6
1274.2
1187.6
1214
1280.8
1343.3
1392.2
1414.2
1417.6
1393.4
1319.8
1274.9
1214
1178.6
1140.2
1102.1
1011.4
955.6
938.9
853.8
880.3
900.8
969.8
988.3
995.4
1077.6
993.6
956.9
916.8
915
927.3
886
923
898.7
855.8
837
821.1
756.5
818.4
801.8
924
965
976.1
964.5
941.2
949.2
960.8
888
834.7
758.3
865.8
570.4
498.2
539.6
380
366.6
375.4
332.6
383.2
388.5
440.6
318.5
436.3
415
434.3
437.9
426.6
465.5
535.7
498.2
512.1
540.7
649
578.7
648.3
629.4
716.8
748.2
780.6
783.6
856.8
901.9
868.2
925.5
918.2
1030.4
1126
1150.2
1326.2
1399.2
1556.8
1727.8
1870.6
2120.4
2478.2
2901
3328.6
3906.8
4433.7
5015.7
5226.2
5297.4
5354
5483.3
5559.2
5692.5
5802.9
5948
6133.9
5883.6
5571.2
5215.4
4901.6
4833.6
4718.4
4918.8
5412.8
6004.2
6601.2
7297.6
7737.9
7996.5
8057.6
8148.5
8058.9
8247.1
8361.6
8341.7
8648
8697.4
7962.6
7388.1
6621.6
6193.1
5897
5721
6078
6552.2
7118.2
7670.8
8478.4
8865.6
9067.3
9076.9
9017.2
9063.8
9228.8
9431.9
9501.7
9772.4
9703.9
9248.6
8381.7
7354.3
6724.2
6228.7
5950.3
6243.4
6765.3
7284.2
7861.4
8570.8
9213
9548.6
9708.5
9511.1
9458.6
9383.5
9811.1
9987.1
9954.3
10138
9857.4
9439.3
8232.9
7098.4
6435.8
5818
5649.2
5918.2
6238.6
6706.5
7207.4
7857.1
8585.4
8906.4
9032.5
8688.5
8430
8438.6
8485
8939.1
9001.6
9064.1
8873.7
8632.6
7801.9
6685.4
5775.3
5178.5
4983.8
5235.2
5515
5905.1
6381
6939.9
7640.9
8250.4
8535.4
8525.1
8111.2
7972.5
7816.5
8068.7
8497.8
8702.7
8670.8
8617.4
8291.4
7722.1
6584.1
5542.4
4851.8
4765.3
4910.7
5132.1
5339.6
5750.3
6151.8
6635.6
7346.1
7630.4
7724.2
7350.7
6910.6
6764.7
6758.5
7127.6
7348.1
7322.2
7150.9
7270.3
6692.1
5758.2
4598.7
3754.8
3143.1
2987.7
3094.1
2968.2
2906.1
2928.2
3116
3554.6
3627
3893.4
3944.4
3784.5
3501
3403.4
3512.8
3728.3
3915.7
4194.6
3834.9
3818.7
3644.6
3384.5
2676.1
2125.6
1829.9
1815.1
1887.8
2003.1
2070
2028.7
2159.2
2352
2604
2674.5
2821
2747.2
2511.1
2364.3
2299.3
2453.8
2426.8
2476.2
2424.4
2375.4
2291.4
2268.2
2010
1593.6
1462.4
1363.2
1278.1
1358.7
1412.7
1502.2
1600.5
1805.1
2040
2381.4
2575.6
2957.1
3127.3
3349.7
3393.1
3275.9
3168
3096.2
3229.4
3167.4
3340.2
3374.2
3230.8
3028.2
3079.5
3062.9
2703.3
2195.9
1940.6
1967.2
2045
2087.9
2032.5
2143.1
2377.5
2696.1
3060.2
3440
3875.1
4447.9
4932.7
5418.2
5637.6
5832.4
5593.4
5300
5163.9
5339.7
5529.1
5735.4
5888.3
5641.9
5351.7
5157.7
5229.3
4921.7
4069.4
3188.2
3043.9
3184.3
3317
3155.3
3187.5
3183.9
3586.5
3971.3
4554.4
5163.2
5825.5
6519.1
7212.7
7833.7
8287.6
8495.4
8056.5
7639.8
7395.8
7767
8040.1
8169.3
8579.2
8173.3
7889.6
7330.6
7584.6
7203.5
6111.4
4667.6
4326.1
4541.9
4639.2
4524.7
4390.7
4381.8
4592.3
5204.3
5696.8
6345
7037.4
8027.7
8988.5
10004.5
10537.8
11147.8
11230.7
10791.8
10097.9
9893.5
10348.2
10796.4
11098
11485.9
11153.8
10565
9880.2
10245.6
9812.4
8400.2
6519.4
5796.5
5804.1
6030.1
5985.5
5872.1
5785.9
5972.7
6581.2
7130.2
8005.1
8953.6
9969.2
11168.5
12451.5
13517.5
14398.4
14840.4
14897.9
14251.4
13523
13289
13999.6
14418.3
14907.9
15309.7
14873.2
14088.6
13518.8
13631
13124.9
11442.1
9011
8063.2
8207.2
9144.6
12223.3
15968.1
18070.9
16793.3
13055.6
11114.4
10998.8
11879.1
12919.2
14376.5
15806.7
17255.7
18489.9
19512.1
19799.9
19680
18852.5
18132.1
18041.8
18642.9
19345.1
19942.2
20175.7
19709.9
18712.7
18144
17837.3
17021.1
14738.5
11806.7
9975.2
9456.7
9396.4
9284.3
8922.4
8532.6
8353.6
8438.1
8909
9628.8
10609.4
11657.2
12793
14041.6
15476.4
16626.6
17738.9
18256.9
18461.8
18204.6
17462.5
16955
17059.5
17075.6
17635.1
17948.5
18100.3
17701.8
17148.1
16466.9
15978.8
14978.8
12827.3
10642.6
8791.6
7948.2
7520.6
7365.2
6864.5
6673.3
6250.8
6146.9
6252
6572
6892.5
7493.1
8309.7
9017.2
9931.3
10647.9
11440
11929.6
12500
12478.9
12322.2
11882
11721.8
11556.7
11681.4
11916.4
12126.7
12152.9
11863.2
11514.6
11069.5
10554
9898.4
8543.5
7224.3
6053.9
5220.2
4613
4280.8
3887.7
3621.3
3384.1
3068.2
2914.2
2855.9
3054.1
3156.2
3350.4
3718.8
3869.9
4191
4450.1
4696.2
4891.4
5007.8
5061.6
5022.1
4886.9
4802.9
4792.3
4651.9
4887.7
4810.7
4845.9
4689.1
4616.3
4444.8
4210.5
3932.2
3383.5
3005.3
2497.9
2036
1717.9
1448.9
1273
1133.7
998.2
758.5
721.5
536.3
427.6
420.6
315.2
318.2
263.2
358.4
344.6
266.1
262.4
233.7
220.1
238
266.7
258.1
319.6
213.6
248.8
257.8
349.7
254.1
249
259.9
324.5
372.7
287.9
485.6
356.2
297.6
287.8
354.7
314.6
450.3
337.4
399.8
303.4
389.8
492
463.7
568.5
603
671.3
692.9
612
579.8
533.4
590.9
636.2
812.1
641.9
675.3
726.4
767.3
848.6
867.7
914.5
933.6
1036.7
1073
1345.6
1353.3
1429.7
1555.8
1834.4
1977.2
2115.6
2319.3
2530.9
2688.1
3265.6
4781.3
5398.8
4717.5
2836.3
1296.6
1137.3
1272.9
1178.4
1255
1369
1502.7
1664.8
1892.6
2004.9
2263.4
2669.1
2900.5
3401
3766.9
4300.3
4790.9
5444.7
6076.4
6775.3
7585.7
8381.8
9349.6
10417.6
11562
12594.2
13585.9
15022.9
17753.5
22261
26749
27596.8
22969.6
14534.1
8066.2
4646.2
3583
3171.4
2892.7
2679
2529.9
2509.4
2336
2471.8
2312.7
2460.9
2298.4
2438.6
2472.1
2614.5
2706.5
2910.7
3102.7
3393.5
3655.6
3949.7
4274
4626.2
5031.7
5456.2
5824.1
6238.2
6649.1
6856.9
7255.2
7282.7
7590.9
7763.3
7892.6
7935.7
8034.6
8152.9
8273.3
8186.8
8175.6
8115.8
8143.3
8074.8
7888.9
7726.4
7463
7197.6
6984.3
6706.7
6457.5
6180.4
5851.6
5604.4
5360.4
5175.5
4993.3
5025.6
4858.1
4915.7
5203.2
5270
5544.5
5842.3
6386.1
6703.8
7264.7
7828.3
8505.6
9130.3
9806.9
10760.9
11507.9
12338.1
13080.3
13709.3
14134.8
14503.7
14695.9
15009.2
15026.2
15069.2
15038.8
15018.1
15136.6
15076.9
14927.7
14864.9
14859.8
14817.8
14558.2
14257.4
13733.2
13641.7
13392.6
12906.6
12479.2
12156
11648.9
11446.4
11053.6
10843.8
10802.7
10922.3
10933.2
10990.1
10991
11060.5
11182.8
11062.5
11053.3
10928.5
10972.9
11037
11236.4
11329.1
11702
12311.6
12793.7
13617.2
14432.5
15392.4
16349.4
17133.3
18031.1
18758.9
19379.2
20112.6
20630.3
21223.3
21789.7
22430.7
22914.6
23319.9
23708.8
24191.5
24420.1
25042.4
25494.8
26068.2
26257.8
26445.2
26385.9
26295.7
25852.8
24871.2
23681.1
22185.5
20719.3
19209.1
17901.2
16419.5
15005.7
13504.4
12355.1
11161.6
10167.7
9350.9
9006.6
9017.6
9099.7
9287.3
9599.8
9962.4
10634.5
11458.1
12031.6
12909.5
13925.8
14990.5
15990.5
17099
18365.3
19449.2
20469
21702
22800.2
23863.1
24908.9
26350.4
27490
28552.3
29842.4
30740.1
31075.6
31167.5
31213.4
30694.9
29923.2
28912.4
27751.3
26495.7
25263.4
24004.4
22688.4
21253.5
19513.4
17760.3
16202.2
14763.7
13338.9
12265
11244.9
10374.2
9663.8
9115.1
8634.1
8265.1
7776.1
7500.5
7352.7
7290.6
7346.2
7519.1
7597.8
7803.1
8075.5
8567.7
9133.2
9521.7
10088.3
10728.9
11509.4
12147.4
12788.2
13418.3
13912.6
14493.4
14852.5
15334.3
15556.8
15869.8
16235
16359.7
16588.5
16801
16930.8
16937.5
17092.4
16951.1
16790.9
16420.2
16276.2
16021.9
15524.1
15101.7
14632.9
14278.9
14037.2
13913.6
13915.8
13945.5
13975
13844.9
13799.3
13543.9
13826.3
12936.4
12218.9
11492
10927.4
10346.5
9584.4
9046.8
8563.5
8053.6
7489.1
6826.9
6192.8
5697.4
5218.1
4730.9
4131.3
3459.7
3096.4
2775.9
2602.4
2314.5
2267.2
2153.3
2186.2
2140.9
2159.2
2221.2
2324
2374.6
2525.6
2517.2
2675.9
2831.8
2835.2
3024.5
3186.8
3323.5
3471.1
3768.6
3922.1
3983
3980.3
4019.1
4128.9
4133.7
4157.5
4083.3
4082.3
3832.4
3667.7
3546.6
3443.8
3225.8
3298.1
2927
2761.8
2539.6
2371.4
2147.7
2014
1845.2
1626.6
1508.5
1364.7
1331.6
1267.7
1279.6
1194.2
1174.4
1236.8
1347.5
1362.6
1391.5
1467
1592.7
1699.7
1786.2
1913.2
2137.1
2359.8
2392.9
2580.8
2809
3090.5
3477.3
3627.3
3905.2
4034.8
4203.9
4479.2
4400.1
4409.6
4478.3
4483.4
4466.1
4406.7
4354.9
4217.2
4069.2
3937.9
3805.4
3602
3438.5
3167.7
2841.6
2669
2547.9
2294.9
1946.5
1816.7
1540.8
1472.8
1300.3
1170.1
1186.7
1142.5
1126.5
1068
1122.9
1045.9
1018.1
971.6
1015.4
1075.6
1015.6
1079.3
1175.4
1148.1
1312
1240.9
1365.3
1454.8
1531.7
1636.9
1804.8
2036.1
2093.7
2310.2
2481.6
2560.3
2850.6
2844.4
2751.5
2775.9
2773.5
2852.7
2840.8
3170.3
2716.8
2688.1
2629.3
2533.3
2451
2389.2
2328.4
2038.4
1769.2
1642.4
1602.6
1397.8
1257.3
1087
940.2
829
678
649.9
658.1
644.4
631.1
622
674.5
660.7
443.2
592.7
563.9
491.7
594.7
486.4
422.2
450.8
438.8
429.4
391.7
421.8
336.6
295.9
255.2
335.5
311.9
230.2
315.4
172.9
223.9
170.8
197.2
89.4
214.8
42.9
135.4
132.9
161.5
134.1
207.6
182.8
226.1
187.2
237.6
271
250.8
375.7
433.2
389
424.1
436.4
396.9
370.8
463.7
401.9
471.8
406.9
371.4
385.1
336.8
326.3
313.5
338.9
346.6
301
408.6
231.3
234.6
429.7
143.6
166.4
158.6
80.6
98.5
74.9
18.3
38.6
0
58.6
77.7
72.1
278.9
100.7
24.4
39.9
46.3
138.1
45.9
47.3
64.4
62.5
130.7
109
82.9
142
187.1
196.9
187.1
212.9
279.7
262.5
278.9
281.1
352.3
379.4
373.1
352.2
400.8
395.5
421.8
295
406.5
359.2
270.4
233.4
297
256.1
216.3
295.4
248.5
166.6
188.6
175.2
139
208.4
325.4
505.1
549
639.7
665
672.6
635
612.6
610.6
729.6
724.6
594.3
558.8
632.3
496.1
620.4
482.2
476.7
468.4
391.9
391
332.8
314
309.5
296.6
352.9
357.3
331.6
547.5
350.6
294
295.4
289
383.5
416.8
325.7
341.8
385.4
404.7
515.2
433.4
397.5
435.5
419.8
354.9
423.5
333.8
392.3
302.4
298.6
309.8
359.1
273.8
303.3
NaN