NaN
5260.4
3418.4
1842.3
1426.9
1595.7
1844
2312.5
2791.6
3430.4
4339.4
5482.7
6927.9
8702.2
10674.9
13165.2
16005
18972.7
20475.8
18658.5
13014.9
7447.3
3274.8
2058.8
2112.9
2469.5
2859.7
3387.1
4133.9
5151.2
6303.5
8012.8
10108.5
12366.7
15218.1
18610
23047.4
28017.7
32185
33105.8
27717.8
18089.7
9106.2
2778.7
1414.3
1264.1
1198.6
1100.5
1040.9
1068
1103.2
980.5
1007.6
1086.3
1321.9
1358.2
1580.3
1772.5
2133.3
2426
2711.6
2610.6
2360.7
1762.1
1376.2
1060.9
1155.6
1226.3
1448.7
1802.8
2294.8
2914.4
3558.5
4334.4
5273.8
6092.3
6582.4
6249.4
4871.8
3316
2043.5
1435.5
1446.9
1620.3
1880.1
1945.1
2264
2596.8
3058.7
4095.9
5278
6665.2
8075.5
9864.1
12087.3
14068.6
15183.2
14608
11513.8
7541.8
4173.1
2141.4
1866.1
2045.5
2326.1
2665.4
2984.4
3504.4
4165.5
5038.1
6063.8
7372.7
8969.8
10948.1
13228.6
15729.7
18776.9
23400.1
27402.3
29507.7
28241.6
22619.8
14976.5
7895.8
3018.9
1994.2
1937.9
1970.1
2197.3
2321.3
2718.7
3092.9
3637.6
4299.8
5127.9
6265.7
7430.9
8986.7
10726.6
12773.7
15130.4
17937.6
21610.9
25997.5
29148.8
29591.4
26310.9
19741.7
12243.7
6007.6
2695.3
2401.6
2475.2
2716
2981.1
3351.5
3813
4497.1
5223.7
5491.8
5329.5
4634.6
3535.9
2464.4
1728.8
1495.7
1569.6
1649.1
1811
1979.7
2333.7
2872.3
3362
3980.5
4723.8
5416.3
6214.5
7436.9
8356
8871.6
8555.8
7109.8
5073.6
3127.3
1682.5
1359.5
1303
1324.2
1340.2
1479.1
1560.7
1700.5
1829.6
2028.7
2394.5
2899.2
3683.9
4598.1
5512.2
6493.9
7469.3
8809.5
10655.9
12207.2
12958
12390.3
10524.1
7528.7
4492.1
2201.5
1498.3
1438.1
1506.1
1519.1
1562.3
1715.4
1733.4
1909.4
2180
2272.6
2513.6
2853.8
3301
3793.7
4393
5176.9
5935.9
6890.4
7960.3
9219.9
11073.6
12919.2
14153.6
14043.2
12690.2
9945.6
6444.6
3339.3
1414.3
975.3
890.2
890.4
870.6
879
976
975.3
1169
1226.9
1369
1440.2
1563.6
1777.6
2042.6
2242.3
2620.3
2941.8
3378.4
3853.2
4410
5092.3
5926.1
6939.9
8248.1
9466.7
9902.1
9838.6
8916.2
7464.3
5754
4227.7
3354.9
2824.2
2215.3
1657.2
1119.6
894.7
956.7
842
904.9
880.7
873.2
899.7
961.1
1098.9
1278.2
1414
1614.8
1844.1
2089.3
2346.6
2657.4
3057.7
3615.2
4056.4
4101.2
3989.7
3615.4
2630
1768.7
908
572.8
483.6
485.8
445
486.8
542.7
575.5
563.5
635.3
676.1
686.3
941.6
794.3
880.6
1061.6
1267.2
1614.7
1714.1
2077.6
2400
2654.6
3114.6
3667
4395.5
4969.2
5198.4
4977.4
4594.5
3537.1
2403.7
1505.2
1013.8
976
985.3
952
920.1
822
787.5
794.9
674.5
713
705.3
755.9
806.4
854.6
917.5
1035
1113.6
1196.7
1366.3
1659.7
1670.5
1913.5
2184.1
2497.3
2867.9
3220
3718.7
4460.1
4858.5
5042
4853.9
4402.3
3622.6
2572.2
1576.2
839.3
614.8
618.2
556.8
544
602.5
662.7
614
641
678.6
715
747.6
769.3
830
889
967.5
1005.1
1081.6
1217.8
1352.2
1569.3
1729.5
1981.5
2296.4
2629
2774.3
2868.8
2890.1
2926.3
2829.2
2734.5
2804.1
2869.8
2872.4
2765.1
2507.6
2163
1703
1148.9
815.4
708.1
625.1
643.5
656.3
688.7
803.5
854.7
924.6
1032.8
1115.3
1277
1422.2
1514.6
1753.4
1976.8
2246.7
2355
2376
2217.4
2078.9
1705.1
1194.8
819.9
533.2
456.5
432.8
484.4
481.4
457.2
442.5
487.1
461.2
570
488.8
519.3
567.2
566.4
575.5
626.2
618.6
577.3
628.1
718.3
718
846.2
964.7
1103.5
1230.5
1488.4
1573.3
1781
1946.5
2218.3
2611.2
2807.1
2883.3
2808.3
2750
2560.2
2186
1764
1487.2
1437
1331.1
1232.9
1147.1
1058.1
861.6
692.9
589.1
484.5
469.8
494.5
652.3
753.2
816.8
857.2
941.8
1016.3
993.7
950.9
799.1
717.2
737.4
779
841.9
949.7
1012.7
1065.4
1152.5
1225.6
1352.2
1436.3
1492.5
1683.2
1800
1927.8
2086.5
2135.1
2057.8
1935.5
1757.3
1590.1
1290.8
896.9
700.5
583.1
548.5
512.7
546.1
508.1
503.2
543.9
531.8
568.6
581.7
652.6
621.7
716.7
797.5
858.1
908.6
941.2
911
878.9
808.3
726
690.6
491.9
431.8
422.8
432.6
462.2
470.3
477.2
624.9
593.4
581.8
653.2
652.3
681.2
713.3
811.4
825.3
915.7
1030.9
1000.7
1001.7
1033
1000.7
960
920
855
833.3
792
815.7
905.4
936.1
1014.5
1089.6
1154.5
1190.1
1134
1134.1
1061.7
974.9
875
820.9
663.4
586
558.9
543
594.9
519.8
466.7
491.1
500.8
456.9
439.1
532.7
461.8
440
483.4
451.2
498.4
565.4
584.2
718.3
632.7
701.2
688.3
736.2
780
825.4
880.1
853.3
926.3
990.2
1054
1116.4
1138.6
1167.7
1378.5
1354.1
1437.3
1509.6
1671.2
1761.2
1820.4
1856.9
1863.1
1874.4
1881
1821.9
1754.6
1697.7
1526.7
1446.7
1332.7
1290.1
1195.5
1003.1
910.4
828.3
789.1
748.1
720
673.3
583.7
547.7
614
577.1
568.1
498
490.3
501
495.4
529.5
619.4
644.1
539
470.2
496.4
465
486.7
483.4
488.2
472.9
446.9
471
482
458.7
465.9
483.4
480.8
462.6
462.8
571.9
531.4
496.4
514.8
646.5
595.1
600.8
713.9
703.2
624.3
619.4
609
550.4
540.3
666.4
636.1
664.8
841.1
915.4
1007.5
1114.1
1276
1317.7
1438.2
1541
1628.3
1675.3
1719.3
1792.6
1867
1905.1
1930.3
1967.1
1965
1941.7
1975.1
1963.4
2026.3
2072.1
1973.3
1953.7
1996.9
2066.8
2115.6
2122.2
2144.7
2145.4
2159.6
2082.1
2067.5
2003.3
2024.5
1932
1894.5
1892.1
1946.9
1944.4
2092.8
2019.2
2057.4
2022.4
2092.3
2052.8
2032.6
2044.5
2016.3
2009.9
2076.9
1997
1964.2
1931.8
1995.1
1947.9
1996.2
1881.1
1883.4
1891.8
1875.7
1805.3
1731.9
1658.5
1586.4
1483.4
1450.7
1385.6
1404.8
1464.2
1480.3
1558.7
1525
1611.5
1605.3
1677.3
1670.7
1613.9
1592
1566
1502.7
1435.8
1355.8
1324.9
1291.9
1239
1175.1
1169.9
1189.8
1159.4
1160.4
1249.7
1278.1
1266.5
1232.6
1272.4
1204.8
1183.5
1210.2
1196.2
1178.9
1122.1
1155.4
1083
1100.6
1096.8
1115.5
1112.6
1217
1152.6
1277.8
1288.7
1320.7
1267.5
1254.9
1197.7
1197.9
1082.9
962.9
877.3
926
668.4
678
694.7
603.6
645.1
668.7
619.2
639.5
650.4
722.2
643.3
750.8
702.1
714.5
748.5
780
847.4
852.8
852.2
896
904
1002.5
982.3
1022.9
1055.5
1116.6
1131.7
1156
1150.8
1185.2
1243.5
1239.2
1280.8
1358.6
1477.5
1612.4
1703.5
1869.7
1972.7
2241.9
2480.6
2794.6
3190.8
3703.5
4274.3
4697.9
5156.4
5387.3
5635
5742.5
5724.8
5905.9
6010.3
6097.8
6251.2
6298.9
6112.3
5808.6
5452.5
5254.2
5129.5
5067.8
5366.5
5810.9
6349.9
6966.7
7621.3
7982.9
8142.9
8312.6
8422.5
8497.5
8714.5
8618.9
8787
8893.8
8586.3
8176.4
7647.1
6978.8
6651.6
6213.1
6216.3
6427.5
6953.9
7528.8
8130.1
8739.2
9036
9343.2
9293
9288.5
9470
9571.8
9806.3
9753
9893.5
9782.1
9298.6
8438.6
7675.7
7080.9
6623.8
6400
6616.9
7007.1
7673.2
8283.5
8992.4
9518.5
9737.2
9867.1
9801.4
9837.5
9866.6
10100
10230.4
10319.6
10415.9
10038.8
9332.4
8280.9
7491
6699.9
6227.8
6090.5
6238.2
6602.5
7090.8
7635.6
8273.9
8801.7
9127.5
9184.5
8954.1
8902.3
8745.5
9026.4
9265.3
9244.2
9427.3
9187.8
8735
7705.8
6856.8
6086.7
5646.9
5342.1
5502.1
5828.5
6302.5
6760.4
7328.4
8032.3
8524.3
8742
8734
8453.8
8332.6
8256.3
8596.4
8851.3
8911.9
9024.1
9038.2
8553.3
7784.4
6647.5
5959.1
5440.9
5109.2
5261.8
5505.8
5756.1
6084.9
6562.8
7186.1
7697.8
7933.7
8046.3
7779.8
7407.7
7254.8
7197.5
7618.2
7699.7
7610.9
7626.6
7327.3
6909.5
6093
4848.5
4168.5
3623.5
3357.9
3266.7
3172.1
3277.2
3294
3439.1
3654.3
3912.2
4268.2
4121
4107.5
3869.9
3783.3
3765.3
4033.8
4207.2
4285.6
4237.4
4263.8
3933.4
3527.4
2841.3
2455.4
2165.4
2105
2164.9
2205.5
2287.4
2373.5
2513.2
2582.9
2864.5
2997.9
3034.7
2862.1
2808.6
2666.3
2639.5
2632.1
2702
2800.8
2640.4
2646.8
2590.7
2477.2
2095.4
1814.1
1637.7
1551.1
1612.4
1658.2
1636.3
1723.7
1905.6
2100.1
2305.4
2559.8
2868.1
3243.8
3401.6
3568.1
3562.9
3495.9
3338.7
3378.8
3475.7
3535.4
3625.6
3570.4
3437.3
3308.1
3291.9
3178.1
2893.4
2440.9
2177
2213.8
2279.7
2319.2
2345
2416.8
2634.2
2976.2
3340.1
3773.5
4263.6
4750.7
5278.2
5682.9
5994.2
6096.1
5772.1
5512.9
5458.5
5663.8
5804.3
5994.2
6033.7
5853.4
5517.8
5487
5430.8
4957.3
4056.6
3411
3273.3
3399.1
3436
3352.4
3434.7
3473.5
3909.7
4248.3
4810.4
5447.3
6163.4
6953.7
7701.4
8157.5
8615.1
8684.5
8358.2
7911.3
7712.4
8124.3
8332.4
8686.4
8809.2
8378.5
7951.6
7615.7
7921.6
7349.3
6114.1
4804.6
4635.9
4825
4890.7
4738.3
4624.9
4651.7
4961.4
5477.9
5990.5
6786.4
7526.7
8437.3
9409.5
10336.6
10969.1
11555.9
11454.6
10933.7
10281.3
10184.7
10809.4
11121.4
11488.8
11888.1
11402.5
10691.4
10184.5
10549.8
9981.9
8386.8
6331.8
5960.6
6176.2
6352.6
6126.7
6020.1
6078.4
6256.2
6907.6
7515.6
8447.8
9380.5
10510.9
11834.5
12990.5
13992.1
14904.9
15450.8
15258.2
14484.3
13595.3
13741.9
14541.4
14797.3
15422
15697.6
15256.1
14435.9
13599.4
14082.7
13446.7
11345
8659
8094.7
8359.1
9520.5
13419.6
18004.4
19581.2
17490.3
12584.1
10877.6
11304.1
12310.3
13481.5
15089.2
16613.3
18194.2
19190.4
20249.7
20632
20177.8
19091
18154.2
18529.5
19347.4
19744.7
20680.5
20828.5
20338.7
19122.3
18330.1
18481.3
17350.8
14611.2
11286
9852.1
9622.7
9634.8
9493.3
9129.4
8814.8
8461.8
8688.4
9299.7
10019.2
11062.1
12170.4
13453.9
14863
16160.7
17188.6
18392
18944.8
19201.4
18520.7
17505.5
17077.3
17225.9
17635.3
18296.2
18606.2
18738.9
18156.2
17231.7
16551.2
16401.3
15306
12948.3
10214.3
8568.3
7878.5
7664.7
7435.9
7098.4
6833.5
6385.2
6370.3
6464.5
6825.1
7319.2
7963.8
8651.1
9575.5
10453.2
11218.4
11985.1
12527.9
12968.3
12963.9
12687.7
12138.4
11850.7
11763.2
12043
12357.4
12547.1
12575.8
12244.5
11779.3
11381.4
10938.5
10083.1
8595.9
7165.8
5848.9
5122.2
4735.3
4385.2
4025.9
3771.9
3445.8
3269.2
3127.1
3092.6
3203.9
3354
3659.5
3890.9
4172
4600.9
4726.6
5085.4
5276.6
5386.2
5400.3
5280.5
5193.6
4996.9
4958.1
4976.5
5097.7
5050.8
5167
5015.1
4907.2
4633.8
4480.1
4088.9
3639.1
3088.6
2470.6
2165.6
1876.7
1601.2
1396.5
1258.4
1115.7
976.1
855.8
674.8
677.4
579.1
542.4
548.3
509.5
508.6
501.6
532.2
525.6
502.5
476.1
482.7
459.1
456.5
453.1
465.8
523.7
435.1
458.3
465.6
564
473.5
495.1
524.7
559.8
607.1
544
676.8
572.1
516.1
551.2
614.1
537.3
670.3
635
641.8
632.6
686.5
868.4
897.2
921.5
836.3
790.7
839
852.3
897.3
829.1
916.4
917.3
1043
999.4
1017.1
1065.2
1117.6
1228
1260.3
1321.9
1377.1
1532.1
1632.9
1905.6
1980
2096.4
2302.5
2606.7
2808.9
2980.8
3203.8
4118.9
5848.7
5996
4920.3
2544.8
1437.4
1411
1380.6
1417.3
1651.7
1624.1
1770.5
1939.4
2183.6
2394.5
2676.7
2974.1
3344.9
3836.3
4244.9
4796.1
5404.9
6063.8
6819.1
7611.6
8489.4
9438.1
10558.4
11600.3
12737.2
14019.3
15209.3
16592.9
19601.2
25782.3
31004.5
30370.4
22711.3
12384.3
6426
4255.4
3658.6
3282
3067
2909.1
2742.8
2549.3
2500.6
2542.4
2458
2637.1
2589.3
2754.1
2695.8
2845.1
2976.9
3209.8
3383.8
3687.6
3953.2
4299.6
4621.8
4981.7
5368.7
5795
6229.2
6628.7
7067.2
7330.1
7598.5
7775.8
8043.5
8099.1
8273.5
8255.9
8329.1
8526.2
8511.8
8513
8500.7
8478.7
8467.4
8431.8
8128.6
7956.5
7701.9
7517.2
7177.7
6831.4
6597.4
6244.9
6079.6
5739.6
5437.4
5267.2
5121.3
5032
5031.4
5181.5
5267.7
5525.3
5897.1
6175.3
6595.2
7048.5
7637.9
8205.3
8885.9
9631
10423
11156.5
11986.6
12984.2
13782.2
14379.2
14758.9
14979.4
15182.9
15406.4
15463.2
15486.4
15334.5
15355.5
15477.4
15415.8
15330.5
15220
15192.8
15144.7
14916.6
14497.1
14094.7
13796.4
13488
13149.8
12681.3
12173.4
11812.7
11579
11224.9
11012.7
10932.4
11125.3
11215.3
11373.7
11386.8
11397.9
11410.4
11264.6
11177.6
11051.8
11124
11251.3
11446.4
11549.4
12033.3
12506.7
13228.3
14202.6
15086.5
16031.7
16931.5
17806
18641
19276.2
20066.8
20788.7
21398.9
21960.6
22326.1
22949.2
23527.9
24204
24382.4
24699.1
25091.2
25733.4
26157
26609.7
26918.3
27270.5
27338
27008.6
26330.3
25419.7
24019.7
22306.7
20781.8
19099.1
17585.3
16000.2
14583.8
13062.1
11783.5
10639.7
9831.6
9239
9071.8
8995.2
9207.3
9530.9
9921.5
10388.5
10987.7
11714.3
12556.8
13621.1
14404.3
15582.8
16813.1
17953.6
19124.6
20368
21507.1
22592.6
23611.1
24899.1
25997.7
27251.5
28588.1
29884.8
30934.9
31620.9
32251.7
32302.4
31971.4
31387.4
30756.7
29392.6
28074
26775.2
25500.8
23999.3
22487.4
20769.9
19022.3
17371.8
15688.7
14193.2
12919.5
11944.8
10979.6
10217.5
9539
9049.6
8517.5
8054.9
7799.7
7585.9
7447.7
7417.6
7402.6
7643.1
7760.8
8166.1
8415.2
8827.9
9311
9898.8
10618.8
11197.9
11888.3
12580.7
13319.2
14013.2
14524.4
15013.8
15447.2
15889.3
16098.7
16528.4
16640.4
16977.3
17168.7
17213
17270.2
17337.1
17265.1
17097.1
17066.1
16788.4
16471.1
16067.3
15631.3
15198.3
14738.7
14514.3
14245.5
14008.8
14012.8
14149.9
14073.9
14047.8
13870.3
13620.4
13409.9
12748
12275.3
11330.2
10660.5
10125.3
9497.8
8937.9
8266
7742.6
7162.7
6561.8
6002.6
5430
4900.2
4363.1
3735.9
3321.4
2993.9
2655.4
2492.4
2354.3
2302.5
2242.1
2284.9
2239.9
2365.5
2337.6
2423.8
2502.2
2619.3
2754.8
2872
2929
3063.8
3269.1
3339.4
3550.5
3804.1
3965.4
4086.8
4216.7
4297.6
4319.4
4352.1
4368.7
4334.6
4204
4120.4
3959.1
3889.7
3682.1
3474.9
3349.4
3175
2997.9
2962.2
2540.7
2333.6
2175.9
2075.4
1841.8
1645.3
1489.6
1447.8
1377.8
1337.4
1339.9
1384.6
1389.7
1391.9
1414.1
1456.7
1606.7
1690.2
1795.9
1851.9
2008.8
2169.2
2297.9
2500.7
2712.7
2958.3
3107.6
3416.8
3645.4
3934.2
4239.5
4384.6
4559.9
4634
4652.7
4794.6
4707.7
4658.8
4651
4594.7
4510.6
4350.2
4203.6
3982.5
3841.6
3705.9
3432.5
3102.8
2851.3
2691.1
2464.1
2250.4
2027.9
1759
1545.3
1513.5
1314.1
1268.7
1221.1
1168.7
1152.6
1148.4
1144.2
1079.4
1147.5
1136.1
1090.4
1152.7
1147.2
1209.8
1219
1325.8
1370.3
1349.9
1540.4
1559.1
1699.9
1801.4
1943.5
2073.4
2334.8
2603.4
2767.5
2880.3
2920.5
2933
3116.9
3040.1
2924.6
2927.2
2950.7
2961.6
2961.7
3123.6
2684.3
2616.7
2540.6
2429.4
2205.4
1958.2
1822.6
1698.1
1508
1402.3
1243.1
993.5
889.9
787.9
781.4
676.2
619.2
613.7
686
659.8
632.3
624.9
638.5
662.2
480
601.3
586.9
530.4
588
501.1
445.6
470.1
446.2
468.7
390.6
372.8
311.7
279.3
285.3
300.9
271.4
201.8
258
150.7
175.9
182.7
189.5
113.6
216.5
107.8
165.7
200.2
211.6
172.3
261.5
226.5
282.5
240.8
291.6
355.7
375.3
436
501.1
460.7
473.7
475.7
448.3
398.9
446.8
395.3
450.6
396.7
410.3
390.3
288.2
289
290.9
310.1
311.4
248.5
300.1
153.8
145.7
304.4
96.8
85.2
122.3
68.4
72.8
56.4
50.5
0
24.9
55.7
69.6
76.1
228.3
104.5
31.4
58.1
70.4
112.2
94
75.4
83.8
97.5
147.4
140.5
131.1
183.6
208.8
205.3
211.1
238.8
299.3
307.2
331.4
340.4
371
382.1
320.5
326.2
357.1
337.6
327.7
253
289.6
293.5
210.2
219.9
204
181
132.7
183.6
163.1
148
171.4
216.3
283.4
402.5
551.8
676.7
653.1
611.2
572.4
593.1
572.5
582.9
609
662.8
628.8
506.5
438.3
457.4
356.2
441.2
343.1
325.1
305.2
260.4
316.4
260.5
248.9
277.9
262.8
274.2
291.9
281.2
445.1
299.1
280.7
285.9
252.5
307.5
351.5
289.2
344.1
332.5
382.7
416.3
379.8
360.3
398.3
350.1
284.9
306.5
257.5
276.9
211.2
155.8
169.5
188.4
96.7