6639
5245.8
3261.8
1816.4
1224.9
1336.3
1642.4
2000.7
2422.1
3126.3
3963.7
4964.8
6431.3
7841.1
9776.5
12126.1
14762.8
17313.5
19192
18103.9
13004.7
7459.1
2981.5
1746.7
1936.4
2125
2446.5
2908.3
3653.6
4469
5543
7167.3
8768.4
10875.9
13478.2
16439.6
20154.9
24454.2
28404.5
30757.8
26917.1
17896.3
9100.6
2599.1
1277
1106.8
982.1
874.3
881.8
1001.9
837.4
775.9
813.1
1047.5
996.2
1198.9
1385.9
1595.2
1905
2326.4
2434.1
2691.9
2309.1
1800.2
1263
973.2
889.5
1025.6
1227.6
1545.9
2002.6
2626.8
3312.3
4034.9
4891.4
5780.1
6437.9
6448.8
5078.8
3472.2
1978.9
1201.3
1259.9
1540.9
1564.3
1864.9
2031.5
2184.3
2767.7
3541.4
4640.4
6065.8
7646.8
8884.4
10816.8
13009.9
14639.2
15042.8
12035
7964.2
4222.9
1874.5
1669.3
1798.3
2053.1
2235
2635.6
3070
3765.2
4417.4
5512.6
6540.7
8036.3
9838.1
11852.8
14197
16975.6
20465.1
25028.2
27800
28073.7
23334.8
15299.5
8088.7
2887.3
1680.2
1577.2
1724.3
1758.9
2065.7
2216.8
2647.8
3137.8
3725.3
4548.9
5327.1
6582.3
7833.3
9406.9
11274.5
13501.6
15900.4
18643
22760.6
26633.7
27910.8
26294.5
19670.5
12278.1
5848.6
2518.5
2142.9
2262.7
2435.1
2738.5
3135.7
3592.7
4337.7
5032
5528.2
5610
4877.6
3640.5
2488.1
1519.5
1303.2
1308.1
1387
1507.1
1727.4
2111.1
2452.7
2997.6
3750.6
4475.7
5149.6
6021.6
7046.8
8386.2
9153.4
9018.1
7671.9
5429.3
3250
1624.9
1132.1
1096.7
1100.9
1199.4
1241.9
1424.7
1456.9
1624.7
1807.2
2092.4
2686.3
3383
4182.6
5216.2
6156.5
7139.4
8288
10022.1
11812.9
12879.5
12934.7
11042.8
7775.8
4596.5
2097.6
1326.5
1288.6
1250
1352.3
1437.6
1428.1
1532.1
1804.2
1812.8
1989
2255.5
2581.1
2951.6
3410
4017.2
4682.7
5453.1
6431.2
7346.5
8643.7
10020.4
12077.6
13664.1
14027.1
12959
10035
6595.4
3311.5
1269.8
836
686.7
679.3
648.7
718.3
691.8
911.9
980.1
1022.3
1070.5
1230.2
1340.2
1560
1665
1981.9
2255.2
2590.5
3055.8
3403.7
3972.1
4673.5
5349.2
6242.2
7385.8
8758.5
9643.9
9591.2
8873.1
7340.6
5727.4
4369.3
3425.6
2956.5
2388.5
1561.7
950.6
865.7
607.2
676.5
606.1
584.7
568
648.1
747.1
842.3
989.5
1161.7
1359.1
1609.8
1939.6
2207.9
2493.8
2900.6
3452.8
3988.3
4241.4
4287.7
3645.1
2782.4
1657.5
851.5
402.6
308.9
255.1
288
316
339.9
353.8
436.2
457
506.5
766.9
517.8
559.6
711
866.1
1189.9
1213
1525.5
1876.6
2097.4
2469.6
2796
3278.4
4074.2
4851.2
5066.6
5204.5
4486.6
3465.6
2331
1247.9
726.7
672.5
651.4
666.9
582.1
600.7
589.5
455.2
465.8
453.9
475.8
531.1
551.6
543.4
661
761.4
806.4
902.3
1232.8
1217.2
1361.9
1624.9
1851.5
2123.5
2526.7
2754
3252.8
3847.3
4537
4795.7
4794.1
4291
3533.8
2447.3
1380.5
673.2
440.1
363
352.4
364.9
428.6
376.6
407.8
464.9
508.7
493.4
512.4
605.9
619.7
693.6
686.8
776.3
819
983.4
1217.9
1277.2
1488.5
1720.8
2077
2395.9
2655.4
2754.6
2862.4
2754.6
2566.5
2415.9
2368.7
2546.4
2649.5
2544.2
2330.7
1993.4
1467.1
953
676.6
397.4
354.6
340.4
360.7
489.3
506.8
557.4
685.2
762
924.3
1105.8
1189.5
1282.5
1444.5
1706.5
2048
2312.7
2316.5
2271.1
1990.9
1611.9
1101.8
604.9
268.4
215.2
236.9
208.1
196
185.7
247.3
201.6
347.9
212.4
242.3
295.6
318.7
326.8
397.7
349
297
319.7
452.4
386.6
468.7
537.8
664.1
788.2
1082.8
1104.3
1301.4
1396.4
1542.2
1832.4
2141
2536.1
2630.3
2565.9
2481.9
2214.9
1805.5
1327.1
1072.6
852.6
823.6
767
738.4
597.2
486.9
382.9
268.4
247.8
189.6
260.6
271.7
397.8
550.6
578.5
653.5
684.3
801.2
601.6
512.6
427.6
425.9
560.1
583.5
663.4
703.4
790.8
816.7
993.3
1054.8
1094.7
1276.5
1363.8
1437.7
1584.4
1822.4
1920
1909.7
1788.9
1684.9
1421.1
1034.1
743.2
534.5
341.1
296.7
322.7
298.1
302.7
335.3
265.7
303.2
333
384
384.6
435.6
507.5
576
626.7
721.3
770.3
731.3
704.2
621.2
636.9
387.2
276.2
227.1
205.4
171.8
179.6
207.8
369.8
266.3
284.5
383.3
365.6
408
428.9
563.6
569.3
593.8
713.1
690.2
773.7
846.9
795.2
753.8
699.8
701.8
658.8
560.4
550.1
602.6
605.8
694.7
739.7
819.3
946.3
970.3
924.2
892
874.9
770.1
724.3
507.7
389.7
353.6
310.2
378.1
267.9
243.6
276.6
247
260.9
234.4
332.6
220.8
204.9
252.3
188.4
260.6
280.1
357.7
521.4
378.1
423.3
424.2
495
534.5
551.9
655
598.3
644.2
711.3
731.7
828.1
832.8
866.6
1124.3
1061.5
1131.5
1162.4
1308.5
1368.2
1456.5
1562.2
1644.4
1637.6
1639.6
1563.5
1463.8
1504.1
1291.8
1213.2
1157.9
1089.9
1007.6
895.5
775.3
797.3
703.2
653.3
637.9
571.1
488.4
444.9
493.1
419.3
398.4
312.1
292.4
298.1
315.6
388.7
439.1
527
360.2
295.3
268.8
219.6
213
282.7
246.3
185.4
203.4
267.1
260.7
245.2
248.6
284.9
286.9
259.6
244.1
404.5
293.9
254.1
253.4
371
342.7
382.4
533.6
533.2
452.5
438.7
420.1
374.8
323.3
403.6
366.3
416.4
510.7
547.2
660.1
763.6
931.4
959.8
1094.7
1284.8
1353.9
1434.5
1480
1552.2
1654
1711.3
1685.3
1714.5
1825.1
1842.1
1803.2
1780.9
1856.7
1971.9
1867.5
1837.7
1837.5
1856.5
1960.6
1923.7
2001.1
2021.2
2086.5
2058.6
2021.4
1962.9
1907.3
1854.3
1823.7
1772.1
1837.8
1821.2
1942.5
1855.6
1936.6
1869.5
1894.4
1966
1960
2013.4
1974.1
1868.6
1997
1911.4
1883.6
1814.3
1903.2
1847
1891.5
1828.3
1822.4
1804.8
1783.9
1778.9
1716.4
1684.8
1607.2
1431.8
1379.6
1298
1308.3
1315.6
1273.7
1422.4
1384.2
1378.1
1456.4
1544.7
1587
1559
1501
1481.9
1430.2
1425.3
1336
1263.1
1191.8
1162.9
1054.9
987
986.6
920
953.7
994.6
1056.9
1065.3
1052.6
1085.2
1024.2
977.5
959.5
992.6
991.5
899.5
953.6
903.5
847.1
856.7
834.1
767.7
820.4
854
984.1
1001.9
965.3
958.2
899.9
929
927.2
845.1
776.5
719.5
815.5
526.4
517.8
521.4
377
403.6
403.2
364.1
415
401.8
504.3
385.3
484.6
464.5
429.9
465.7
473.4
519.1
597.8
579.2
570.5
547.1
689.8
624.3
660.5
662.3
743.2
747
785.6
804.1
885.2
920.2
931.4
965.9
1022.4
1084.4
1249
1330.5
1517.3
1577.4
1761.9
1967.6
2206.4
2525.3
2964.6
3523.4
4029.2
4648.7
5172.7
5603.3
5723.1
5841.5
5906.4
6091.4
6118.9
6251.7
6451.4
6554.6
6504.7
6109.9
5744.3
5385
5156
5137.9
5251.2
5670.8
6261.6
6932
7620.3
8153.3
8483.7
8556.7
8669.6
8825.2
8781.7
8998.3
8994.2
9146.5
9218.2
8974.1
8151
7413.9
6761.1
6402.5
6210.7
6389.6
6840.8
7500.2
8075.9
8784.6
9404.1
9612.7
9682.7
9625
9673.3
9799.5
10020.6
10073.9
10316
10388.2
10006.3
9268.9
8168.3
7393.9
6760.6
6473.3
6538
6967.3
7592.9
8237.9
8880.7
9590.2
9997.7
10223.6
10145.5
10064.7
10018
10244.6
10532.8
10582.2
10703.7
10586
10045.4
9177.5
7853.1
7017.2
6420.9
6013.2
6137.9
6546.9
6961.2
7425.5
8109.8
8781.3
9325
9493.5
9330.5
8887.2
8867.6
8928.3
9380.7
9460.4
9559.5
9590.8
9009.6
8574.4
7293.7
6436.8
5662.4
5294.9
5335.3
5773.8
6084.6
6557.2
7123.3
7659.1
8463.9
8767.9
8931.8
8619.4
8226.9
8257.2
8288.7
8779.2
8875.6
9079.3
9077
8735.7
8261.1
7029
6176.4
5251.2
4938.5
4998.6
5290.1
5397.7
5674.1
6277.9
6690.5
7271.4
7754.7
7927.7
7736.6
7230.4
6960.3
6900.9
7158.8
7553
7468.6
7400.5
7187.4
7234.8
6248.1
4915.9
4159.9
3323.4
3087.3
3045.4
3145.5
3043.4
3055.6
3184.1
3434.4
3897.4
3934.6
4121.3
4008.8
3743.1
3582.6
3604.5
3707.7
4118.9
4076
4252
4013.8
3880.5
3624.3
2951.7
2413.4
2001.3
1909.5
1956.5
2013.2
2134.2
2237.2
2263
2434.9
2663.5
2887.6
2943.1
2922.5
2735.3
2609.8
2477.1
2475.5
2665.3
2673.3
2613.5
2529.3
2532.3
2397.3
2220.4
1879.2
1583.5
1532.9
1472.9
1481.9
1513
1647.3
1723.7
1938.4
2135
2452.6
2819.7
3035.9
3358
3536.4
3709.1
3650
3461
3466
3405.8
3565.8
3551.3
3683.1
3633.4
3361.9
3289.5
3295
3097.3
2552.4
2149.8
2097.6
2229.7
2237.9
2235.5
2282.5
2502.6
2738.7
3156.2
3581.2
4064.4
4544.5
5197.8
5595.4
6057.9
6174.7
6097
5768.8
5508
5720.4
5941.4
6054.1
6251.2
6153.9
5802.5
5546.9
5628.5
5365.2
4638.3
3628.4
3260.9
3392.6
3490.1
3464.9
3400.6
3487
3678.6
4178.3
4652
5305.7
6003.3
6822.2
7565.4
8156.9
8719.8
9050.7
8843
8301.9
7827.8
8127.7
8511.4
8729.1
9005.5
8874.3
8476.7
7941.6
7975.4
7916.1
6896.5
5392.1
4590.8
4690.3
4973.6
4829.8
4629.3
4660
4763
5268.1
5798.3
6492.1
7298.7
8097.3
9167.3
10210.3
10950.8
11572.9
11840.8
11486.9
10888.1
10340.8
10801.1
11215.3
11591.5
12064.2
11830.3
11342.2
10534.2
10557.8
10634.2
9334.4
7283.7
6038.7
6148
6258.2
6324.4
6186.8
6141.7
6091.4
6645.1
7306.9
8008.4
9102.8
10080.8
11303.2
12617.5
13772.5
14771.6
15575.5
15554.6
15128.7
14214.4
13801.8
14330.9
14894.7
15339
15837.7
15738.5
15008.4
13952.5
14210.4
14092.7
12515.2
9937.6
8266.3
8281.3
8933
11129.9
15094.1
17616.4
17502.4
13983.1
11372.7
11101.5
11829.2
13002.4
14346.3
15990.2
17446.8
18731
19863.6
20505.6
20382.1
19735.9
18764.5
18513
18955.2
19690.7
20418.8
20977
20614
19742.8
18710.7
18534.4
18078.5
16048.5
12929.5
10594.1
9795.8
9698.8
9655.8
9379.1
8928.8
8668.8
8727.7
9043.7
9793.9
10622.9
11780.3
12957.2
14290.4
15519
16875.7
17925.2
18931.3
19128.4
18900.1
18251.6
17510.1
17398.8
17691.3
18000.3
18430.1
18797.5
18437.2
17750.8
17093.6
16558.3
15973.9
13994.4
11517
9373.3
8306.9
7808.9
7508.3
7457.4
6876.1
6643.7
6336.7
6424.9
6723.9
7057.3
7578.3
8275
9091.7
9960.2
10860.9
11636.5
12292.9
12684.1
13014.3
12752.8
12408.3
11991.6
11903.7
11961.3
12259.8
12422.9
12460.6
12360.8
11980.7
11551
11008.4
10411.6
9277
7857.3
6424
5570.9
4876.5
4458.2
4170.3
3817
3543.2
3274.7
3078.8
3005.3
3030.3
3245.4
3409.8
3637.6
4068.1
4199.8
4506.2
4795.4
4972.6
5142.9
5245.8
5167.1
5078.4
4996.5
4866.4
4906
4804.6
5018.1
4972.2
4947
4764.4
4685.3
4409.4
4106
3694.9
3141.3
2722.3
2232.2
1853.8
1544.5
1376.8
1195.3
1065.6
908.5
695.9
715.9
518.9
405.4
438.7
334.7
362.2
330
415.5
390.9
330.4
318.4
288
300.7
274.7
302.9
318.1
377.4
270.6
304.1
302.1
408.9
270.8
315.1
333.8
376.5
433.6
339.2
545.2
427.9
345.6
362.5
423.4
365.3
485.5
436.7
454.5
443.1
445.8
572.3
564.9
696.4
676.3
700.7
721.9
687.6
687.9
608.5
679.7
710.4
848.7
744.3
783.2
826.9
886.1
970.3
984.8
1042.3
1065.8
1164
1230.3
1490.6
1532.2
1644.2
1769.8
2078.8
2208.3
2362.3
2524.4
2755.8
3134.7
4526.7
5604.4
5172.4
3477.2
1579.8
1196
1216.7
1393.1
1281.6
1360.9
1519.2
1671.4
1863.6
2133.4
2306.3
2621
2960
3266.9
3825.1
4216.8
4814.5
5359.2
6006.9
6740.2
7479.1
8303.5
9185.8
10256.8
11336.3
12400.1
13441.4
14553.6
16599.9
20943.2
26098.5
28262.4
24848.7
16693.4
9017.8
5194.6
3804.7
3362
3084
2922.9
2665.3
2525.7
2538.9
2425
2551.6
2450.9
2615.2
2460.9
2619.2
2657.9
2853.4
2941.4
3224.1
3488.1
3739.7
4044.9
4379
4683.5
5119.1
5537.8
5954.2
6375
6717.7
7149.7
7343
7663.1
7795.7
7994.8
8117.2
8150.7
8247.5
8396.7
8527.3
8569.8
8414.8
8406.1
8491.7
8365
8220.5
7966.8
7820.2
7595.4
7319.7
7071.5
6680.5
6448.1
6215.4
5940
5647.6
5375.6
5228.9
5042
5133.3
5074.3
5239.6
5524.5
5672.9
5995.8
6326.1
6954.2
7389.6
7928.9
8635.6
9328.5
10059.3
10829.7
11798.7
12657.6
13426.3
14057.1
14570.9
14968.4
15187.1
15436.6
15676.1
15546.4
15528.8
15486.4
15588.4
15658.4
15505.6
15363.1
15289
15350.6
15215
14825.1
14408.6
13982.1
13891.4
13502.7
12992
12504.2
12191.3
11815.9
11586.8
11270.5
11149.7
11226.3
11374.8
11339.1
11368.2
11383.6
11536.8
11513.3
11434
11319.6
11352.1
11393.9
11501.2
11719.5
11920.1
12396.1
13133.9
13753.6
14639.4
15655.3
16556.8
17503.4
18225.6
19061.1
19688.7
20501.4
21270.5
21642.2
22250.5
22787.5
23535.4
23868.2
24221
24567.1
25049
25426.6
25950.8
26411.3
26911
26975.1
27035.7
26852.8
26593.2
25736.2
24344.7
23122.9
21494.7
19850.6
18401.8
17149.5
15513.3
14100.2
12717.8
11579.5
10465.5
9755.1
9183.2
9077.2
9212.7
9379.3
9744.2
10072.5
10606.8
11302.2
12159.5
12870.1
13822.1
14956.3
15951.9
17128.5
18268.3
19584
20583.1
21624.8
22847.9
23881.8
24861.1
26175.3
27582.1
28602.3
29665.8
30692.5
31451.6
31489.2
31201.5
31162.8
30521.2
29388.9
28272.7
27163
25722.4
24549
23227.2
21620.7
20048.6
18328.7
16657.9
15144.7
13833.9
12563.8
11612.9
10732.4
9992.5
9376.2
8823.5
8448.4
8087.2
7676.4
7526
7424.2
7507.1
7549
7822.9
7951.3
8199
8625.9
9025.6
9755.1
10186.6
10778.3
11543.6
12338.9
12889.6
13659.9
14243.5
14710.9
15284.1
15545.7
16020.4
16249.3
16535
16859
16887.1
17060.8
17287.1
17396.4
17342.6
17338.8
17116.7
17023.1
16587.5
16447.1
15957.5
15522.7
15114.7
14722.7
14500.8
14326.9
14311.6
14482.6
14493.3
14603.8
14380.9
14374
14124.6
14173.8
13123.1
12325.7
11671.4
11057.5
10480.3
9793.9
9189.1
8713.2
8096
7421.2
6754.2
6205.6
5689.9
5053.6
4436.9
3823.4
3294.2
3046.4
2731.3
2521.3
2385
2345.9
2234.3
2367.1
2290.2
2313.6
2385.8
2484.1
2576.4
2722.5
2771.1
2895.9
3058.6
3047.2
3309.5
3476.2
3653.3
3843.5
4085.4
4199.3
4208.9
4234.9
4296
4343
4331
4288.9
4170.9
4128.3
3853.5
3662.5
3572.4
3474.9
3242
3304.3
2824.5
2691.1
2429
2323.8
2078.1
1923.8
1722.6
1579.6
1460
1343.3
1340.5
1344.5
1379.5
1255.9
1275.9
1313.3
1405
1481.8
1496.3
1597.4
1703.5
1829.1
2007.2
2116.5
2322.7
2545.7
2597.8
2891
3110.4
3373.9
3713.6
3917.7
4157.5
4278.5
4388
4620.8
4543.4
4565.8
4569.9
4543.9
4493.2
4444.6
4374.3
4159
4004.8
3871
3710.8
3543.1
3262.7
3025.5
2694.5
2565.5
2421.8
2092.3
1828.2
1734.5
1452.3
1374.7
1272.7
1203.2
1207.3
1152.5
1131.2
1069.5
1155
1059.6
1032.2
1042.1
1040.8
1098.5
1080.5
1160.5
1221.8
1160.8
1354.3
1348.8
1433.5
1511.5
1619.8
1746.9
1933.6
2157.5
2274.2
2461.2
2583
2605.8
2896.9
2869.8
2776.9
2762.9
2759.6
2821.1
2816.4
3145.7
2687.3
2638.1
2521.6
2491.4
2356.9
2290
2143.2
1854
1648.5
1556.9
1538.7
1268.4
1126.3
962.4
906.7
782.6
621.1
641.8
691.2
688.2
666.9
664.3
679.4
702.7
500.9
639.5
576.2
540
649.2
531.5
483.7
501.5
466.5
481.5
448.4
428.7
360.5
282.5
329.7
332.7
312.2
238.3
348.5
193.1
198.2
204
187.6
99.5
250.5
109.3
143.9
185.5
199.1
151.5
245
241.2
245.7
231.8
264.2
328.5
329.6
426.2
513.7
449
485.6
497.3
454.5
420.9
481.5
430.3
511.3
451.9
430.2
448.6
398.2
339.2
352.7
383.5
367.2
337.2
426.2
232.4
230.6
450.2
133.2
129.6
198.8
87.2
90.5
99.7
67
0
44.4
69.4
92.9
120.7
279.7
113.6
14.7
56.3
71.2
144.9
75.1
84.6
97
124
142.8
112.2
111.4
167.4
194.9
220.5
188.8
222.3
306.9
273
356.7
357.7
383.5
401.7
403.4
356.6
422.4
420
447.4
342.8
421.9
351.3
243.8
259.6
305.4
251.2
233.5
324.5
242.8
191
223
150.2
187
295.2
448.5
649.8
692.1
757.9
737.7
712.2
663.4
640.4
651.9
762.9
755.8
676.9
630.1
648.4
491.7
596.3
475.4
467.3
442.9
379.2
402.6
350.6
348.7
331.2
306.9
323.4
370.9
340.1
552.3
340.5
322.3
342.5
289
351.6
439.8
302.4
378
391.2
434.2
506.8
447.4
428.2
465.9
419.1
368.3
389
338.3
418.3
302.3
272.6
304.9
311.4
210.2
266.6