NaN
NaN
4273.3
2596.7
1351.5
1352.7
1573.7
1805.5
2293.8
2832.2
3443.6
4408.4
5548.7
7035.4
8868.2
10867.8
13319
16154.5
18578.3
19514.1
16198.7
10534.2
5365.8
2293
1869.4
2053.8
2452.9
2859.4
3437.6
4171.6
5291.1
6514.3
8229.5
10394.4
12755.5
15638.8
19170
23538.5
28176.2
31893.5
31538.3
24255.9
14384
6003.3
1688.1
1233.1
1083.2
1033.8
943.1
899.4
916
1020.1
886.9
886.5
957.1
1155.9
1170.6
1351.3
1605
1858.6
2195.2
2395.9
2226.6
1912.9
1362.3
1028.6
897
1010.9
1086.5
1260.1
1630.6
2152.8
2727.6
3329
4089.7
4901.9
5568.4
6000.4
5424.1
3953.6
2524.3
1488
1198.1
1313.1
1416.4
1761.1
1792.6
2172.6
2499.7
2992.2
4030.7
5158.7
6434.9
7867.1
9660.3
11582.6
13429.9
14289.1
13060.8
9563.7
5840
2890.2
1809.3
1754.9
1922.1
2195.2
2527.4
2883.2
3437.7
4084.8
4999.2
6007.6
7404.3
8936.4
10889.9
13163.4
15701
18970.7
23241.2
26928.6
28615.4
26151.4
19392.3
11878.6
5389.6
2063.1
1793.3
1793.1
1823.7
2105.5
2259.7
2648.4
3037.2
3562.3
4313.5
5196.8
6347.5
7486.7
9157.4
10904.4
12997.6
15437
18277.1
22106.6
26463.9
29042.8
28765
24110.4
16772.9
9524.7
3957
2225.4
2153.2
2264.1
2490.1
2723.4
3053.1
3553.2
4206
4853.6
5039
4713.7
3862.5
2802
1862.5
1361
1289.1
1433.7
1487.6
1651.3
1876.5
2220.9
2766.4
3229.9
3835.5
4516.5
5137.9
5949.8
7158
7893.7
8148.4
7584.9
5907.4
3993.1
2232.7
1263.4
1145.6
1135.3
1157.7
1225.4
1350.2
1428.2
1569.2
1675.7
1930.7
2327
2878.8
3670.5
4551.8
5443.3
6462.7
7382
8731.4
10523.1
11884.9
12271.7
11371
9010.4
6021.1
3198.2
1580.7
1304.6
1299.3
1377.1
1389.4
1454.9
1594.9
1643.2
1767.1
2099.2
2181.2
2453.5
2795.2
3265
3765.1
4409
5173.3
5972.3
6944.3
8078.3
9362.4
11319
13025.1
13862.9
13352.7
11565.6
8479.8
5053.4
2326
979.6
808.2
794.7
727.8
758.4
790.6
870.2
869.4
1086.8
1171.3
1293
1369.3
1512.6
1698.9
1982.3
2211.6
2586.1
2943.3
3367.5
3907.3
4439.1
5144.8
5990
7131.4
8452.1
9455.8
9738.8
9423.9
8143.2
6560
4837.8
3482.3
2897
2403.5
1777.7
1317.1
875
742.4
894.4
781.8
824.7
817.8
771
815.7
896.5
1064.3
1190.9
1348.4
1556.6
1719.2
1927.8
2214
2501.3
2910.9
3473.8
3824.3
3778
3549.1
3070.1
2079.1
1250.3
616.6
406.1
369.2
374
370.4
380.9
415.5
465.2
507.3
548.5
596.9
624.4
896.8
702.3
779.7
987
1196.6
1560.1
1681.5
1999.6
2303.5
2607.2
3065.9
3625.4
4327.7
4787.6
4864.9
4588.3
4094.9
2939.6
1916.4
1171.6
894.9
912.1
920.5
901.4
832.1
745
669.5
669.6
583.7
641.2
651
684.3
727.1
786.7
827.3
962.7
1061.1
1146.8
1296.5
1630.9
1639.7
1887.3
2201.9
2482.9
2812.1
3231.7
3734.2
4423.3
4834.7
4842.5
4566.3
4024.1
3140.2
2064.8
1133.1
596.5
492
534
465.4
478.1
501.4
565.8
512.5
570
615.8
667.2
632.8
660.8
762.1
785.8
860.8
893.1
949.6
1069.4
1244.7
1491.9
1561.2
1857.5
2135.4
2476.3
2591.9
2649.1
2652.4
2723
2562
2563.6
2740.6
2788.5
2741
2643
2361.5
1919.4
1411.6
881
615.4
602.6
545.6
564.7
552.2
608.4
687.3
738.3
826.8
969.3
1018.9
1152.9
1288.1
1452.4
1613.4
1839.7
2082.4
2169.2
2120.8
2004.8
1779
1368.1
898.2
572.8
384.4
346.5
349.6
382.4
396.4
384.5
375.4
394
377.2
513.5
386.6
449.9
468.3
509
514.8
581.8
532.1
497.2
560.4
654.3
688.2
777.6
919.1
1066.3
1126.6
1421.4
1535.5
1720.9
1882
2164.2
2516.3
2735.5
2794.8
2690.1
2576.8
2382.8
2012.1
1659.5
1422.1
1464
1348
1238.2
1110
1019
754.8
623.9
489.6
368.3
388.6
441.3
635.8
715.3
767.8
824.1
882.6
937.8
867.9
870.8
688.2
642.5
655.7
694.1
787.3
833.7
910.4
992.4
1077.8
1095.1
1265.4
1345.3
1395.1
1570.5
1663.9
1845.9
1984.5
2022.9
1896.5
1785.6
1594.8
1377.6
1042.8
670
523.3
453.7
414.8
403.6
409.5
408.9
408.3
434.9
415
469.7
465.4
519.7
504
615
702.8
772
780.2
778.9
753.9
698.5
646.4
560
508.1
362.7
323.4
324.7
387.4
364.3
375.5
410
550.5
487.8
520.7
610.9
562.3
591.2
629.7
736
754.6
809.7
928.5
891.7
893.1
913.7
860.6
807.3
757.6
717.6
704.1
699.7
721.6
784.2
826.4
928.1
983.5
1039
1095.5
1071.5
960
935.9
868.6
712
683.7
515.1
497
442.8
467.1
489.8
393.5
392
392.4
387.5
378.6
336.9
449.7
326.5
336.1
350.2
340
413.6
442.6
476.4
642.1
522
568
586.5
617.8
664.3
706.4
769.6
712.1
816.7
864.2
910.4
965.2
996.9
1072.4
1281.1
1222.4
1334.7
1379.3
1578.3
1644.6
1704.8
1714.3
1754.8
1793.2
1741.8
1732
1665.1
1616.9
1413.6
1356.4
1285.5
1149.4
1031.5
866.3
713.1
657.2
568.9
575.3
562.5
513.8
427.1
425.9
485.3
462.6
475.4
377.6
370.9
377.8
376.5
451.1
521.4
541.3
413
339.6
419.7
360.4
380.1
411.7
379.6
387.2
373.1
375.1
413
363.6
380.1
386.1
386.5
343.7
354.9
493.4
428.1
401.8
433.6
553
494.3
510.4
591
606
536.9
518.4
477.8
418.3
448.4
579.7
546
601.9
729.2
797.7
900.5
979.6
1137
1192.3
1283.4
1428.7
1447
1512.3
1525.3
1653.2
1686.6
1712.7
1690.7
1770.2
1734.4
1742.2
1747.8
1715.9
1813.5
1867.7
1773.1
1767.5
1828.8
1851.6
1884.5
1883.4
1894.6
1904.3
1900.5
1841.1
1814.4
1800.2
1784.7
1664.8
1681.3
1695.4
1741.9
1719.3
1900.6
1775.1
1829.1
1827.7
1838.2
1863.8
1811.1
1838.7
1813.6
1793.8
1875.8
1823
1746.3
1714.5
1768.9
1729.7
1730.2
1636.6
1669.7
1704.9
1671.5
1563.6
1471.2
1433
1369
1275.3
1218.9
1208.3
1254.4
1278.3
1297
1421.7
1326.9
1378.8
1420.7
1506.7
1471.3
1450.4
1344.7
1353.7
1306.2
1213.9
1178.3
1145.1
1110.1
1093.1
1016.2
984.3
1059.9
1004.1
1061.7
1086.8
1147.5
1129.7
1069.4
1145.8
1087.4
1052
1073.1
1078.7
1054.4
992.4
1034
985.6
1019.2
975.7
1046.8
1048.6
1092.1
1146.2
1245.6
1249.9
1241.4
1236.9
1176
1148.4
1126.2
1013.7
858.3
734
814.7
535.5
523.8
589.1
481.3
512.8
536.2
524.3
548
536.2
655.4
556
665
655.2
646.8
654.1
690.9
738.8
754.5
740.3
774.5
789.2
927.4
890.6
949
965.8
1029.2
1009.2
1023.5
1042.8
1109.2
1134
1135.9
1182.2
1196
1369.2
1498.4
1547.5
1726.9
1830.6
2076.2
2297.6
2638.9
3001.3
3521.9
4024.3
4429.6
4810.6
4968.8
5164
5224.3
5286.4
5392.4
5537.1
5595.3
5735
5739.4
5497.7
5240.2
4891.9
4807.5
4612
4653.3
5003.7
5427.9
6011.5
6572.7
7112.2
7346.3
7487.5
7674.5
7702.8
7792.5
8011.2
7907.4
8111.8
8101.3
7845
7396.3
6905.8
6241.8
5947.1
5667
5698.8
6002.2
6523.6
7069.3
7668.2
8213.4
8366.3
8670.8
8587.8
8586.3
8724.1
8932.2
8994.5
9134.6
9211.3
8980.5
8369.6
7599.5
6909.3
6347.2
6005.2
5934
6202
6568.3
7226.2
7857.7
8572.8
8946.6
9172.6
9113.8
9129.8
9092.6
9296.7
9462
9526.6
9664.9
9660.1
9244
8475.4
7448.8
6807.2
6051
5637.7
5644.1
5853.4
6258.1
6764.2
7227.9
7864.1
8321.4
8604.7
8510.8
8292
8268.8
8181.3
8460.8
8657
8617.8
8789.5
8580.6
8040.5
6877.7
6187
5447.2
5165.9
4911.7
5174.6
5495.6
6004.7
6457.5
7037.2
7739.8
8061.6
8309.3
8174.2
7916.5
7818.3
7786.6
8223.8
8383.7
8474.7
8559.6
8474.3
7973.8
7014.2
6031.7
5410.2
5059.5
4814.8
5014.3
5254.4
5529.7
5891.8
6349.5
6954.3
7431.5
7627.8
7699.3
7347.6
7066.6
6862.7
6936.6
7306.7
7348.8
7276
7258.3
6952.6
6348
5478
4462.1
3741.3
3288.9
3112.3
3061.7
2953.5
3075.1
3166.6
3288.9
3469.3
3780.8
4079.9
3856.4
3757.2
3600.6
3535.9
3561.3
3850.8
3962
4037.6
3927.4
3977.3
3657.5
3114.7
2511.7
2169.8
1935.8
1955.4
1987.8
2027.5
2071.2
2190.2
2338.6
2395.2
2655.1
2776.2
2805.9
2592.7
2530.5
2412.8
2399.5
2385.1
2467.6
2537.9
2394.9
2353.9
2328.2
2165.5
1824.9
1595.3
1403.6
1369.1
1436.4
1446
1455.1
1567.2
1678.1
1877.4
2085.5
2347.2
2653.5
2965.7
3118
3256
3197.8
3064.8
3008.6
3073.9
3186.3
3189.4
3309.6
3197.1
3045.7
2985.4
2955.5
2815.4
2444
2158.6
1971.3
1995.1
2051.7
2084.5
2092.7
2217.8
2484.4
2795.5
3159.3
3515.4
4047.8
4499.3
4960.9
5351
5535.7
5580
5216.3
4983.4
5008.6
5231.7
5401.4
5510.1
5491.5
5255.1
4982.3
5055
4961.6
4389.1
3459.7
3008.2
3003.7
3111.4
3098.9
3039.2
3140.7
3217.4
3694
4029.1
4604.5
5140.3
5867.8
6552.4
7230.8
7664.1
8032.2
8006.3
7647.8
7199.7
7212.7
7528
7796.1
8060.4
8185.4
7690.3
7262.5
7083.3
7330.1
6573.3
5272.8
4261.4
4324.5
4477.7
4465.5
4371.5
4275.1
4364.3
4707
5194.7
5744.7
6466.1
7270.8
8161.4
9041
9829.9
10424.6
10912
10673.9
10095.9
9464
9670.8
10226.5
10459.7
10941
11040.3
10591.7
9777.4
9652.6
9960.8
9016.3
7296
5694.6
5593.7
5832.7
5965.3
5746.3
5682.5
5722
6038.6
6678.2
7282.9
8202
9068.7
10219.2
11431.5
12566.2
13424.8
14296.6
14701.2
14321.9
13428.5
12814.7
13195
13884.2
14074.2
14798.3
14771.1
14321.2
13352.8
12979.3
13321.7
12453.3
10144.3
7918
7701.3
8122.3
9919.5
14710.5
18812.2
19724.9
16100.2
11483.9
10559.9
11047.3
12067.9
13214.1
14793.9
16319.9
17654.3
18615.4
19524.7
19651
19116.3
17862.3
17394.4
17955.9
18614.2
19035
19858.5
19806.2
19214.9
17983.4
17546.1
17541.9
16020.2
13021.7
10148.8
9276.4
9214
9045.8
8878
8535.7
8205.6
8021.1
8418.7
9010.6
9801.6
10723.4
11811.3
13140.6
14544.6
15766
16695.3
17764.5
18184.7
18292.8
17491.6
16636
16241.9
16541.6
17016.3
17685.8
17900
17837.1
17186.8
16257.3
15791
15541
14111.9
11626.5
9278.5
7915.8
7405.8
7234.7
7005.3
6661.1
6438.5
5974.7
6091.5
6147.5
6581.5
7137.8
7740.1
8462.7
9301.4
10159
10920.8
11650.5
12107.1
12419.8
12284.4
12036.3
11490.5
11372.5
11276.5
11546.6
11917.1
12080.9
11986.8
11591.6
11099.4
10817.6
10354
9277.3
7886.4
6475.4
5350.6
4738.9
4401.5
4068.9
3783.3
3485.8
3174.5
3005.6
2931.5
2930.9
3061.2
3224.9
3562.2
3744.2
4060.8
4448.1
4600.3
4923.6
5067.4
5170.5
5112.2
5010.4
4895.9
4743.7
4775.5
4757.5
4948
4820.5
4920.6
4757.9
4648.3
4397.8
4173.8
3777.8
3298.5
2760
2257.5
1966.5
1719.7
1404.8
1215.1
1097
949.4
828.6
709.6
554.7
564.1
464.8
428.1
453.6
359.7
401.9
369
431.6
425.3
378.9
372.5
340.2
339.7
358.2
353.3
372.3
416
319.1
368
365.1
452.6
395.7
384.9
440.2
455
502.5
420.5
588.6
472.4
423.9
426.4
488.3
449.7
573.1
523.6
558.1
491.9
592.6
761.4
756
801.1
694.1
694.5
733.1
748.4
790.6
744.3
780.2
791.1
930.8
853.9
900.2
931.2
997.9
1126.4
1139.5
1178.9
1267.6
1395.2
1524
1771.7
1865.5
1984.3
2133.1
2463.3
2621
2766.9
3080.1
4211.2
5736.8
5553.9
4145.7
1867.1
1255.1
1275.8
1252.8
1305.4
1509.1
1532
1641.6
1827.3
2095.1
2275.7
2564.5
2850.5
3242.6
3770
4094.1
4731.4
5248.8
5965.6
6651.9
7475
8373.9
9337.1
10343.8
11503.5
12585.1
13777.9
15000.5
16536.2
20264
26436.2
30530.5
28450.1
19594.4
10156
5474.7
3800.1
3357.2
3051.8
2813.2
2641.5
2525.3
2387.8
2320.7
2383.6
2280.8
2450.8
2403.2
2604.5
2556
2678.1
2833.3
3013.3
3203.3
3523.1
3791.4
4110.7
4420
4805.1
5192.4
5593.7
5986.1
6396.9
6781.3
7045.6
7290
7422.9
7729.4
7740.7
7862.8
7950.7
8031.8
8109.3
8094.2
8107.5
8034
8069.8
8120.3
7941.2
7721.1
7489.5
7325.7
7141.1
6790.4
6411.1
6211.2
5864.3
5669.1
5420.6
5159
5001.3
4784.3
4761.3
4754.3
4985.1
5017.3
5308.7
5672.7
5901.8
6391.6
6787
7459.7
8001.8
8604.5
9347.6
10115.1
10927.2
11680.5
12645.9
13282
13785
14129.3
14389.6
14596.1
14792.3
14796.8
14837.4
14696
14788
14925.8
14804.1
14667.1
14517.3
14521.3
14495.8
14180.5
13777.9
13443.7
13184.5
12796.1
12534.4
12067.2
11559.5
11265.6
10980.2
10686.5
10493.2
10428.4
10622.9
10689.3
10914.8
10847.2
10954.5
10871.3
10740.3
10639
10603.5
10721.6
10800.6
10962.5
11185.4
11675.6
12145.5
12831.9
13840.2
14676.2
15605.4
16507.8
17378
18090.8
18749.8
19492.1
20136
20759.9
21402.2
21642.7
22212.1
22939.1
23422
23545.5
23944.6
24351.8
24928.8
25400.6
25924
26121.5
26416.2
26354.1
25981.1
25342.8
24308.6
22887.2
21232.6
19739.1
18133
16680.5
15177.7
13868.5
12365.4
11125.1
10164.5
9336.2
8873.5
8775.4
8730.1
8919.4
9300.6
9718.5
10233.8
10760.5
11491.2
12323.6
13485.1
14304.3
15386
16555.1
17780.6
18866.3
20006.2
21241.5
22272.7
23301.2
24620.2
25702.2
26992.8
28312.5
29563.1
30423.3
31113.2
31544.8
31535.2
31131.7
30608.5
29920.8
28527.2
27097.5
25915.2
24613.4
23132.5
21512.9
19849.3
18126.1
16621.4
15038.4
13538.3
12312.7
11434.2
10440.9
9792.5
9121.9
8691.5
8189.9
7719.3
7581.3
7324.5
7158
7178.9
7200.6
7362.8
7619
7988
8232.7
8608.7
9086
9714.7
10413.7
10980.2
11589.1
12283.8
13093.4
13617.4
14204.7
14684.2
14953.6
15362
15682.6
16087.2
16176.1
16410.8
16648.3
16618.8
16765.5
16864.2
16759.1
16495.9
16436
16246.8
15978.6
15446
15053
14611.3
14173.6
13978.7
13648.7
13539.8
13477.6
13463.9
13403.6
13237
13075.1
12777.6
12483.5
11765.5
11466.5
10487.3
9863.5
9310.6
8730.8
8236.9
7614.1
7072.2
6518
5962.9
5472.8
4983.5
4399.4
3913.8
3401.1
3016.6
2702.8
2408
2317.8
2173.4
2117.1
2045.6
2111.9
2114
2230
2207.5
2307.5
2401.6
2502.5
2593
2766.1
2800.2
2979.6
3107.7
3161.1
3459.6
3639.4
3794
3848.4
4008.9
4070.8
4153.6
4149.5
4132.8
4082.3
3985.5
3822.8
3752.8
3671.5
3449.4
3256
3111.3
3012.1
2807.3
2790
2261.8
2166.3
2040
1906.7
1685.3
1521.2
1417.7
1339.4
1307.2
1282.4
1290.2
1310.5
1359.6
1317.6
1328.9
1419.4
1547.8
1607.6
1687.4
1768.3
1951.3
2075.1
2250.3
2433.2
2649.6
2894.9
3035.6
3362.8
3583.2
3829.7
4068.6
4268.1
4438.8
4492.3
4484.6
4630.6
4562.2
4465.6
4470
4396.9
4302.4
4163.7
4043.5
3764.1
3656.6
3498.7
3277.1
2889.8
2707.8
2547.2
2329.9
2120.5
1889.8
1661.9
1443.3
1408.1
1235.5
1204.4
1133.5
1078.6
1096
1066.7
1068.2
1049.5
1114.8
1043.5
1062.1
1059.6
1100.4
1165.8
1154.9
1307.7
1356.1
1345.7
1479.8
1520.8
1666.6
1764.1
1940.8
2091.1
2362
2654.3
2740.6
2869.6
2856.2
2879.7
3067.7
2970.3
2865
2854.8
2869.1
2906.9
2867.1
3096.7
2587.1
2523
2508.5
2373.7
2077.5
1863.9
1783.2
1619.5
1428.9
1284.7
1169.7
896
816.3
737.7
720.1
619.5
547.7
573.1
631.6
609.3
574.3
586.4
581.2
629.7
427.8
535.2
506.9
456
558.5
447.6
415.2
415.3
382.4
391.7
322.8
332.6
234.1
221
239
245.6
233.3
136.6
232.2
117.4
158.9
140.6
153.8
79
202.6
86.2
127.9
174.7
165.4
167.2
242.2
204.5
261.7
210.8
279.4
313.4
338.8
408.1
481.7
430.6
449
446.1
380.9
345.6
431
363.1
422.4
381.2
363.3
343.7
273
273.5
270.1
298.9
275.3
202.4
298.5
110.7
138.6
294.1
96.5
49
114.3
55.2
54.5
41.4
25.7
0
13
51.4
52.8
81.7
243.4
81
10.2
52.9
65.4
134.3
73.8
91
89.2
84.8
148.6
128.8
82.2
144.3
205.5
199.7
205.1
255.5
304.6
305.9
353.2
314.7
368.6
364
348.7
342.1
359.8
347.1
306.1
228.2
278.9
288.2
204.4
209.4
200
146.1
131.9
226.9
172
143.2
180.1
237.2
274.3
418.9
544.5
650.8
626.6
550.3
502.2
547.2
512.2
565.6
581.6
668.3
586.8
499.9
420.4
428.3
325.5
453.3
331.5
339.5
331.8
261.4
308.7
247.4
258.7
259.5
243.7
299.2
310.2
282
489.5
328.2
284.6
308.9
271.8
337.5
375.5
296.9
351.4
343.7
448.2
462.8
398.3
381.1
391.4
355.2
271.5
330
266.9
274.7
214.7
171.7
184.5
209