NaN
NaN
4010.6
2348.8
1284.3
1403.7
1619.7
1905.1
2396.7
2969.6
3697.4
4610.8
5885.5
7356.9
9343.2
11329.4
13878.3
16654.2
18973.1
19240.3
15165.5
9424.2
4608.2
2153.6
1949.4
2112.8
2511.6
2936.9
3543.5
4353.6
5418.6
6785.7
8509.3
10792.7
13141.5
16079.7
19804
24196.7
28775.2
31825
30131.7
21997.6
12549.3
4701.1
1537.9
1186.1
1101.6
1032.2
973.8
913.5
940.5
1007.4
915.5
916.4
991.3
1206.9
1281.8
1494.6
1748.9
2053.8
2362.5
2553.4
2302.8
1917.6
1351.7
1052.4
959.1
1108.6
1144.9
1435.7
1863.1
2386.5
3013.5
3625.6
4433
5275.7
5960.3
6143.2
5296.2
3756.3
2349
1410.4
1315.5
1383.5
1508.4
1808.5
1880.7
2281
2658.9
3216.9
4364.5
5540.4
6908.5
8353.2
10281
12337.9
13926.7
14432.4
12609.9
8887.8
5264.9
2577
1827.4
1785.6
1986.6
2275.7
2653.2
3039.4
3602.6
4310
5262.8
6333.6
7747.3
9361.1
11411.8
13753.1
16377.2
19804.6
24272.1
27455.6
28285.2
24851.7
17679.3
10396.7
4428.8
1914.5
1812.8
1809.9
1874.6
2111.2
2290.7
2752
3140.8
3753.4
4478.9
5337.5
6519.8
7762.8
9405.1
11264
13316
15837
18768.2
22985.4
26877.9
28702.3
27505.3
22238.6
14993.9
8133.7
3356.9
2259.2
2222
2350.2
2627.6
2916.3
3259.1
3851.9
4549
5160.5
5178.8
4724.4
3781.6
2716.9
1825.4
1378.2
1349.5
1463.5
1573.5
1736.1
1985
2375.2
2989.9
3431.7
4127.5
4790.3
5484.2
6397.9
7583.7
8235.9
8363.3
7490.2
5664.5
3756.2
2090.3
1225.9
1212.8
1161.4
1231.6
1312.7
1396.3
1507
1651.5
1784.5
2042
2486.9
3075.9
3921.6
4845.7
5718.2
6732.2
7782.7
9295.6
11011.9
12136.6
12268.7
11064.3
8455.6
5499
2891.9
1483.9
1349.5
1347.9
1410.4
1440.6
1539.6
1626.4
1691.8
1846.6
2178.8
2271.2
2556.9
2899.8
3388.6
3919.4
4550.5
5381.7
6155.3
7125.8
8295.2
9717.3
11790.4
13191.9
13669.7
12999.2
10959.1
7738.7
4367.5
1900.4
903.2
818.8
808.6
747.8
822.1
818.4
938.2
908.1
1124.3
1230.3
1304.7
1432.9
1571.5
1779
2045.4
2273.5
2645
2988.4
3464.8
4011
4600.3
5297.1
6202.3
7329.7
8581.8
9352.2
9542.9
9106
7830.6
6268.8
4607.9
3415.1
2913
2349.4
1704.6
1242.7
803.1
781.8
887.4
749.6
839.5
781.8
790.9
819.7
929.3
1069.2
1214.3
1410.7
1639
1857
2063.8
2370.3
2644.7
3149.7
3690.8
3956.5
3857.7
3573.5
2948.1
1992.2
1168.7
556.5
440.3
410.6
387.3
404.8
420.9
449.3
482.2
519.4
574.8
610.9
608.7
902.1
768.3
850.5
1055.3
1258.4
1681.6
1754.3
2114.8
2427.1
2715.4
3231.8
3827.1
4491.5
4858.6
4878.1
4505.7
3918.8
2783.6
1720.3
1043.5
860.3
887.5
877.9
818.8
805.6
721.6
692.7
683.3
605.4
623
651.1
709.3
736
814.4
846.9
975.2
1058.4
1181
1306.4
1654.5
1664.4
1948.1
2220.1
2545.6
2873.8
3322.3
3815.5
4510.7
4798.5
4738.3
4393.6
3846.7
2920.6
1858.5
1013.6
571.7
518.4
565
477.6
488.7
539.6
550.3
514.2
589.5
612.2
647.6
636.3
714.6
792.7
836.5
894.8
933.8
1060.7
1155.2
1286.1
1549.5
1680.5
1981.5
2292.9
2591
2676.3
2690.7
2733.2
2732.1
2638.5
2616.3
2755.5
2738.2
2680.4
2531
2260.7
1771.8
1281
848.5
609
623.6
573.1
551
597.1
627.6
731
806.5
850.4
1000.2
1083.4
1199.8
1372.6
1534.5
1704.6
1966.7
2164.9
2219.5
2154.9
1989
1754
1300.8
847.8
540.2
352.4
358.2
346.5
394.3
376
368.8
363.6
378
393.9
504.6
393.6
438.7
488.2
478.5
505.6
572.7
511.6
530.5
578.1
684.7
689
811.2
909.4
1111.6
1201.9
1431.9
1522
1755.3
1954.3
2240.6
2536.5
2654
2706.8
2609.4
2471
2232.9
1828.5
1508.9
1303.1
1294.7
1202.8
1109.3
987.5
894.7
662.3
540.8
464.3
363.1
386.8
447.2
684.8
690.4
731
787.3
839.6
901.9
822
846.5
639.5
650.5
663.8
681.6
820.7
840.4
936
993.3
1100.2
1116.1
1287.2
1347.8
1416.8
1597.1
1731.1
1915.8
1975.6
1992.3
1825.8
1743.9
1557.7
1326.7
988.4
657.1
529.5
480.1
438
423.2
433.6
416.6
428.4
499.5
421.7
509.8
524.7
552.9
558.1
641
761.1
811.2
802.4
818.3
785.8
722.9
652.1
519.8
532
386.7
336.1
336.5
405.3
369.8
395.6
430.5
546.3
497.8
510.4
601
579.5
604.7
641.8
725.3
797.6
836.6
947.2
898.7
884.2
928.8
884.3
802
749.5
739.9
735.8
715.3
755.3
843
866.1
971.2
1010.9
1045.5
1047.5
1037.3
959.4
930.8
820.9
721.4
613.3
512.1
480.6
438.2
465
480.6
373.3
348.8
411.8
409
392.8
340.6
439.2
365.1
362.7
371.6
354.9
433.6
480.7
490.3
672
575.4
619.7
601.8
636.6
685.3
734.9
794.6
753.7
839.2
907.4
956.9
1018.6
1040.4
1113.6
1308.3
1253.7
1332
1382.4
1601.1
1653.7
1700.4
1709.8
1749.9
1772.8
1731.2
1666.2
1569.4
1506.5
1304.6
1257.2
1221.5
1115.6
986
846.6
732.8
706.9
663.3
642.3
577.2
533.9
432.6
469.5
487.4
503.9
477
425
431
416.3
410.4
466.5
511.2
575
433.2
367.8
391
389.5
384
415.5
401.9
394.1
381.1
368
388.3
374.5
368.9
389.9
393.1
398.6
371.1
494.9
465.2
397.3
456.5
581.8
516.9
512
627.2
612.9
539.2
485.9
475.4
464.9
490.6
603.9
564.8
683.4
780.5
847.2
952.8
1039.3
1209.6
1259.6
1359
1446
1511.4
1562.4
1622
1675.3
1735.8
1790
1758.8
1822.5
1768.9
1802.7
1809.5
1788.9
1876.3
1923.8
1887.2
1854.2
1868
1947
1964.2
1940.6
1988.1
2001
1971.6
1920.2
1887
1842.5
1866.8
1754.4
1736.7
1761.9
1796.7
1811.1
1942.8
1848.6
1905.8
1890.5
1925.9
1902.7
1874.8
1905.8
1834.2
1860
1916.7
1885.6
1816.2
1821.3
1851.2
1780.5
1793.6
1711.8
1688.8
1737.3
1698.3
1617.6
1518.7
1482.3
1435.7
1302.5
1284.7
1247.9
1308.7
1369.1
1359.7
1465.4
1399.3
1432.8
1498.8
1555.6
1527.6
1482.9
1433.5
1420.8
1328.1
1276.5
1218.3
1161.6
1156.2
1108
1059.3
1062
1089
1032.4
1066.8
1163.4
1160
1151.5
1096.2
1158.3
1103.2
1072.7
1077.2
1088.9
1054.5
1011.6
1041.8
971.4
1027.1
1007.3
1032.1
1024.5
1104.1
1106.4
1187.4
1205.5
1208.6
1161.2
1146
1086.9
1038.4
937.1
819.3
743.7
802.7
557.3
544.2
586.6
527.1
542.3
564.9
570.3
543.7
564.4
631.8
562.3
683.7
642.6
648
686.2
705.5
737.1
732.8
739.3
767.4
788.5
931.8
864.2
943.1
963.9
1008.2
1017.3
1010.3
1044.4
1116.4
1156.3
1153.9
1224.6
1243.9
1432.6
1570.3
1630.5
1839.9
1940.3
2195.2
2453
2784.3
3248.1
3774.7
4299.6
4653.8
4994.1
5175.4
5352.6
5462
5550.8
5625.9
5745.4
5813.3
5969.8
5923.8
5599.9
5299.1
5020.8
4876.3
4781.6
4862.3
5280.1
5754.8
6347.1
6918.9
7493.3
7706.3
7817.8
7910.6
8005
8127.9
8306
8224.7
8434.2
8368.9
7946.7
7390
7004
6372.9
6108.2
5827.4
5957.1
6257.1
6870.6
7393
8073.4
8545
8704.5
8875.8
8919.9
8926.7
9081.1
9266.9
9251.2
9470.5
9452.7
9093.3
8401.4
7606.4
7000.1
6474.4
6142.2
6123.6
6473
6969.5
7539.4
8262.1
8966.3
9248.2
9378.9
9325.8
9350.1
9339.6
9580.9
9745.4
9790.7
10012
9872.4
9238.1
8353.9
7395.9
6744
6102
5799.8
5911.7
6077
6511.5
7035.6
7562.3
8226
8546.2
8768
8698.1
8452.9
8480.1
8449.7
8746.1
8847.3
8905.5
8969.4
8656.2
7961.7
6783.9
6156.7
5481.9
5206.1
5079.1
5345
5744.3
6299.5
6775.1
7411.1
7994.4
8288.1
8388.3
8166.1
7978.9
7926.2
7955.8
8398.4
8450.8
8583.1
8642.3
8541.8
7882.9
6741.7
5969.8
5341.2
5090.4
4911.3
5124.8
5330.4
5627.5
6013.6
6516.1
7149
7465.2
7662.1
7572.2
7220.1
7065.9
6876.1
7040.6
7350.9
7292.5
7283.6
7170.4
6800.4
6066.8
5191.7
4255.7
3541.5
3263.8
3093.4
3057.4
2971.4
3090.7
3193.3
3355.8
3603.6
3861.6
4106.3
3871
3750.7
3587.3
3563.4
3664.8
3951.6
4010.9
4051.1
3903.8
4000.3
3567.7
2948.3
2457.5
2111.5
1954.7
2012.2
2028.5
2069.3
2122.2
2302.1
2432.3
2556.3
2755.8
2861.5
2807.6
2622.4
2556.3
2470.5
2490.7
2446.9
2522.6
2594.2
2464
2465.5
2357.8
2167.2
1786.8
1586.3
1439.4
1432.8
1502.2
1504
1528.8
1637.1
1874.1
2025.6
2271.9
2544.4
2874
3134.9
3263.5
3352.2
3293.5
3159.7
3150.5
3194.9
3312.6
3355.2
3422.5
3263.3
3121.8
3110.2
3050.1
2814
2414.4
2155.1
2036.1
2079.6
2143.8
2177.7
2212.2
2372.2
2612.9
2997
3342
3762.8
4241.3
4803
5210.9
5552.3
5698
5690.5
5292.6
5184.9
5253
5425.4
5601.4
5746.6
5606.7
5294.8
5147.9
5170.6
4994.4
4293
3436
3074.4
3167.4
3248.1
3187.7
3191.4
3249.3
3484.6
3906.4
4277.8
4926.3
5540.9
6203.5
6964
7635.3
8014.4
8330.1
8128.2
7644.1
7371.3
7520.6
7852.1
8044.2
8397.2
8291.2
7787.5
7323.7
7436
7445.8
6395.3
5029.4
4369.5
4480.9
4637.9
4548.3
4435.1
4367.2
4466.1
4978.9
5457.5
6087.1
6826.2
7631.8
8600.2
9503.3
10192.4
10781.5
11116.3
10662.1
10131
9636.9
10015.4
10576.2
10763.5
11289.2
11187.3
10584.2
9820.8
10038.5
9971.2
8760.2
6859.9
5613.6
5792.1
6019.5
6015.1
5743.5
5790.8
5846.5
6317.6
6922.3
7633.5
8575
9428.1
10784
11961.8
13019.8
13867.7
14647.1
14795.8
14365
13374.2
12983.6
13577.4
14189
14439.3
15160.2
14848.9
14347
13279.9
13317.6
13334.9
11979.3
9410.8
7753.8
7823.2
8460.5
10627.2
15467.1
18426.1
18322.9
13957
10822.9
10523.1
11269.8
12355.6
13728
15302.5
16779.4
18078.3
18995.9
19699.1
19715.9
18972.5
17743.8
17552.2
18185.9
18802.1
19359.5
20094.4
19806.5
18970
17807.3
17738.3
17351.6
15445.4
12081.4
9799.9
9325.3
9291.5
9174.6
8924.3
8531.6
8192.3
8219
8703.6
9293.3
10185.9
11145.2
12259.9
13603.3
14984.9
16116.6
17090.1
18032.9
18369
18251.4
17421.9
16472.7
16463.7
16776.5
17226.7
17850.3
18053.6
17810.3
17024.7
16101.9
15779.2
15348
13561.3
10993.8
8794.4
7764
7397.9
7228.9
6981.8
6638.2
6349.8
6030.1
6136.6
6349.9
6783.9
7324.2
8031.2
8719.6
9637.3
10490.4
11174.6
11934.1
12346.9
12538.7
12351.2
11937.8
11488.4
11477.5
11411.7
11701.1
11998
12154.7
12041.7
11539.1
11094.4
10709.9
10193.2
9063.6
7497.1
6130.3
5129.1
4640
4335.8
4004
3710.7
3433.1
3123.7
2994.5
2968.1
3015.9
3108.1
3325.3
3619.7
3884.8
4168.4
4571.7
4706.3
4953.8
5104.3
5179.2
5122.8
4958.9
4862.7
4707.7
4790.9
4844.7
4928.3
4836.1
4932.1
4693.8
4576.8
4339.4
4130.6
3673
3153.8
2626.5
2134.5
1870.8
1643.9
1369
1220.4
1050.9
930
817.8
708.5
559.5
585.6
488.8
436.6
448
385.2
419.9
403.1
447.5
431.8
426.6
389.4
376.7
377.3
391
405.4
392.3
399.6
347.4
387.2
394
489.4
392.3
419.6
464.1
485.1
541.4
446.4
598.7
500.5
426.3
465.5
495.7
447.5
607.3
546.9
595.8
557.7
648.8
804.2
810.2
818.9
726.2
688.2
750.3
779.4
816.1
792.2
799
844.9
980.4
899.1
927.9
966.4
1038.4
1165.4
1174
1242
1331.5
1474.4
1561.7
1884.2
1955.5
2056.5
2254.2
2547.2
2692.6
2877
3298.5
4798.3
5813.4
5345
3549.8
1541.9
1285.6
1336.6
1290.3
1367.5
1588
1570.6
1740.1
1908.2
2159.7
2381.1
2686.1
3021.6
3387
3912.3
4310.1
4896.8
5453.1
6186.5
6911.8
7813.5
8675.3
9561.7
10706.4
11687.8
12871.6
13981.1
15263.8
17103.1
21611.4
27939.2
30520.3
26401.8
16324.7
8188.7
4722.1
3623.4
3296.5
3024.4
2812.6
2646.8
2549
2388.2
2361.4
2410.7
2367.1
2485.3
2477.7
2681.3
2611.2
2789.1
2935.3
3163.2
3342.2
3652
3907.7
4262.6
4636.9
4991.9
5409.4
5749.3
6154.6
6608.5
6940
7146
7429.2
7522.9
7830.3
7819.3
7933.8
8039
8072.3
8178.4
8151
8144.6
8113.9
8097.9
8109.1
7974.4
7671.1
7508.4
7288.6
7083.8
6710.5
6394.5
6185.9
5856.4
5632.3
5377.5
5162.5
4986.9
4814.7
4778.5
4821.2
5085.6
5191.4
5416.3
5801.7
6117.9
6579.1
7009.1
7743.4
8214.7
8851
9658.7
10439.3
11265.7
12014.3
12933.7
13597.2
14052
14381.9
14560.2
14767
14878.2
14899.3
14856.7
14802.1
14883.1
14935.3
14840.3
14712
14666.2
14632.5
14456
14149.9
13737.9
13374.8
13107.9
12744
12461.6
12010.5
11505.9
11200
10993.6
10629
10555.1
10544.3
10769.7
10824.7
11001
10996
11048.4
10884.9
10883.9
10737.2
10660.8
10798.1
10967.4
11156.4
11348
11849.9
12437
13232.2
14154.7
15037.4
15932.5
16881.7
17701.9
18381.5
18971.5
19730
20499.7
20936.5
21558.3
21895.1
22479.5
23113.6
23493.7
23732
24047.4
24543.6
25092.5
25434.5
26002
26191.4
26464.6
26327.8
25887.1
25057.6
23843.1
22467.8
20806.2
19277.7
17711.6
16258.4
14719.7
13462.6
11871.6
10769.3
9875
9162.5
8799.4
8708.7
8744.9
9019.3
9387.4
9843.5
10349.3
11003.2
11708.3
12660.2
13701.9
14567.5
15668.6
16882.8
18102.8
19163.4
20348.8
21444.2
22496.2
23566.8
24823.2
25921.5
27203.7
28415.1
29612.4
30518.1
31102.3
31475.8
31257.2
30839.8
30288
29262.5
27954.5
26731.8
25358
24087.9
22467.3
20965.8
19236.4
17461.2
16032.6
14444.6
13116.8
11959.1
11089.9
10225.9
9544.9
8958
8456.6
8021.8
7639.1
7402.1
7278.6
7194.1
7189.9
7255.2
7455.9
7682.2
8103.9
8385.6
8783.3
9306.5
9897.8
10579.4
11230.6
11800.9
12554.7
13290.3
13854.2
14285.1
14819.9
15138.1
15476.1
15792.9
16091.4
16233.8
16425.4
16708.4
16659.2
16709.9
16773.7
16702.1
16390.5
16364
16150.2
15764.7
15241.3
14908.5
14472.1
14107.7
13836.5
13664.4
13640.2
13766.5
13783.6
13800
13625.3
13649.3
13215.5
12934.8
12216.4
11827.9
10849.3
10289.1
9640.6
9058.7
8561.1
7932.6
7362.9
6772.9
6188
5652
5112.6
4557.7
3927.7
3366.8
3036.2
2749.8
2455
2349.9
2233.3
2200.3
2130.7
2240.6
2174.7
2283.1
2303.3
2382.4
2463
2561
2689.6
2844
2857.2
3011.1
3238.9
3267.7
3520.9
3767.8
3846.5
3971.3
4114.6
4170.3
4243.9
4200.9
4183
4125.7
3971.6
3856.2
3705.5
3658.5
3453.7
3249.5
3115.8
3002.6
2768.4
2695.9
2267.5
2155.9
1988.6
1894.7
1652.8
1505.2
1375.6
1347.6
1315.2
1259.9
1291.1
1319.2
1362.1
1320.8
1390.8
1421.7
1608.3
1668.6
1707.3
1812.9
1973.9
2152.1
2309.5
2503.3
2689.7
2988.2
3156.1
3447
3676.5
3896.4
4140.8
4269.7
4470.1
4498.4
4513
4621.1
4553.4
4516.8
4397.3
4344.8
4273.6
4096.4
3976.5
3727.6
3615.2
3450.2
3185.8
2801.7
2656.6
2493.3
2266.1
2028.5
1806.6
1589.2
1393.9
1376.8
1196.9
1183.4
1101.4
1075.4
1100.6
1070.6
1063.4
1017.3
1097.5
1064.6
1067
1060.5
1103.6
1179.7
1154.4
1293.5
1350
1355.9
1527.9
1554.1
1709.6
1801
1921.3
2086.7
2386.2
2652.7
2760.6
2833.2
2825.2
2853.9
3047.9
2974.6
2834.7
2839
2818.4
2871.5
2815.5
2994.5
2508.5
2504.3
2395.8
2239.5
1944.1
1786.3
1729.6
1558.3
1387.8
1235.6
1096.7
884.8
793.5
710.3
695.1
638.8
572.2
593.7
631.6
624.6
602.3
570.7
608
602.4
449.1
549
532.4
457.5
544.9
462.6
419.1
414.8
403.2
389.6
348.3
326
272.9
219.7
250.3
233.2
221
186.4
252.8
104.7
153
153.3
159.4
50.2
192.6
77.8
148.5
176.6
184.2
159.3
257
238.1
254.7
245
305.3
356
366.7
423.7
467.1
445.1
446
454.9
395.2
368.5
420.7
333.2
411.5
406.8
350.9
353.8
271.6
254
275.8
266.1
273
206.8
280.2
118.5
142.5
301.8
61.3
70
114.9
52.2
63.7
53.1
19.6
2
4.4
51.9
62.9
83.1
240.4
80.7
0
39.9
83
139
79.3
55.9
81.1
108.8
145.8
98.9
104.3
186.9
191.9
220.8
188
261.1
332.5
316.7
338.1
315.7
336.7
348.4
325.7
323.5
376.3
324.4
295.4
221.9
277.5
265.5
223.5
197.4
209.7
135.5
114.4
212.5
170.3
167
214.9
300.5
371.4
490.4
617.2
747.3
673.6
596.2
573.7
614.5
572.7
622.4
619.7
704.1
635
494.5
446.4
452.6
337.2
430.4
322.6
328
322.2
272.8
330.8
266.5
277.7
267.1
249.4
281.4
295.6
296.7
446.7
294.3
270.6
278
260
333
368.9
289.2
341.1
322
411.2
437.8
404.6
366.8
383.2
332.5
280.9
316.9
266.5
277.9
198.3
136.9
160.5
175.9