7629
6743.4
4768.1
2980
1656
1471.7
1768.1
2058.9
2506.4
3138.9
3928.9
4975.2
6357.3
7836.4
9808.1
12011.4
14895
18125.1
20772.3
21206
17339.1
11179.1
5688.1
2391.5
2135.2
2290.9
2570.7
3008.9
3734
4535.6
5555.2
7130.9
8777.1
10932.3
13582.9
16641.8
20410.6
25258.8
30031.7
33446.5
32351
24408.3
14624.7
6071.9
1817.8
1394.7
1248.2
1108.9
1093.7
1177.2
1021.4
969.8
1014.6
1194.4
1207.2
1381.2
1594.3
1786.6
2108.4
2537.6
2772
3080.6
2869.1
2419.9
1745.1
1321.8
1092
1226.1
1378.6
1644.2
2147.1
2697.7
3454.6
4259.4
5144.7
6237.1
7055.9
7335.1
6419.4
4749.9
3049.9
1742
1441.3
1699.5
1732.2
2017
2220.2
2367.8
2934.4
3660.9
4712.3
6211.3
7903.9
9340.2
11346.9
13890.2
15926.5
16709.2
14927.4
10897.7
6711.6
3140.5
1976.3
2071.7
2228.5
2418.7
2801.5
3279.6
3916.2
4674.9
5683.3
6773
8298.6
10132.4
12282.1
14764
17622.1
21341
26248.6
29865.4
31070.1
28280.1
20775.5
12616.8
5769.3
2319.4
1922.5
2019.3
2040.7
2245.4
2485.6
2835.7
3312.6
3889.3
4749.4
5561.2
6718
8044.5
9615.8
11568.6
13883.5
16383.4
19284.2
23562.2
27967
30148.8
29700.5
24809.2
17198.8
9806.7
4259
2603.2
2614.2
2751.1
3065.3
3456.6
3938.8
4621.1
5393.8
6042.6
6262.7
5843.1
4744.5
3480.5
2329.7
1687.6
1563.9
1643.1
1754
1937.3
2284.1
2621.3
3163.9
3892.1
4704.6
5503.6
6285.6
7290.1
8733.6
9709.3
9977.9
9125.7
7122.7
4736.2
2692.4
1474.9
1311.5
1335
1372.7
1437.3
1593.5
1686.5
1785.9
1988.4
2275.5
2755.3
3423.6
4249
5290.4
6307
7415.9
8597
10246.7
12293.2
13723.3
14166.4
13041.4
10175.1
6808.4
3633.1
1780.9
1496.1
1431.2
1510.9
1571.5
1589
1716.3
1914.3
1945.5
2125
2375.4
2696.5
3084.6
3584.5
4162.8
4844.2
5607.2
6600.2
7571.9
8805.9
10205.3
12250
14213.1
15119
14663
12466.3
9056.7
5419.5
2502.3
1165.7
922
872.8
836.6
895.1
849.1
1052.4
1069.4
1148.5
1187.2
1311.3
1470.4
1662
1830.6
2130.8
2365.1
2693
3149.1
3572.3
4130.2
4846.2
5569.3
6398.1
7600.6
9112
10190.2
10435.4
10096.8
8913.9
7296.2
5682.9
4285.7
3569
3081.2
2257.1
1529
1173.3
871.2
891.7
820
825.5
836.3
872.4
990.1
1044.2
1179.3
1326.6
1502.6
1770.5
2133.5
2386.6
2720.1
3105.4
3624.3
4194.5
4577.4
4735.9
4287.9
3625.4
2531
1515.4
743.6
530.6
452.7
471.9
471.3
503.6
533
587.4
644.3
653.3
897.4
727.7
757.5
811.6
996.8
1297.3
1338.3
1702.5
2015.9
2316.3
2663.4
3009.6
3495.1
4307.1
5085
5514
5733.2
5254.2
4474.2
3269.8
2068.2
1229.6
953.3
884.5
914.5
876.9
840.6
799.3
698
686
638.5
668.9
714.8
731.8
782.7
866.2
935.3
991.4
1135.4
1398.5
1395.1
1591.1
1832.7
2072.3
2343.4
2739.6
3074.8
3507.5
4073
4811.5
5247.4
5325.9
4944.5
4362.8
3371.5
2215.4
1274.1
688.7
530.2
521.8
526.1
588.7
547.2
617.8
606.5
657.7
657.4
704.8
768.6
823.8
844.7
884.4
939
1042.6
1155.3
1377.7
1482.5
1673.8
1903
2292.9
2601.1
2904.8
3081.7
3174.2
3181.7
3030
2895.3
2809.4
2889.1
2970.2
2915
2768.1
2487.2
2033.9
1465.3
1045.4
662.4
584.4
576.6
576
665.8
680.1
757.8
876.9
946.9
1111.8
1259.8
1431.8
1511.8
1663
1928.8
2252.8
2563.7
2634.3
2612.3
2411.2
2090.5
1636.5
1087.4
656.2
427.5
459.3
431.1
394
390.7
426.8
411.5
527.7
431
459.2
497.9
527.9
521.7
614.9
540.6
514.2
557.8
655.8
602.9
667.1
760.1
887
998.3
1257
1324.4
1514.2
1622.9
1832.8
2094
2445.7
2846.3
3003
3019.5
2905.4
2775.4
2460.5
2003.2
1643.8
1331
1264.9
1195.4
1175.2
996.4
855.2
777.7
584.4
466.1
436.8
483.8
481.7
648.3
832.1
921.4
983.1
1047.7
1159.6
997.5
867.1
723.5
668.5
770.6
826
874.1
911.3
1036.8
1069.3
1175.6
1279.9
1311
1503.4
1585.5
1703.5
1837.4
2105.4
2203.2
2189.5
2105.5
1999.3
1808.7
1451.7
1138.2
856.9
594.6
528.6
524.3
507
477.3
535.5
504.4
531.4
524.2
569.5
543.9
619.8
747.9
804.8
820.2
929.2
999.4
996.4
936.1
871.5
881.8
684.5
560.2
464.7
420.3
378.5
356.6
368.5
526.5
454.4
468
569.8
567.4
584.1
642.5
746.6
732.9
773.2
881.7
910.3
993.2
1037.2
1020.7
983.5
962.2
982.2
925.1
852.4
790.4
854.3
844.5
919.5
1000.8
1065.6
1176.5
1229.2
1216.8
1156.7
1150.1
1084.8
1048.2
835.9
705.3
620
595.7
581.4
487.9
470.4
501.7
460.9
476.3
416.3
542.2
418.2
452.8
427.6
419.5
419.1
485.1
533.1
673.4
597.5
622
634.3
673.6
740.7
797.9
845
803.4
893.8
934
982.3
1055.8
1038.7
1122.4
1308.4
1307
1408.7
1421.2
1590
1660
1806.5
1875.6
1969.7
2017.2
1990.8
1964
1935
1949.7
1786.1
1682.4
1552.2
1458.7
1375.6
1268.7
1152
1074.2
935.1
880.4
845.4
815.1
735.3
702.8
691.2
661.9
590
500
486.1
496.2
492.5
571.8
621.2
651.1
507.4
489.5
504.3
431.8
425
479.5
421.7
405.7
407.3
442.9
478.8
425.3
443.8
472.7
464.7
445.9
419.1
549.3
487.8
426.2
440.3
539.7
508.5
545.4
708.3
720.7
665.8
662.9
653
604.6
559.1
628.5
560
606.5
712.4
744.8
861.3
973.2
1163.9
1195.5
1315.4
1527.2
1615.9
1705.8
1760.2
1827.4
1914.1
2018.7
2008.3
2068.9
2150.2
2140.1
2133.5
2102.8
2159.9
2246.9
2167.6
2143.5
2143.1
2179.1
2242.4
2261.5
2318.5
2317.2
2352.9
2382.5
2337.1
2281.6
2257.8
2138.6
2133.2
2091.5
2130.8
2065.9
2193.3
2139.9
2207.7
2166.7
2199.9
2248.1
2279.7
2317.4
2244.6
2216.9
2283.5
2243.1
2187.9
2120.9
2218.2
2120.4
2135.2
2130.2
2100.3
2100.4
2077.1
2051
2011.1
1941.2
1859.5
1768.7
1668.9
1572.3
1565.3
1582
1521.2
1613.9
1581.6
1613.8
1682.1
1748.3
1788.6
1837.4
1780.4
1755.5
1730.6
1680.9
1577
1531.4
1440.2
1406
1320.2
1258.7
1209.6
1182.3
1216.5
1226.8
1279.6
1292.9
1302.7
1332.5
1290.9
1240.2
1243.5
1249.4
1257.4
1174.8
1205.7
1170
1182.6
1123.5
1113.2
1066.3
1096.5
1144.2
1242.7
1279.4
1289.5
1283.3
1254.6
1247.5
1263
1178.2
1137.7
1018.4
1084.5
825
730.7
754.4
616.6
604.3
589.9
588.7
612.7
655
693.3
598.7
698.5
701.8
662.2
684.9
685.3
772.3
796.4
787.7
824.7
843.9
974.4
911
931
951.2
997.3
1056.5
1088.2
1041.6
1153.5
1194.4
1233.3
1245.9
1271.2
1370
1487.2
1537.3
1755.8
1805.6
2029.2
2235.3
2440.5
2780.4
3229.4
3752.6
4298.6
4948.3
5503.4
6003.2
6236.3
6356
6465.1
6639.7
6728.4
6796.7
6966.7
7180.4
7118.2
6795.6
6439.1
6062.5
5826.2
5776.8
5742.2
6068.5
6671.4
7423
8044.3
8675.2
9129.1
9316.9
9433.7
9550.1
9576.8
9790.7
9748.7
9884.9
10018.5
9872.9
9031
8311.8
7614.6
7208.2
6896.5
6949.8
7280.2
7915.2
8595.1
9197.7
9930.5
10266.1
10368
10440.3
10440.4
10626.7
10858.8
10844.5
11122.9
11236.2
10948.1
10204.5
9163
8286.4
7641.6
7195.5
7058.2
7405.1
7984.9
8690.2
9357.6
10118.8
10595.8
10923.9
10968
10872.3
10818.4
11021.2
11320
11294
11502.9
11499.9
10944.7
10214.5
8800.7
7851
7225.4
6665.6
6569.9
6945.8
7340.9
7924.3
8484.4
9295.6
9845.7
10055.6
10108.5
9700.2
9595.6
9681.5
9978.8
10161.1
10244.4
10357.4
9859.2
9414.7
8221.5
7256.2
6420.2
5903
5736.6
6064.9
6397
6878.5
7480.1
8013.6
8925.3
9326.1
9588.8
9404.8
9000.3
9020.9
8959.5
9378.2
9616
9736.9
9833
9505.6
9083.2
8033.5
6936
6029.8
5471.3
5445.8
5645.1
5849
6133.5
6688.3
7169.9
7766.3
8402.5
8565.2
8523.3
8054.4
7713.8
7611.4
7732.8
8130.1
8206.1
8174.1
8032.6
7973.8
7116.5
5897.5
4962.7
4106.9
3588.2
3447.8
3504.6
3452.5
3382
3525.1
3709.9
4174
4267.9
4465.2
4423.3
4197.2
4032.1
4041.6
4083.2
4470.2
4535.8
4673.6
4511.1
4349.8
4162.4
3582.9
2925.2
2478.2
2223.8
2273.4
2315.5
2425.8
2466.9
2549.3
2691.1
2889
3141
3239.6
3322.8
3137.8
2973.9
2851.6
2795.7
3001.7
2997.6
2942.7
2874.7
2895.5
2720.1
2619.3
2258.2
1911.7
1771.6
1705.1
1692.4
1756.3
1829.8
1957
2117.6
2340.8
2685.5
3045.9
3327.8
3654.5
3883.2
4038.5
4079.5
3867.3
3813.3
3751.6
3901.5
3958.7
4074
4030.7
3789.2
3706.2
3686.2
3558.8
3030.6
2549.3
2385.2
2497.7
2543.2
2498
2567.5
2743.9
3050.4
3389.6
3817.5
4341.6
4875.5
5530.4
6001.3
6499.1
6679.1
6691.1
6351
6074.7
6186.2
6359.5
6545.3
6787.6
6757.5
6410.2
6106.6
6121.9
6005.9
5389
4240.1
3661.4
3650.9
3800.1
3805
3733.8
3795
3905.3
4398.6
4879.3
5574.6
6287.3
7096.4
7904.6
8589.3
9222.1
9630.3
9558.2
9089.1
8526.7
8635.6
9057.7
9289.3
9637.4
9636.8
9236.5
8781.9
8559
8684.6
7841.6
6331.5
5117.8
5086
5363.6
5313.8
5113.5
5046.9
5074.6
5542.6
6144.6
6788.5
7637.7
8428.1
9602.3
10627.7
11586.7
12309.8
12786.5
12477.2
11862.1
11180
11439.8
12013.2
12402.7
12832.7
12908.8
12410.9
11503
11309.6
11618.7
10612.4
8491.8
6623.4
6577.6
6696.2
6874.1
6667.1
6583.5
6557.8
6944.9
7677.6
8374.2
9479.2
10507.9
11774.4
13163
14515.6
15560.3
16503.7
16739.6
16390.5
15521.5
14845.5
15119.3
15931.4
16268.7
17003.1
17034.8
16270.2
15236.8
15108.6
15288.9
14120.2
11508.5
9114.4
8935.6
9425.7
11536.1
16875
21239.6
22024.2
18104.5
13076.5
11998.7
12508
13669.9
15016.8
16761.3
18335.7
19827.9
21060.8
22024.2
21989.5
21539.8
20248.7
19785.4
20221.8
21084.5
21632.5
22454.2
22264.3
21581.8
20200.8
19981.4
19788.4
18121
14732.6
11701.1
10570.2
10439.2
10445.1
10227
9686
9324
9174.7
9557.9
10224
11122.8
12275.1
13462.3
14878.4
16254.7
17763.5
18924.8
20024.1
20477.6
20452.1
19756.1
18845.1
18469.2
18797.3
19158.5
19674.3
20095.5
19970.3
19287.6
18510.6
17899
17434.7
15871.8
13186.7
10458.6
9045.3
8434.1
8170.9
8016.7
7449.3
7217.4
6795.8
6836.7
7054.4
7446.6
7977.3
8704.5
9576.8
10435.9
11445.9
12188
13024.8
13487
13989.6
13769.9
13448
12896
12717
12749.3
12968.6
13292.5
13399.9
13338.6
12990.4
12578.5
11970.5
11415.1
10418.5
8802.2
7244.5
6105.3
5372.1
4876.7
4604
4218.6
3892.7
3635
3357.3
3260.5
3268
3500.4
3658.9
3850.2
4316.1
4501.7
4832
5132.3
5372.2
5541.2
5678.9
5665.2
5453.7
5394.1
5293.2
5268.3
5176.2
5426.8
5381.7
5360.9
5186
5134.7
4846.7
4628
4191.7
3548.3
3088
2620.3
2146.3
1834.5
1625
1433.5
1298.9
1133.9
899.8
877.5
690.3
624.1
592.2
511.7
535.1
503.2
544.1
490.5
491.9
487.9
426.1
435.3
442.3
449.5
463.7
509.8
433.4
470.9
448.1
541.2
456.6
439.7
499.9
526
546.4
487.3
695.1
571.3
510.1
559.3
579.2
530.3
646.1
570.3
609.7
579.1
640.3
740.6
732
882.7
891.2
888.5
888.6
867.7
821.4
771.3
869.2
917.9
1016.2
963.2
980.5
1018.1
1085.4
1163.1
1167.3
1202.2
1260.3
1414.3
1458.9
1705.4
1802.8
1901.7
2081.7
2354
2548.8
2737.8
2918.2
3131.2
3508.6
4819.8
6351.8
6070.3
4552.3
2135.4
1442.9
1413.1
1552.5
1486.3
1598.5
1693.1
1862
2070.4
2342.8
2546.7
2809.6
3232.1
3539.8
4063.6
4550.3
5166.5
5755.3
6534.7
7249.9
8057.8
8992.2
9994.1
11208.1
12354.7
13577
14715.3
15898.5
17790.9
22147.2
28200.6
31673
29382
20491.7
10936
6090.4
4334.3
3767.1
3442.2
3266.8
2971.7
2837.7
2816
2698.2
2757.5
2657
2800.4
2707
2820.9
2892.9
3090
3213
3437.4
3713.8
3947.5
4296.2
4651.9
5017.7
5387.7
5849.6
6340.1
6768
7272.7
7613.8
7887.3
8217.8
8327.9
8589.1
8779.5
8802.4
8893.6
9022.8
9147.1
9191.2
9104.2
9113.7
9173.4
9075.5
8989.2
8723.3
8513.2
8227.4
7942.7
7645.6
7319.6
7029.4
6762.4
6376
6092.4
5813.3
5627
5426.6
5430.4
5421.4
5544.8
5766.3
5962.7
6369.1
6700.5
7293.8
7746.8
8315.6
9093.6
9819.5
10609.5
11405.9
12445.7
13372
14240.5
14990.9
15595.1
15972.6
16296.9
16459.1
16637.2
16664.9
16582.5
16617.8
16596.4
16643.6
16554.5
16472.8
16341
16347.6
16310.7
15934.2
15490.8
15040.4
14953.1
14585.8
13989.5
13482.9
13129.2
12692.2
12378.5
12117.3
11902.5
11934.1
12040.3
12137.5
12239.4
12250
12387
12354.3
12200.3
12053.8
12033
12073.1
12030.5
12303.2
12534.8
12925.9
13684.2
14388.3
15311.7
16403.6
17374.7
18411.6
19153.6
20072.1
20876.1
21592.1
22492.6
22890
23566
24126.2
24761.6
25242.1
25735
26001.9
26496.4
26939.9
27533.4
28010.9
28585.9
28828.2
28985.5
28947.3
28515.1
27836
26453.5
25095.3
23299.2
21643
19897.8
18566.2
16725.6
15206.1
13683.5
12364.4
11155.9
10295.8
9718.2
9550.2
9641.4
9817
10085.1
10523.7
11032.9
11764.9
12667.6
13426.2
14428.3
15602.9
16725.7
17864.4
19104.8
20462.9
21580.1
22744.4
24030.4
25169.5
26249.3
27537.6
28967.9
30192.2
31434.1
32773.7
33511.4
33614.8
33523.6
33440.1
32700.8
31659.4
30479.3
29146.2
27728.2
26409.4
24899.2
23284.1
21547
19752.5
17921.4
16229.7
14693.8
13422.7
12413.1
11483
10650.6
9977.9
9358.7
8880.6
8545.8
8103.4
7958.3
7791.3
7824.9
7859.5
8163.7
8299.2
8564.1
8909.6
9477.7
10075
10679.8
11211
12011.2
12886.8
13472.7
14205.5
14857.6
15412.7
16074.8
16448.5
16842
17120.6
17443.6
17746.6
17894
18047.1
18177.1
18330.4
18342.9
18330
18092.6
17988.8
17618.1
17388.4
16979.3
16437.7
16011.2
15496.8
15186.7
14963.1
14857
14885.2
14823.8
14764.5
14538.4
14432.7
14138.5
14080.2
13146.6
12384.7
11663.1
11050.8
10465.9
9688
9110.4
8550.9
8022.6
7328.7
6711.5
6100
5620.9
5110
4496.9
3929
3372
3080.2
2831.7
2631.2
2482.5
2465.5
2381.8
2430.3
2411.4
2468.3
2532.1
2627.6
2714.3
2909.5
2958.7
3070.8
3248.7
3326.1
3497.3
3686.4
3878
4111.8
4414.5
4507.2
4533
4547.7
4661.2
4760.1
4715.7
4677.7
4573.8
4508.2
4241.7
4061.1
3909.3
3775.3
3542.6
3560.6
3179.3
2933.9
2675.2
2539.8
2309
2121.2
1872.4
1724.3
1581.5
1495.5
1452.5
1455.2
1464.1
1359.8
1397
1413
1536.1
1574.8
1648.6
1765.7
1830.2
1972.8
2141.7
2283.2
2454.7
2720.6
2809.6
3069.5
3292.9
3621.6
3991.2
4231.6
4458.7
4645
4755.7
5020.6
4941.7
5003.4
4965.6
4923.3
4920.1
4872.7
4815.9
4550.9
4394.3
4237.7
4116.4
3877.2
3608.1
3277.1
2971.4
2832.5
2605.6
2318.8
2014.4
1885.5
1646.2
1504.8
1399
1325.4
1272.1
1242.1
1231
1179.6
1235.3
1184.1
1125.7
1116.5
1129.6
1200
1184.1
1271
1278.1
1297.1
1417
1438.9
1554.4
1636.8
1718.9
1836.9
2062.2
2264.7
2384.8
2638
2781.5
2871.4
3104.7
3108.2
3011.6
3005.5
2987.2
3059.4
3027.3
3297.5
2941.2
2851.7
2767.5
2685.9
2581.6
2477.9
2324.5
1995.8
1765.1
1720.9
1652
1398.7
1241.5
1026.1
1021
846.8
728.1
675.5
721.9
731.7
728.7
724.2
740.3
755.5
568.5
681.4
632.4
581.7
696.3
588.9
543.1
531.5
537.3
521.9
490.9
463.8
405.4
342.2
361.9
361.8
358.4
264.1
328.9
205.8
220.9
205.9
193.4
132
200
123.7
168.8
201.2
197.5
146.5
224.1
206.5
233.7
208.2
275.6
333
313
404.5
490.5
483.1
515.8
516.1
486.9
442.7
520.3
473.2
511.6
452.4
445.3
457.9
397.9
382.8
369.4
370.7
364.1
296.8
381.6
233.8
220.3
366.2
143.4
132.8
160.6
77.7
73.7
84.8
36.9
0.2
17.2
48.8
63.4
99.6
228.6
68.4
0
49.7
71.6
105.5
58.6
66.6
56
63.5
105.1
108
89.5
181
166.2
208.3
166.1
218.8
284.5
281.4
316.5
335.3
376.3
415.1
415.1
376.2
390.3
401
410.4
336.9
376
343
264.2
256.5
278.3
229.2
195.3
259.3
205.4
132.3
152.3
130.6
151
203.3
347.2
506.7
575.9
636.8
622.9
608.4
558.3
573.1
550.3
652.3
659.8
574.6
543.4
558.5
409.5
507.3
419.9
392.9
371.7
297.5
344.6
286.7
271.1
271.4
265.9
281.1
288.5
292
434.6
305.7
266.6
268.5
250.4
319.8
343.4
240.8
336.4
320.8
362.5
429.7
388.1
348.7
419.4
391.9
331.7
367.5
304.1
325.5
263.8
217.6
239.2
236.9
167.1
194.6