7341
5978.5
3965.9
2401.9
1510.3
1547.7
1847.9
2219.2
2680.8
3363.8
4263.2
5375.4
6895.7
8592.3
10549.1
13030.4
16014.5
19291.9
21347.9
20448
15226.5
9246.1
4256.9
2157.1
2191.2
2422
2754.9
3290.9
4067.3
4970.2
6163.8
7949
9766.9
12207.3
15077.4
18520
22729.8
28225.8
32631.5
34837.7
31101.4
21592
11928.9
4122.1
1635
1409.3
1267.6
1141.4
1099.5
1191.6
1047.8
998.8
1011.8
1238
1221.2
1371
1588.3
1783.2
2158.4
2495.7
2655.6
2877.2
2533.9
2051.4
1531.1
1171.6
1054.3
1191.5
1427.6
1775.3
2246.1
2801.7
3611.9
4340.2
5313.3
6244.3
6834.7
6743.1
5534.6
3925.7
2453.5
1492.5
1481.1
1768.7
1769.9
2047.5
2276.8
2469.6
3130.6
3901.3
5068.3
6569.1
8181.9
9652.8
11925.9
14315.2
15856.3
15876.5
13100.6
9043.9
5269.4
2441.7
1975.1
2118.8
2329.3
2575.5
2949.1
3459.7
4166.8
4957.2
6040.2
7210.4
8836
10805
13039.9
15614
18768.5
23012.6
27901.6
30541.1
30437.5
25768.3
17777.6
10074.2
4143.3
2101.5
1947.9
2077.9
2090.2
2413.1
2662
3046.2
3570.8
4259.7
5172.5
6042.9
7367.6
8757.7
10513.8
12656.8
15110.7
17773.7
21151
25995.2
29735.8
31089.2
29146.7
22714.2
14871
7825.1
3299.6
2480.1
2590.2
2705.3
3007.8
3387.8
3837.4
4589.8
5267.8
5700.5
5686.8
5146.9
3999.7
2881.6
1960.5
1593.4
1580
1691.3
1777.2
1995.1
2421.9
2751.7
3304.3
4032.6
4699.8
5415
6259.8
7355.3
8621
9270.7
9112.9
8030
5941.9
3807.8
2121.9
1353.5
1298.9
1296.6
1389.3
1452.3
1613.1
1660.8
1814.5
2011.6
2357.7
2882.4
3639
4455.2
5477.3
6476.6
7502.3
8752
10573.7
12374.5
13364.9
13399.6
11807.6
8722.1
5480.2
2794.8
1616.3
1542.9
1467
1571.6
1629.3
1670
1736.2
2003.6
2078.1
2227.2
2494.2
2855.3
3258
3718.2
4414.2
5022.9
5833.4
6874.2
7914.4
9207.3
10778.7
12927.9
14487.1
14925
13952.3
11284.2
7755.1
4362.3
1868.1
1081.8
896.2
907.7
879.1
938.7
914.5
1097.5
1145.6
1229.2
1277.1
1390.9
1542.6
1791
1935
2280.8
2538.1
2891
3351.7
3814
4403.8
5154.9
5924.2
6878
8195.6
9563.7
10363.6
10326.2
9749.5
8219.7
6535.8
4889.6
3684.3
3145.8
2630.9
1886.2
1309.6
1102.3
865.4
938.5
897.2
867.4
894.5
924.5
1032.5
1140.7
1270
1424
1598.1
1869.1
2139.3
2404.6
2688.7
3087.8
3651.7
4116.9
4348.2
4383.8
3844.3
3123.9
2092.5
1215
651.4
531.7
458.1
503.8
507
536.3
578.4
615.4
667.7
668.6
919.6
742.8
793.9
881.2
1044.2
1355.5
1426.5
1762
2110.1
2375.8
2734
3053.4
3629
4399.3
5135
5371.3
5472
4866.3
3987.5
2856.1
1811.5
1160.7
1038.3
1072.8
1009
948.3
952.1
858.5
789.4
756.9
711.1
760.2
772.7
829.6
867.5
970.4
1015.1
1096.6
1217
1472.4
1508.1
1702.2
1939.7
2232.1
2500.9
2871.6
3249.4
3743.9
4364
5044
5282.2
5191.9
4748.7
4037.9
3001.7
1934.4
1077.2
698.6
557.8
586.4
621.1
658.8
634.4
647.5
711.4
748.3
709.8
762.4
844.2
848.9
898.3
932.3
998.6
1064.6
1204.4
1433.4
1519.7
1708.4
1953
2311.6
2613.9
2872.1
3023.6
3106.7
3051.9
2966.5
2886.5
2888.2
3018.2
3046.7
2964.6
2741.8
2448.2
1919.8
1374.8
975.4
681.8
640.3
628.8
659.5
777.7
785
828.8
947.6
1010.7
1159.3
1319.9
1478.2
1545.7
1713.4
2007.8
2308.3
2487.1
2515.1
2433.2
2207.7
1849.9
1430.9
939.5
607
493.1
528.6
498.3
471.9
476.6
509.4
491.2
585.8
499
534.4
568.3
593.2
589.9
680.3
614.8
594.6
626.2
701.9
682.1
761.4
843.1
987.6
1118.1
1365.4
1429.6
1586.9
1763.9
1972
2248.2
2608.5
2932.7
3035.5
3011.8
2942.7
2792
2439.1
2001.5
1778.6
1517.4
1430.2
1390.8
1337.7
1100.9
985.8
815.6
637.2
564.3
515.7
573.2
626.1
752.8
911.9
928.2
1006
1082.6
1180.3
989.6
898.4
757.7
748.7
876.6
910.4
957.5
1031.6
1139.4
1148.9
1271.8
1338.2
1418.6
1589
1719.5
1801.5
1971.8
2180
2257
2234.1
2059.6
1974
1741.7
1374.5
1083.1
824.4
605.9
555
587.5
542.1
527.7
567.1
543.1
570.1
582.6
601.7
620.6
671.2
766.3
812.4
892.2
941.6
1017.1
984.7
917.9
874.6
860.4
709.2
556.5
499.4
497.4
446.9
432.2
463.9
581.9
568.1
578.2
648.9
638
687.3
694.3
796.9
801.5
850.6
984.6
958.4
1046.2
1082
1081.2
1008.8
1000
1040.7
942.7
877.1
847.3
885.2
900.3
977.2
1036
1133.7
1229.6
1256.8
1218.9
1186.6
1125.7
1063.8
1000.4
835.2
717.7
654.9
648.1
652.1
541.7
527.4
541.8
551
507.7
486
541.7
471.6
457.7
466.1
440.3
515.3
554.7
567.5
739.6
637.6
671.1
673.2
733.6
771.8
816.2
865.7
859.5
934.6
995.4
1051.6
1099.4
1070.9
1161.8
1332.8
1316.4
1404.7
1443
1610.1
1669.7
1806.9
1903.8
1970.6
1997.9
1974.5
2000.1
1937.2
1965.1
1836.6
1702
1580.5
1489
1420.6
1255.7
1119.6
997.1
876.3
835.6
812.4
763.5
688.8
656.3
662.8
643.6
585
530.3
535.6
492.4
521
586.3
643.2
673.5
588.7
531.3
543.7
499.7
497.1
510
486.9
498.1
485.8
518.3
531.5
482.2
514
510.9
537
503.8
475.1
567.5
503.8
480.8
513.5
601.4
559.3
614
765.7
727.7
657.9
678.2
670.3
617.7
601.5
665.1
602.5
660.9
769.6
817.1
956.3
1007.3
1227.1
1250.8
1349.7
1533.2
1627.9
1663.1
1732
1828
1892
1952.7
1926.2
2014.6
2045.9
2063.1
2053.8
2021.5
2081.5
2170.7
2066
2068.9
2016.7
2102.4
2152.1
2176.6
2187.9
2235.6
2250.6
2257.1
2234.1
2149.6
2132.6
2062
2037.7
1961.3
2019.7
2003.4
2074.5
2051.1
2104.5
2109.6
2110.2
2143.5
2190.3
2204.9
2113.5
2059.4
2148.2
2105.8
2103.5
2025.1
2121.8
2041.3
2039.2
2023.2
1980.6
1996.2
2011.8
1963.6
1867.1
1812.7
1768.8
1635.2
1580
1495.7
1485.6
1484.2
1451.9
1546.6
1535.2
1565.8
1624.6
1659.8
1760.1
1742.3
1671.8
1678.9
1636.4
1565.1
1485.9
1431.7
1401.2
1365.6
1294.5
1211.4
1236.6
1185.4
1208.1
1264.1
1284.5
1308.3
1282.5
1370
1265.9
1269.9
1245.4
1272.6
1240.3
1208.9
1239
1198.4
1182.9
1183.8
1165.2
1112
1176.7
1199.3
1320.3
1345.6
1390
1360.4
1356.4
1340.7
1358.7
1255.4
1179.9
1086.3
1088.3
796.2
801.9
780.4
678.9
645
668.7
644.9
649.3
670.6
733
657.8
776.6
751.2
747.8
744.6
775.7
857.8
907.4
870.7
865.7
894.9
1028.8
979.2
1039.5
1073.4
1088.2
1127.2
1180.4
1166.9
1236.8
1232.4
1286.4
1292.6
1303.7
1400.9
1531.7
1617.3
1759.8
1862.7
2011.1
2225.9
2477
2778.8
3213.8
3739
4191.5
4820.5
5240.9
5692.2
5798.7
5886.4
6030.1
6140.7
6297.4
6360.5
6484.8
6544.8
6508.4
6133.7
5810
5584.1
5354.1
5361.8
5456.6
5849.2
6386
7122.7
7792.6
8234.8
8553.6
8665.2
8734.9
8911.6
8926.2
9013.1
9044.7
9215.5
9193
8927.9
8052.6
7447
6888.3
6588
6405.7
6551.5
7003
7574.6
8193.3
8811.6
9424.7
9665.7
9698.8
9756.5
9823.4
10002.7
10140.3
10149.9
10383.4
10368.6
9956
9156.7
8201.6
7490.3
6996.7
6691.5
6707.8
7187.5
7782.3
8384.8
9045.1
9751.1
10092
10277.5
10223.5
10175.9
10215.6
10401.4
10661.7
10683
10846.4
10669.4
10052.4
9109.6
7902.7
7143.6
6638.9
6242.6
6350.2
6685.5
7164.9
7669.1
8263.1
9041.3
9428.9
9481.7
9442.1
9126.6
9127.4
9264.4
9515.3
9568.1
9690.1
9704
9108.7
8544.1
7347.2
6625.7
5902.2
5537.8
5531.3
5949.9
6235.6
6862.6
7381.3
8053.9
8775.7
9051.9
9153.3
8872.2
8645.8
8688.8
8746.2
9160.2
9202.8
9498.4
9372.9
9106.9
8423.9
7288.7
6483.4
5646.1
5295.3
5355.4
5652.7
5858.4
6188.1
6746.4
7215.4
7882.3
8321.3
8391.8
8246
7773.2
7553.3
7446.1
7789.9
8043.5
7941
7938.4
7736.6
7626.5
6590
5341.1
4605.1
3852.1
3490.1
3380
3458
3321.2
3371.1
3472.1
3749.4
4150.9
4234.8
4375.8
4252.2
4049.2
3908.4
3910.7
4114.2
4462
4362.6
4557
4318.7
4219.8
3851.7
3172
2671.5
2320.2
2180.2
2245.6
2330.4
2368.2
2452.9
2482.5
2690.4
2922.1
3087.2
3132.3
3096.9
2937.2
2814.5
2691.3
2722.8
2862.7
2904.6
2751.3
2760.4
2777.8
2557.8
2372.4
2035.5
1744.4
1686.5
1647.5
1670.6
1657.4
1794.7
1897.7
2060
2301.6
2639.9
2957.5
3246.9
3468.3
3696.1
3770.9
3653.4
3488.4
3587.2
3538.5
3660
3714.3
3770.4
3704.3
3467.4
3438.9
3412.3
3168
2608.3
2334.8
2277.7
2410.2
2411.9
2402
2479.6
2677.3
2952.9
3316.9
3790.6
4276.4
4774.2
5384
5781.7
6185.4
6267.4
6150.8
5798.8
5681.2
5809.7
5949.1
6189.5
6303.6
6230.4
5818
5641.6
5737.8
5349.9
4594.7
3634.6
3382.4
3497.6
3558.2
3541
3469.1
3581.2
3823.1
4299.1
4745
5420.3
6137.1
6979.6
7690.8
8237.8
8863.4
9055
8810.8
8265.3
7910.9
8310.4
8683.4
8868.7
9145.8
8921.2
8403.7
8038.5
8171.8
7957.7
6840.6
5313.7
4749.7
4842.5
5101.9
4932.1
4746
4744.4
4942.7
5479.5
6004.5
6738.6
7516.8
8382.7
9457.2
10391.7
11213.9
11872.9
12013.1
11612
10911.7
10456.1
11020.6
11442.8
11791.5
12333.2
11991.3
11471.5
10610
10954.8
10755.5
9313.4
7171
6142.8
6344.4
6440.1
6424.9
6253
6201.3
6263.8
6917.5
7537
8344.7
9416.7
10468.1
11808.4
13076.7
14308.7
15225.8
15988.7
15824.5
15270.2
14433.1
14106.1
14786.1
15320.2
15765.9
16369
16054.2
15241.1
14226.3
14690
14391.2
12578.8
9817.8
8424.9
8658.8
9476.8
12604.7
18119.5
20718.1
19934.3
14602.5
11614.9
11576.1
12367.7
13626
15094.4
16814.1
18371
19549.3
20775.7
21457.6
21104.7
20365.8
19141.2
19145.5
19803.6
20549.5
21156.9
21778.3
21321.6
20301.2
19154.5
19262.1
18714.5
16338.5
12665.9
10512.8
9982.4
9953.5
9956.7
9582.6
9073.1
8810.5
8893.9
9412.4
10140.7
11085.7
12275.3
13528.4
14854.3
16224.8
17629.6
18672
19585.9
19829.2
19463
18628.7
17832.3
17849.8
18232
18618.9
19252.6
19465.3
18984.5
18154.1
17507
17126.6
16450.5
14316.7
11442.8
9290.2
8351.7
7988.8
7772.1
7592.8
7036.8
6731.3
6506.7
6599.3
6936.4
7427.5
7998.4
8732.1
9609.5
10529.4
11392.3
12174.8
12888.6
13287.4
13542.9
13243.2
12894.3
12294
12283.7
12422.7
12708.2
12907.2
13092.5
12741.7
12338.6
11890.2
11461.6
10780.7
9585
7889.2
6457.5
5585.5
4962.3
4600
4327.5
3959
3657.6
3432.1
3233
3174.2
3265
3456.7
3672.1
3923.2
4317.3
4511.2
4900.9
5134
5373.2
5529.2
5611.7
5512.9
5324.9
5205.2
5181.4
5202.6
5130.1
5341.4
5288.7
5277.9
5064.7
4966.3
4666.6
4428.2
3938
3330.3
2815.3
2351.4
1977.6
1709.8
1560.1
1364.2
1240.2
1036.4
891.8
834.8
665.8
619
597.6
518.5
547.4
512.5
590.6
535.9
529.2
499.4
485.8
461.4
493.4
500.5
491
534
455.8
507.5
469.7
563.6
472.7
497.1
533.9
595.9
600.3
554.2
699.7
603
579.2
576.4
591.4
572.1
685.4
628.7
657.7
620.8
660.1
754.9
805.8
903.6
916.8
895.7
924.1
871.7
884.2
855.1
905.5
906
1047.9
960.4
1002.9
1048.6
1098.9
1197.2
1229.1
1239.4
1311.5
1424.5
1508.9
1765.9
1840.7
1963.4
2167.8
2395.6
2627.6
2797
2990.4
3213.3
3845.9
5653.5
6387.3
5598
3425.4
1643.8
1397.6
1399.8
1560.2
1499.6
1592
1784.7
1945.2
2128.7
2376.7
2630.4
2938.6
3356.8
3675.5
4207.7
4746.5
5375.2
6016.8
6838
7616.9
8428.6
9474.4
10523.8
11695.7
12901.5
14155.9
15335.7
16616.9
19255.8
24797.7
30913.2
32097.1
26486.7
15995.6
8166.4
4880.4
3916.4
3520.6
3279.6
3067.4
2817.2
2711
2706.3
2573.9
2665
2595.4
2692.6
2672.4
2785.9
2858.5
3072.2
3202.5
3493.6
3680.2
3994.3
4264.1
4651.8
5036.2
5421.5
5879.9
6328.3
6813.5
7145.1
7566.1
7721.8
8085
8208.1
8465.8
8542.8
8560.1
8639.4
8748
8975.1
8863.9
8816.4
8780.9
8910.5
8738.4
8592.1
8349.6
8095.3
7888.8
7555.2
7287.5
6932.1
6637.9
6340
6034
5742.1
5514.5
5320.5
5197.7
5237.5
5264.5
5346.7
5691.2
5873.5
6221.1
6611.7
7179.9
7671.9
8295.6
8980.4
9700.6
10511.7
11313.9
12260.8
13172.4
13978.4
14634.4
15190.7
15392.8
15726.8
15957.3
16036.3
15978.1
15853.3
15988.2
16008.9
16093.7
15904.8
15739.3
15692.3
15702.4
15571
15165.8
14775.8
14399.8
14205.9
13759.2
13230
12752.5
12484.6
12038.5
11741.9
11401.1
11353
11422.8
11622.1
11724.2
11748.9
11767.9
11865.7
11772.7
11624.9
11459.1
11524.4
11578
11647.5
11914.3
12191
12620.7
13494.5
14243.1
15163.3
16154.2
17184.5
18169
18903.4
19754.6
20506.7
21149.7
22011.4
22385.3
22958.6
23698.5
24289.1
24708.1
25092.4
25427.4
26000.3
26396.2
27022.5
27398.1
28036.5
27964.4
28327.1
28074.8
27634.3
26766.2
25223.7
23804.4
21981.6
20285.6
18722.7
17289.1
15521
14071
12647.7
11366.8
10322
9696.8
9262.5
9269.7
9397.4
9643.3
10039.2
10468.4
11012.7
11741.6
12744
13506.4
14561.2
15637
16846.1
18017.6
19317.2
20579.4
21688.9
22886.2
24196.1
25331.3
26444.5
27665.8
29209
30464.4
31575.5
32726.1
33316.4
33323.1
33028.1
32831.3
31947.1
30773.8
29532.3
28202.3
26787.6
25356.3
23852.5
22073
20337.2
18515.7
16807.4
15183.7
13920.4
12627.6
11686
10813
10157.6
9422
8961.7
8512.9
8133.7
7823.6
7627.7
7629.4
7657.5
7748.1
8057.9
8209.1
8505.5
8908.5
9481.8
10093.3
10697.9
11331.4
12007.2
12836.1
13465.6
14098.3
14789.5
15403.5
15775.2
16199.8
16695.4
16800.8
17132.3
17425.8
17568.6
17692.7
17939
18001.9
17928.3
17864.9
17657
17473.3
17073.1
16853.9
16407.6
15874.7
15415.9
15072.2
14746.1
14587
14515.4
14547
14551.2
14498.5
14305.8
14189.7
13776.3
13642.7
12641.1
11798.4
11152.5
10607.8
9944.8
9255.3
8715.5
8173.2
7553.2
6892.5
6241.1
5750.3
5238.7
4635.8
4059.7
3539.6
3103.5
2864
2644.7
2472.2
2361.1
2366.8
2286.3
2394.4
2367.3
2405
2457.3
2563.7
2689.6
2828.3
2860.4
3032.5
3243
3249.6
3440.1
3653.4
3855.7
4011.4
4313.4
4399.4
4378.2
4455.4
4501.6
4609.8
4529.6
4492.2
4358.8
4249.6
4060.8
3875.9
3705.7
3579.9
3329.8
3328.4
2940.2
2722.3
2465.5
2366.7
2153.4
1968.8
1752.3
1615.8
1503.9
1440.7
1381.7
1373.5
1414.3
1356.1
1377.9
1433.7
1540.9
1610.8
1679.2
1728
1886.4
2000.8
2172.8
2317.6
2525.8
2743.8
2899.6
3136.4
3410.7
3745.7
4066.2
4271.5
4501.8
4640.9
4792.9
4926.7
4886.5
4851.5
4902.5
4865.8
4752.6
4727.8
4633.7
4391.3
4208.5
4076.5
3941.7
3634.3
3378.1
3022.7
2808.4
2628
2425.1
2136.5
1831.4
1753.8
1510.7
1427.2
1312.9
1269.5
1220.5
1188.6
1198
1148.2
1198.4
1154
1131.4
1120.5
1149.9
1166.9
1187.5
1290.7
1324.2
1321.8
1461.9
1480.2
1603.9
1700.2
1782.5
1942.3
2150
2420.7
2573.6
2792.6
2871.2
2971.6
3154.5
3153.7
3056.3
3040
3026.8
3093.8
3051.1
3302.1
2902.6
2853
2737.1
2701.9
2516.4
2375
2165.6
1908.5
1730.9
1650.5
1536.8
1260.1
1111.2
959.7
900
778.2
672.2
658.4
710
698.6
667.2
677
686.5
723
512.7
646.2
600.5
527.4
635.4
546.4
511.2
481.6
476.8
487.1
453
431.2
373
312.1
300.6
327.5
316.9
235.9
272.9
168.9
217.4
194.7
214
107.2
189.6
109.2
156.7
167.6
191.5
184.1
246.3
207
250.3
220.5
262.8
321.4
342.1
382
485.7
454.6
481.9
511.3
476.6
408.5
468.8
435.1
469.8
449.7
420.8
435.5
358.2
343.5
327.4
341.2
339.9
304.9
348.5
210.4
205.5
338.3
119.2
127.6
134.2
70.5
88.9
60.5
41.4
0
10.2
45.8
82
74.8
235.4
88.8
3.4
26.9
46.7
120.2
58.6
88.2
64.7
77.3
132.1
97.4
99
158.8
190
185.2
173.4
219.6
278.2
278.9
308.9
329.1
388.7
400.5
359.5
349
373
368.1
354
299.8
315.4
325.8
221.6
250
251.4
193.8
163.9
219.9
182.5
125.5
154.5
154.2
173.6
293
418.1
552.9
631.7
651.4
618
606.1
567.1
582.5
585.6
680.3
630.1
563.3
526.7
528.7
418.2
506
383.8
386.9
360.1
279.6
303.2
264.4
278
283.2
238.2
269.4
295
276.7
426.4
303.6
270.6
291.5
240.9
313.2
314.1
273.7
327.2
327.4
375.2
412.2
378.2
350.5
374.8
360.8
311.3
355.1
295.9
309.9
226.1
210
197.7
213.9
132.8
178