6494
5209.1
3324.8
1858.8
1222.5
1306.8
1607.1
1946.7
2360
3004.5
3845.8
4881
6250.7
7646.9
9539.8
11866.5
14494
17057.9
19113.1
18281.4
13578.4
7902.8
3280
1770.6
1967.4
2137.8
2438
2941.8
3624.5
4495.6
5568
7175.4
8814.3
10965.4
13577.2
16587.9
20239.6
24747
28881.7
31482.5
28267.2
19208.4
10050.7
3023.3
1298
1100.8
993.8
852.8
856.8
982.6
783.9
774.4
813.2
976.1
944.1
1071.4
1282.2
1426.4
1712.2
2047.2
2216.8
2425.9
2123.8
1710.1
1154.8
916.7
823.8
900.1
1094.1
1405
1798.4
2339.2
3032.7
3714.8
4473.2
5312
5916.9
6043
4912.3
3353.5
1936.6
1188.6
1153.8
1465.9
1468.4
1811.7
1961.9
2028.3
2661.3
3347.9
4389
5717.4
7254.9
8450.3
10200.3
12362.4
14010
14502.1
12017.5
8084.2
4365.9
1887.6
1604.2
1767.3
1974.1
2151.9
2511.6
2979.7
3615.6
4367.1
5349.4
6370.4
7760.7
9622.5
11659.8
13942.5
16602.9
20056.5
24656.3
27557.6
28184.3
23901.6
15925.4
8624.3
3202
1710
1587.9
1736.5
1730.5
2064.2
2246.9
2629.7
3135.5
3706.6
4571.6
5377.9
6580
7836.2
9445.4
11320.3
13619.2
16024.1
18727.4
22924.3
26999.2
28552
27310.8
20778.2
13183
6474.9
2585.9
2090.1
2173.2
2290.4
2499.3
2897.3
3301.9
3922.8
4576.4
5050
5144.9
4537.7
3456.4
2417.5
1542.5
1254.1
1266.5
1326.6
1469.1
1642
2017.8
2260.1
2811.1
3436.7
4152.5
4789.1
5498.8
6455.5
7697.7
8469.3
8359.9
7258.1
5238.7
3156.5
1634.2
1047.4
1017.6
1029.5
1098.8
1206.9
1336.6
1388.1
1513.6
1706.4
1989.3
2454.7
3197.8
3929.6
4989.1
5852
6796.6
7884.5
9569.4
11322.6
12420.2
12484.6
10909.1
7757.7
4645.5
2155.7
1262.4
1217.7
1170.9
1323.3
1375.9
1342.6
1484
1727.9
1753.6
1899.5
2165
2505
2892.6
3339.8
3952
4596.8
5364.7
6346
7281.1
8505.3
9794.5
11835.8
13519.5
13975.2
13041.6
10273.7
6816.8
3575.3
1388.1
800.6
691.6
689.9
643.9
700
705.7
880.4
945
973.8
1051.3
1162.6
1309.7
1499.4
1634.9
1926.9
2225.2
2549.3
2959.4
3385.6
3972.4
4589.3
5361
6216.6
7391.9
8778
9654.5
9652
8961.8
7385.9
5736
4217.9
3247.5
2761.8
2296.3
1541.9
956.3
867.4
637.2
696.8
622.1
601.8
638.7
641.7
758.8
857
919.4
1121.4
1282.7
1511.9
1762.6
2026.8
2317.8
2650.1
3176.8
3663
3934.2
3982
3450.3
2687.7
1683.1
820.3
408.9
291.8
232.9
247
304.6
353.3
330.7
419.2
470.7
441.1
780.8
495.9
553.3
663.7
806.6
1146.2
1128.9
1504
1779.1
2006.3
2369.1
2688.8
3147.4
3846.9
4645.4
4916.9
5037.4
4457.8
3519.7
2342.8
1294.6
771.6
723.6
726.8
714
668.9
639.1
626.1
518
516
457.9
484.6
523.9
547.9
585.7
673.6
774.8
795.9
972.3
1234
1196.8
1351.4
1609.2
1871.5
2129.2
2490.4
2788.8
3270.9
3826.7
4487.7
4789.1
4765.5
4390.6
3587
2540.3
1468.8
718.9
428.7
324.5
337.4
328.5
406.2
402.5
351.9
440.4
490.1
496.4
501.8
588.3
584.3
633.5
666.9
729
777.8
891.9
1139.9
1221.6
1419.4
1606.9
1935.2
2245.3
2451.1
2605.8
2730.5
2714.3
2558.4
2451.2
2418.4
2598.1
2699.8
2627.4
2381.1
2081.9
1546.2
1038.9
685.9
400.8
391.1
370.6
374.9
464.2
536.2
525.1
641
696.2
860
1038.8
1115.8
1214.9
1361.5
1581.5
1890.2
2139
2212.8
2125.3
1942.6
1528
1082.6
611.2
332.2
216.3
271.7
253.1
219.8
214.4
239
215.4
316.1
212.8
279.8
310.9
338.7
356.7
444.5
389.7
309.9
361.3
462.2
427.4
474.9
540.4
704
790.7
1071.5
1113.7
1285.1
1368.1
1555.3
1804.4
2120.9
2492.8
2598.4
2598
2508.3
2311.1
1934.2
1520.8
1279.6
1055.8
1045.1
975.9
949
744.4
646.6
513.2
307.1
257.9
206.6
327
248.2
434.5
606.6
667.1
728
807.7
867.7
667.7
563.4
441.1
428.5
560
579.9
646.5
707.2
815.7
788.7
949.6
1051.5
1064.1
1239.8
1336.7
1415.5
1573.5
1766.6
1883.5
1896.1
1742.5
1618.4
1445.7
1028.3
728.4
513.2
330
299.8
320.4
288.4
246.2
336
261.2
310.2
317
350
360
397.8
484.9
540.7
540
670.2
709.3
689.9
670.6
588.6
635.2
388.1
281.3
193.2
200.6
195.2
180
194.2
371
270.8
273
410.2
397.8
396.6
461.5
518.1
531.8
555.1
704.6
661.7
724.8
808.3
773.1
740.9
712.9
708.2
665.1
542.7
509.8
571
606.2
655.2
683
768
914.6
978.8
903.7
883.5
840.4
780.4
734.5
529.7
394.9
353.9
336
378.3
279.8
246.1
309.2
277
248.6
225.9
300.1
224.4
208.4
224.6
199.8
247
281.9
318.5
512.8
366.5
407
380.1
456.3
482.8
536.1
583.4
560.3
632.3
669.7
718
794.7
764.7
806.9
1047.4
1020.5
1089.9
1095.8
1223.4
1309.7
1457.1
1508
1550.8
1642.1
1579.3
1554.6
1530.8
1508.2
1368.3
1308.5
1201.6
1161.1
1057.1
910.2
786.4
719.1
608.7
595.6
543.2
531.2
455.9
407.8
463.9
416.4
392.3
272
249.1
243.6
282.3
368.3
420.7
482.7
303.8
255.6
267.8
256.2
226.5
290.4
250.3
194.2
207.3
237.1
280.3
220.8
267.3
304.1
274.1
241.5
237.1
393.1
295.9
237
271.1
345
317.5
342.3
516.3
506.4
424.7
418.6
425.7
370.1
347.1
396
321.5
384.5
474.2
512.4
623.1
707.8
881.2
901.4
985
1168.7
1254.4
1351.9
1372.5
1469.4
1542.5
1587.7
1563.2
1631.1
1652.7
1694
1689.5
1654.1
1689.6
1801.2
1729
1670.9
1695.6
1706.2
1793.6
1776.5
1814
1831.1
1868.6
1909.7
1855.8
1785
1749.4
1648
1644.2
1637.2
1700.2
1645.2
1793.2
1707.8
1732.4
1715.7
1765.1
1818.1
1845
1838.6
1798.7
1728.1
1813.8
1782.3
1749.9
1683.7
1780.3
1687
1695.9
1663.4
1620.2
1626
1638
1611
1556
1536.6
1464.4
1334.5
1268.7
1181.9
1175.9
1205.7
1171.4
1271.9
1234.4
1242.6
1293.8
1397.7
1429.4
1413.1
1403
1386.5
1289.8
1310.9
1193.6
1127.2
1115.4
1092.6
1001.2
913.5
934.5
880.5
863.8
949
1047.7
1033.6
979.3
1089.4
1004.5
944.1
923.2
954.9
954.3
924.3
912.7
859.3
917.5
845
847.7
800.6
860.2
899.9
1003.1
1045.3
1038.7
1008.5
979
973
987.1
913.3
876.7
756
859
550
500
503.1
372.4
376.4
404.6
381.1
386.8
421.1
451.6
390.2
479.5
455.5
448.2
457.8
484.7
532.5
570
578.5
540.3
569.1
713.7
631.5
688.4
701.3
744.8
771.8
813.9
829.1
868.6
918.5
922.1
974.8
949.8
1029.7
1179.2
1235.1
1372.6
1458.1
1644
1832
2040
2299.3
2683
3193.2
3612.5
4178.2
4639.7
5072.4
5195.2
5237.9
5376
5489
5569.4
5660.4
5827.3
5947.4
5926
5573.5
5234.5
4977.7
4741.1
4735.6
4807.3
5096.9
5682.8
6310.2
6962
7442.6
7762.1
7886.1
7921.8
8016
8044.4
8253.4
8251.3
8348.8
8413.3
8251
7496
6819.8
6246.1
5982.3
5719.2
5860.5
6297.2
6838.8
7389.6
8017.5
8632.5
8821.8
8939.9
8893.7
8906.6
9051.1
9260.9
9292.8
9490.7
9627.8
9240.9
8551.1
7580
6877.9
6338.5
6038.9
6024.4
6427.2
6961.3
7585.2
8144.5
8918.1
9290.1
9489.8
9417
9345.8
9292.6
9462.6
9888.2
9805.8
9929.6
9846.1
9358.5
8695
7387.8
6561
6012
5655.5
5705.5
6052.9
6390.6
6951.2
7503.9
8248.4
8709.9
8831.9
8777.7
8383.5
8307.6
8388.6
8766
8898.8
8897.4
8990.5
8470.1
8093.4
6918.7
6089.7
5356
4957.5
4993.5
5417.1
5645.5
6175.9
6717
7189.8
7983.3
8258.8
8469.9
8226.8
7879.5
7888.3
7847.3
8322.4
8438.2
8626.5
8623.3
8339.6
7902
6756.6
5931
5079.8
4727.4
4771.3
5038.4
5164.6
5510.7
5990.3
6405.2
7012.8
7535.1
7651.9
7536.5
7064.4
6768.1
6751.5
6927.9
7271.8
7247.5
7173.2
6991.9
7088.1
6165
4917.6
4130
3392.7
3044.4
2940
3052.4
2969.1
2914.6
3050.9
3272.4
3735.3
3766.5
3951.9
3863.8
3627.4
3472.3
3495.7
3549.8
3946.1
3940.5
4120.2
3831
3726.9
3480.7
2903.7
2366
1939.8
1815.1
1861.3
1936.6
2019.5
2101.3
2072.9
2257.4
2456.3
2690.5
2711.3
2776.8
2564.3
2429.4
2298.2
2271.8
2459.8
2507.1
2434.8
2366.7
2346.1
2217.7
2097.5
1768.4
1453.3
1388.6
1351
1322
1378.7
1465.3
1556
1734.2
1920.9
2212.7
2577.4
2743.1
3030.2
3189.9
3332
3295.9
3124
3132.9
3108.6
3210.7
3246.2
3321.9
3301.6
3059.9
3012.2
3018.3
2877.1
2374.5
1971.8
1910.1
2070.6
2074.5
2036
2078.6
2246.1
2518.7
2877.7
3311.5
3705.9
4184.3
4789.1
5132.7
5595.1
5684.3
5676.5
5332.1
5074.9
5240.5
5368
5487.5
5737.1
5678.2
5375.5
5072.9
5160.1
5019.8
4345.4
3398.7
3002.9
3109.8
3205.2
3182.2
3077.4
3216.2
3376.2
3822.2
4204.8
4856.2
5454.4
6226.8
6921.7
7531.4
8056.4
8369
8171.8
7752.4
7242.5
7477.7
7918.3
8056.8
8301.9
8303.4
7874.3
7401.3
7414.8
7433.8
6485.2
5120.4
4297.6
4394
4634.2
4581
4352.3
4372.6
4467.2
4887.9
5401.2
6028.8
6744.7
7501.9
8594.1
9434.9
10330.8
10826.3
11106.5
10851.8
10255.6
9714.5
10081.5
10495
10848.2
11274.6
11194.8
10759.4
9964.3
9958.6
10079.2
8948.8
6967.6
5696.8
5750
5889.1
6011.9
5787.8
5787.7
5779.2
6239.4
6858.2
7557.3
8553
9501.7
10669.6
11948.9
13036.5
14076.2
14695.6
14791.7
14375.2
13595.2
13187.7
13532.8
14168.4
14529.6
15084.1
15069.3
14339.6
13402.4
13479.3
13430
12113.9
9753.1
7998.6
7971.3
8650.9
10895.9
15590.8
18770
18869.9
14805.2
11445.4
10804.8
11321.2
12472.2
13762.2
15311.9
16673.9
18030.5
19026.2
19850.1
19648.4
19073.4
18044.7
17786
18290.8
18921
19580
20090.3
19911.3
19134.5
18021
17900.4
17539
15603.5
12612.4
10239.8
9378
9292.3
9268.3
8971.7
8581.3
8289.6
8288.3
8662.6
9308
10159.6
11154.4
12353.1
13633.2
14850.1
16208.9
17149.7
18188.7
18477.3
18279.9
17688.5
16865
16637
17025.9
17310.5
17878.5
18111.5
17783.8
17154.1
16586
16003.9
15422.8
13764.9
11289.4
9154.1
8033.2
7530.9
7318.4
7124.9
6636
6390.4
6082.8
6141.6
6409.5
6782.5
7225.4
8024.3
8768.1
9537
10454.1
11138
11862.1
12240.3
12515.3
12395.9
12054.5
11607.9
11482.7
11526.9
11787.1
12004.1
12159.3
11944
11632.7
11247.2
10751.1
10101.9
9173.2
7667.4
6318
5382.2
4725.6
4352.9
4064.1
3733.8
3436.7
3190.2
2962.2
2896.2
2937.6
3163.2
3313.4
3477.4
3920.4
4045.3
4370.2
4611.7
4894.7
5017.6
5108.6
5070.9
4942.3
4839.4
4798.2
4808.3
4705.7
4913.2
4809.8
4809.7
4627.4
4584.5
4274.4
4049.6
3634.4
3116.8
2686.4
2246.1
1821.8
1563.9
1341
1156.6
1051.7
890
669.9
655.4
501.5
429.4
437.7
326.4
331.1
305.6
374.8
361.3
318.5
304
248.3
277.2
255.4
250.1
270.8
354.9
229.3
271.6
295
399.2
265.1
284.3
332.7
351.1
408.5
330.9
498.5
390.3
338.2
353.4
402.5
360.2
496.4
418.5
419
366.8
430.8
548.3
550.8
656.8
668.9
643.5
691.9
635.7
642.3
596
639.6
679.2
820.6
714.4
725.9
771.3
828.4
926.2
926.6
969.8
995.4
1101
1182.5
1420.3
1487.2
1607.2
1735.2
2001.9
2171.7
2341.2
2470.2
2706.7
3034.5
4388.9
5537.2
5191.8
3626.1
1636.7
1167.6
1155.9
1343.5
1237
1302.4
1459.8
1608.5
1774.9
2058.6
2219.3
2500.7
2906.5
3204.9
3695
4131.5
4689.2
5277.1
5956.3
6654.9
7441.5
8219.8
9190.7
10274.4
11313
12450.6
13546
14596.9
16637.3
20962.1
26299.9
28787.6
25742.8
17511
9468.9
5293.8
3738.5
3272.4
2968.5
2816.7
2537.4
2416.9
2408
2335.9
2434.6
2330.9
2501.6
2366.9
2486.4
2543.3
2728.7
2830.7
3095.8
3290.7
3579.1
3878.1
4148.7
4478
4851.1
5275.7
5695.3
6115.2
6449.6
6834
7054.1
7428.3
7481.7
7709.9
7892.3
7891.7
7982.3
8047.3
8149.2
8228.9
8090.3
8160.6
8170.6
8126.7
7933.4
7716.1
7555.6
7325.2
7000.7
6828.9
6452.3
6228.9
5947.9
5703.9
5413.7
5159
4989.4
4841.6
4886.6
4889
4962.9
5257.4
5398.2
5728.6
6059.9
6615
6981.8
7533.5
8182.5
8922.6
9629.8
10347.1
11226.5
12053.4
12819
13482
14008
14317.9
14651.1
14775.7
14958.4
14969.6
14964.3
14957.8
15026.2
15063.1
14985.3
14841
14820.6
14732
14699.1
14292
13931.5
13547.2
13338.3
13058.4
12564.7
12117.3
11773.2
11362.3
11128.7
10789.1
10679.3
10760.9
10850.8
10913.4
11000.8
10960.8
11081.5
11067.8
10978.9
10915.3
10924.1
10992.2
11010.7
11260.7
11443.7
11896.9
12661.1
13245.6
14098.8
14996.2
15959.6
16868.9
17587.2
18424.8
19149.5
19790.9
20597.3
20947
21530.9
22187.6
22700.7
23147
23463.7
23863.9
24332.6
24703.8
25339.3
25750.8
26238.2
26361.7
26480.7
26262.7
26083.4
25238.7
24011
22705.2
21098.8
19626.1
18120.3
16875.1
15317.4
13860.5
12516.9
11336.3
10260.1
9468.6
8908
8875.3
8987.8
9152.8
9435.2
9771
10325.7
10995.5
11904.7
12559.4
13577.7
14611.2
15664.3
16733.9
17902.7
19197.1
20181.5
21277.2
22485.4
23504.3
24542.2
25765.3
27209.9
28303.4
29406.4
30589.2
31170.5
31317.2
31136.3
31069.7
30253.9
29258.1
28176.4
26904.5
25632.5
24315
23009.9
21550
19926.8
18162.7
16507.3
15007.8
13600.6
12340.9
11453.8
10506
9844.1
9221.9
8666.1
8236.4
7852.3
7498.4
7329.5
7260.4
7271.7
7292.8
7561.2
7725.6
7965.4
8344.5
8780
9452.8
9928.1
10488.4
11181.7
11974.6
12488.2
13200.6
13743.2
14297.1
14824.1
15095.5
15569
15804.5
16080.3
16457.5
16516.1
16663.9
16859.4
16904.1
16952
16893.1
16703
16601.4
16205.4
15995
15649.9
15146.5
14704.2
14241.5
13982.8
13695.1
13555.3
13605.7
13573.1
13518.2
13317.4
13126.5
12845.8
12851
11845.5
11092.2
10469.3
9865.3
9340.7
8679.6
8146.7
7634.4
7179.9
6529.1
5948.4
5459.8
5026.9
4479.5
3963.2
3429.5
3002.6
2731.3
2499.3
2336
2149
2199.6
2068.2
2145.6
2142.9
2140.2
2232.7
2268.7
2429.6
2574.5
2603.9
2740.4
2946
2895.5
3111.6
3261.3
3447.2
3624.6
3896.3
4011.3
4035.4
4021
4081.9
4172.7
4143.4
4130
4031.1
4021.8
3731.7
3573.2
3474.4
3313.8
3130.2
3172.2
2770.9
2604.4
2365.2
2268.5
2019.9
1889.8
1656
1546.1
1414.6
1311.1
1314.8
1304.9
1317.6
1224.9
1229.4
1256.4
1413.9
1447.7
1478.8
1542.7
1667
1760.6
1905.9
2064.4
2278.4
2485.6
2567.7
2818.8
3040.1
3295.8
3646.2
3814.1
4057.3
4205.7
4317.7
4539.9
4461.7
4488.4
4551.8
4484.7
4477.4
4385.8
4366.1
4095.4
3964.6
3873.2
3704.4
3492.7
3246.5
2965.4
2689.1
2556.5
2383.6
2076.8
1784.3
1688.3
1463.6
1357
1243.4
1139.5
1169.7
1087.6
1087.2
1056.6
1107
1060.2
1009.4
1012.9
1034.8
1057.3
1093.1
1165.8
1203.6
1202.2
1329
1313.7
1439.8
1498.3
1638.2
1730.5
1944.5
2167.9
2306.9
2505.6
2574.5
2681.1
2954.6
2918.6
2818
2799.1
2812.2
2874.9
2855.2
3135.8
2734.7
2677.3
2586.4
2511.1
2398.6
2291.5
2152.1
1862.1
1641.4
1597.7
1537.4
1278.5
1117.4
971.6
890.6
748.1
579.7
605.5
645.6
652.3
617.1
618.2
614.4
648.5
444.6
605
543.1
478.9
583.4
505.7
455.3
425.6
418.1
448.5
423.5
438.2
335.9
282.5
293.1
309.9
302.1
223.6
308.2
174
242.1
212.2
192
107.6
207.6
72.3
153.4
169.4
139.4
162.8
216.2
186.2
232.5
182.1
239.2
298.4
305.7
388.4
441.6
383.5
459.7
481.9
399.5
369.2
459.4
397.9
463.4
399.1
392.6
399.4
371.9
333
321.4
344.4
348.7
291.3
409.4
207.7
213.2
419.6
141.8
125.6
153.5
75.5
102.2
66.1
37.7
0
1.4
83.7
65.5
114.4
282.4
76
19.8
53.9
70.1
127.9
94.4
59
96.9
100.4
146.9
106
121.9
171.9
186.2
206.2
187.6
210.2
279.9
289
304.5
319.6
366.3
404.3
349.6
350.5
390.1
385.5
410.5
330.3
397
352.6
250.1
255.7
313.1
234.2
201
248.9
233.7
176.6
192.5
154.4
160.3
241.3
385.3
558.2
593.8
639.8
592.8
602.9
514.4
542.6
527.7
680.9
652.6
542.9
524.9
557.5
433.7
564.8
394.7
423
389.4
348.3
374.1
305.8
333.3
315.9
296.3
323.3
325
311.3
542.6
359.2
326.4
336.3
292
370
422.8
334.7
369.6
356.1
421.4
463.3
445
367.2
437.9
419
355.6
384.2
320.1
331.8
295.3
260.6
270.5
286.6
208.1
262.7