NaN
5651.9
3790.3
2095
1331.7
1324.2
1563.7
1926.8
2347.7
2915.7
3706.1
4632.3
5963.2
7585.8
9278.5
11424.1
14065.5
16811.3
19110.8
19061.9
14618.2
8935.7
4191
1922.6
1827.1
2154.9
2419.7
2885.6
3508.8
4401
5382.8
6747.1
8612.6
10634.1
13150.2
16086.6
19769.3
24132.2
28832
31432.9
29458.8
20868.9
11561.2
4078.6
1407
1129.1
1073.5
976
848.6
877.6
994.2
842.6
840.5
882.8
1103.7
1110.6
1286
1538.5
1774.7
2128.3
2464.3
2465.7
2390.7
1800.4
1379.2
959.9
981.4
1013
1165.2
1400.7
1915.2
2417.8
3032.3
3748.9
4513.8
5420.1
6092.2
6282.6
5315.9
3690.7
2313
1357.2
1241.9
1322.1
1646.5
1680.2
2009.4
2230.1
2549.1
3415.3
4432.8
5627.2
7072.3
8700.7
10279.3
12583.6
14280.5
14716.5
12608
8749.7
5126.7
2358.8
1658.9
1778.2
1979.9
2290.8
2525.6
3020.6
3593.8
4349.3
5244
6418.6
7655.8
9398.6
11516.7
13824.8
16509.2
20068.6
24400.9
27636.7
28285.9
24666.9
17366.3
9969.5
3956.1
1900.2
1724.6
1720.2
1918.7
1998.4
2349.9
2598.8
3096.9
3683.3
4397
5419.1
6354.8
7759.7
9321.3
11073.4
13308
15793.6
18562.4
22640.7
26645.5
28638.5
27239.9
21901.2
14307
7666.6
3073.2
2230.1
2248.2
2417.6
2628
2951.3
3379.3
3943.3
4753.6
5249.4
5326.1
4845.9
3792.4
2644
1756.5
1329.2
1359.6
1419.2
1524.5
1688.8
1960
2457.8
2875.7
3471.6
4202.5
4895.3
5574.2
6561.2
7701.6
8555.8
8572.8
7642.8
5734.5
3683.4
1923.5
1225.8
1123.3
1144.7
1158.9
1282.2
1330.6
1512.7
1582.5
1728.2
2041.6
2481.5
3141
3940.1
4819.1
5844.8
6729.8
7831.3
9409.1
11252.3
12490.2
12444.9
11293
8367.2
5303.4
2641.1
1424.4
1254.2
1322.6
1316.3
1423
1499.5
1529.8
1633.3
1899.9
1986.4
2207.3
2483.9
2861.8
3312.1
3865.8
4527
5216.2
6086.7
7183
8249.7
9741.8
11592.8
13254.1
13842.3
13032
10813.8
7419.5
4176
1689.6
871
795.3
729.9
720.9
715.3
802.7
766.3
995.6
1033.1
1132.4
1199.6
1348.3
1503.6
1762.4
1904.1
2278.3
2542.6
2933.1
3404.6
3886.5
4505.9
5279.1
6078.6
7229.8
8592.6
9442.8
9685.5
9001.3
7762.9
6108
4511.7
3473.6
2901.7
2338.9
1818.9
1085.3
786.9
851.8
673.3
727.1
697.6
671.2
689.5
758.8
919.6
1017.4
1156.8
1367.7
1566.6
1802.4
2072
2328.8
2675.1
3178.2
3777.6
3958.1
3948.2
3724.1
2830.7
1959.8
1023.9
508.7
386.9
372.4
339.7
331.5
399.9
407.2
414.5
477.4
520.9
556.7
831
594.7
706
833.5
1000.7
1373.1
1401.9
1758.4
2082.5
2365.3
2754.5
3168.5
3828.2
4558
5004.9
4898.9
4698.6
3728.6
2597.9
1586.8
889.6
745.7
796.7
766.5
738.4
644.8
613.9
615.4
531.1
553.2
562.9
564.9
619.6
669.7
677.8
783.2
901.1
928.8
1095.5
1418.6
1407.9
1625.3
1862.1
2124.5
2461.6
2797
3248
3843.6
4459.5
4822.9
4732.8
4429.4
3770.2
2786.5
1732.9
894.1
496.4
450.7
389.9
425.5
432.8
477
436.4
479.1
525.6
547.5
582.2
591.6
697
742.7
755.8
789.4
871.1
954
1100.6
1342.8
1417.4
1673.4
1927.4
2348.9
2563.5
2666.2
2726.6
2787
2665.8
2510.6
2534.7
2592.6
2693.4
2624.9
2441.2
2114.6
1713.7
1149.3
731.3
580.9
482.7
467.2
463.3
472.9
588.5
654.4
727.2
811.3
902
1043.8
1212.7
1319.9
1453.6
1617.9
1993.1
2207.9
2282.3
2151.1
2018.7
1716.2
1201.6
774.9
432.1
307.2
296.7
310.5
273.2
299.4
259.8
313.3
301.7
421.7
304.3
341.2
402.7
409.7
424.7
474.6
432.9
386.1
417.1
532.6
528.4
637.1
736.2
880.1
972.5
1238.7
1268.7
1498
1610
1854.6
2186.8
2471.8
2665.3
2608.6
2541.5
2443.1
2067.6
1670.6
1307.7
1170.1
1037.2
1020.8
943.6
876.5
687.9
568.2
455.7
325
305.9
310.6
411.8
482.4
627.1
704.7
718.4
804.5
852.4
820.1
636.9
545.2
550.1
555.4
672.9
702
782.2
831
917
948.1
1135.7
1189
1197.6
1423.6
1515.7
1622.6
1814.2
1947.4
1899.3
1805.3
1658.2
1514.6
1244.1
827.7
624.3
459
398.6
342.6
381.5
348
346.3
383.6
337
401.1
386.6
465
436.8
510.9
613.3
704.6
733.8
770
752.3
726.6
669.5
596.4
577.8
365.8
263.6
266.8
282.4
277.9
289.8
313.8
451.5
381.7
387.7
483.5
454
504.8
545.4
622.9
654.4
736
819.8
821.5
853.6
877.8
809.9
783.6
737.3
706.9
695.1
607.4
625.9
701.9
712.9
798
861.8
953.7
1029.4
1002.6
948.2
920.2
842.9
769.7
687.2
490.4
424.7
372.7
370.7
418.1
315.2
313.3
343.4
330.4
332.7
282.9
389.6
274
287.2
303.1
285.9
320.3
379.4
384.3
597.6
458.4
512.1
493.6
551.5
590.6
636.6
663.1
681.2
728.7
796
792.7
910.9
914
964.7
1198
1157.6
1237.4
1248
1429.6
1489.6
1572.7
1597.6
1661.5
1682.3
1648.1
1593.8
1546.4
1512.9
1319.9
1254.7
1193.8
1122.2
1004.4
887.3
802.3
707.3
655.6
627.7
564.6
561.5
455.1
415.1
483.8
451.1
409.2
348.7
357.8
337.2
338.4
433.5
468
528.2
369.2
314.8
348.4
298.4
303.4
341.4
304.6
303.3
293.6
323.8
314.1
294.8
299.2
339.9
332.2
307.8
322.6
440.7
368.2
321
344.5
462.7
429.2
460.7
557.9
551.7
499.3
471.5
457.1
384
398.3
488.3
446.9
531.9
627.1
681.7
796.1
900.1
1048.4
1056.2
1194.9
1368.5
1431.3
1492.8
1530.5
1601.7
1700.1
1704.8
1701.7
1743.7
1807.5
1770.6
1808.7
1754.3
1825.6
1914.7
1822.9
1795.1
1799.7
1864.3
1913.2
1942.2
1954.9
1965
1985.8
1996.4
1924.9
1872.7
1859.4
1772.2
1710.3
1722.1
1784.8
1780.2
1884.9
1822.9
1868.9
1851.5
1861.7
1890.2
1925.5
1881.5
1852
1814.8
1905.5
1824.5
1819.3
1762.4
1822.6
1746.4
1797.7
1708.8
1737.7
1721.8
1738.9
1658.4
1574.7
1529.2
1480.6
1328.1
1305.5
1251.6
1271.9
1270.9
1280.7
1407.2
1326.1
1367
1421.6
1539.8
1548.6
1548.6
1440.6
1437.5
1332.8
1334.2
1202
1169
1163.6
1120.6
1026.3
999.9
1012.6
942.1
983.3
1046.9
1123.8
1080.8
1062.3
1107.4
1052.7
1014
1026.9
1031.7
1013.9
964.8
979.1
917.1
903
888.5
900.7
879.7
972.4
990.2
1086.9
1089.5
1086.9
1067
992
989.8
1000.7
919.9
854.8
735.8
812.6
542.3
519.8
539.2
449.1
462.1
497.5
475.5
487.9
460.8
534.8
462.6
592.3
548.4
537
550
572.2
641.8
653
648.2
676.3
692.2
802.8
714.8
802.5
809.3
862.9
880.8
894.6
925.3
969.3
1029.4
1021.4
1059.8
1078.6
1242.1
1394.3
1456.6
1602.1
1698.1
1907.7
2143.7
2413.2
2772.7
3259.9
3831.4
4273.6
4814.2
5112.8
5384.4
5468
5599.7
5673.6
5838.9
5856.6
5969.6
6154.3
6075.8
5858.2
5368.7
5190.1
4965.7
4866.6
5059.3
5285.4
5875.7
6435.5
7171.1
7608.2
7902.4
8091.5
8113.7
8246.5
8435.8
8386.5
8482.8
8628.2
8596.1
8301.7
7835.1
6958.7
6580.9
6162.2
5946.4
5992.4
6421.1
6997.8
7535.8
8248.1
8660.2
9026.4
9126.8
9067.3
9155.4
9293.4
9589
9578.7
9687.4
9785.9
9432.3
8808.2
7791.6
7084.1
6566.7
6232.6
6198.4
6531.2
7117.2
7715.3
8399.7
9067.5
9424.3
9603.9
9608
9549.4
9591.5
9781.7
9974.2
10056.2
10127.7
10112.6
9536.5
8725.1
7732.2
6795.1
6199.8
5887.3
5865.6
6150.2
6587.1
7103.8
7639.8
8311.2
8781.9
8991.7
8834.4
8703.4
8503.5
8532.4
8897.1
9026
9067.3
9187.7
8772.4
8084.5
7192.7
6175.3
5649.8
5131.4
5153.6
5399.1
5859.7
6211.1
6748.5
7365.2
7970.8
8441.2
8527.3
8354
8116.3
7973.1
8052.6
8503
8606.2
8669.9
8921.5
8471.9
8003.1
6930.2
5975.8
5490.2
4853.8
4881.4
5088.8
5327.2
5575.3
6031.6
6547.2
7092.8
7544.4
7813.1
7609
7250.7
6945.5
6826
7020
7423.4
7348.2
7308.2
7210.9
6863.8
6489.4
5006.6
4235.1
3565.3
3171.7
3074.3
2962.2
3080.1
3071.9
3131.4
3312.9
3628.8
4029.3
3936.2
3935.9
3762.7
3571.8
3511.2
3657.9
3968.5
4116
3985.1
4120.5
3828.2
3609.2
2985.4
2494.8
2076.7
1890.8
1981.9
1990.9
2058.5
2137.5
2263.4
2320.8
2514.2
2779.8
2861.1
2786.5
2707.8
2562.5
2443.6
2474.5
2490.9
2651.7
2531.3
2437
2447
2381.3
2096.2
1855.3
1582.6
1398.9
1488.2
1470.3
1448.2
1522.8
1674.4
1813.7
2034.6
2241.6
2611.3
2945.9
3103.8
3395
3443.7
3395
3256.5
3190.4
3294.4
3320.9
3464.5
3419
3405.4
3184.8
3145.6
3110.6
2911.6
2537.3
2128.6
2002
2090.1
2156.1
2158.9
2185.6
2316.9
2616.8
2945.9
3391.3
3853
4307.2
4856.9
5305.7
5649
5911.9
5733.2
5508.8
5204.3
5399.5
5571.1
5682
5873.1
5791.5
5573.5
5286
5295.2
5178
4402.9
3530.8
3115.8
3229.7
3318.7
3226
3249.1
3203.2
3535.5
3840.9
4385.4
4949.9
5556.7
6288.4
7139.4
7635.8
8170.9
8543.5
8301.4
7975.4
7448.4
7690.2
8054.2
8190.1
8610.3
8418.1
8110.6
7493.5
7612.9
7576.6
6699.6
5208.3
4425.1
4521.7
4625.3
4713.3
4475.6
4430.2
4520
5009.4
5454.3
6172.4
6863.2
7722.7
8645.1
9618
10330.2
11040.2
11214.4
11035.9
10421.5
9852.9
10211.4
10741.1
10944.6
11559.4
11417.9
10844.1
10141.6
10133.4
10183.4
9115.3
7162.2
5724.3
5885.5
6095.3
6089
5861.9
5863.2
5938.2
6300.3
6957.4
7668.2
8630.4
9580.2
10835.7
12012.8
13185.1
14126.5
14932.8
15133.7
14586.2
13835
13252
13768.5
14311.6
14757.7
15251
15262.6
14646.7
13588.6
13514.5
13753.1
12389.7
9758.1
8006.2
7894.7
8573.6
10667.5
15209.6
18434.7
18544.9
14626.3
11198.6
10753.3
11433.6
12393
13854.9
15413
16972.6
18150.1
19218.7
20018.3
20046.2
19277.7
18150
17861.3
18543.8
19082.1
19855.8
20312.2
20226.2
19442.2
18265.5
18010.2
17739.6
15957.9
12705.8
10293.5
9513.3
9398.9
9359.3
9082.1
8752.2
8342
8347.8
8757.7
9382.2
10187.6
11247
12408.2
13720.8
15079.9
16269
17403.5
18184.4
18778.5
18437.3
17751.9
16947.7
16647.2
17077.3
17675.6
17998.3
18305.1
18196.2
17346.8
16610.6
16236.4
15583.3
14073.9
11468
9117.7
8044.5
7534.8
7417.5
7049.2
6853.2
6328.8
6256.7
6137.6
6420.1
6829.4
7376.1
8052.2
8783.8
9706.3
10444.9
11318
11955.4
12463.3
12626.6
12632.4
12159.9
11774.9
11438.1
11581.1
11917.5
12157.2
12306.5
12215
11733.8
11348.9
10854.6
10349.8
9202
7859.6
6322.3
5368.5
4827.6
4420.1
4038.2
3796.5
3427.3
3194.9
3026.9
2959
2990.2
3082.9
3379.7
3544
3800.3
4222.8
4399.3
4764.5
4951.3
5115.1
5176.6
5139.5
5040.8
4834.2
4769.3
4801.5
4902.4
4793.4
4987.1
4865.2
4794.3
4585.4
4431.6
4145.3
3712.6
3191.5
2618.1
2238
1910
1554.9
1370.6
1181.1
1065.2
938.9
781
616.5
621.9
467.8
437.5
427
344.5
379.9
351.8
399.2
398.5
364.3
347.1
332.2
328.7
346.5
324.8
335.5
378.9
302.8
323.4
316.2
437.2
338.4
348.1
366.7
417.7
471.6
361
562.1
444.7
417.2
387.1
465.2
412
523.6
488.3
505.9
454.5
547.5
652.9
686.1
778.2
719.2
678.1
707.1
698.2
720.6
684.4
746
752.6
911.7
820
824.5
888.7
917.4
1025.7
1043
1107.2
1160
1256.6
1370.5
1658.3
1699.5
1832.8
1938.2
2242.3
2446.8
2592.1
2783.8
3171.8
4522.7
5751.1
5369
3705.9
1650.2
1274.7
1208.5
1252.1
1440.2
1416.1
1508.4
1699.9
1857.4
2065.8
2358.8
2592.2
2896
3328.5
3730.3
4249.4
4729.6
5365.3
6016.3
6758.4
7533.5
8413.7
9357.2
10381.6
11550.5
12643
13814
14879.9
16654.6
21059.8
26876.6
29806.9
26310.6
17391.7
9136.7
5040.4
3819.2
3300.5
3010.4
2811.5
2697.4
2478.3
2376.7
2435.7
2338.3
2465
2400.9
2539.5
2486.3
2650.1
2716.5
2896.9
3107.8
3330
3595.9
3903.6
4264.5
4598.3
4925.8
5368.9
5772.1
6242.2
6624.6
6924.4
7222.1
7347
7691.3
7806
7980.3
8053.7
8047.6
8174.1
8257.7
8285.1
8255
8220
8264.7
8239.7
8065.2
7826.1
7611.3
7481.1
7159.5
6867.5
6578.8
6263.6
6027
5714.7
5407.2
5269.4
5031.4
4876.9
4845.7
5005.5
4999.3
5203.2
5517.2
5810.4
6169.1
6550.6
7183.3
7640.9
8312.9
8980.2
9733.1
10512.3
11294
12257.2
13056.8
13660.6
14140.7
14514.9
14713.6
14983.4
15175.2
15206.8
15046.3
15080.8
15139
15187.6
15113
14907.9
14905
14891.9
14782.8
14439.2
14000.9
13720.7
13434.9
13187.6
12691.6
12205.5
11789.6
11514.2
11188.9
10965.4
10663.6
10832.1
10937.8
11083.9
11076.3
11128
11175.3
11161.2
11063.9
10872.4
10886.8
10978.5
11113.5
11200.4
11582
11938.4
12522.4
13427.7
14226.7
15110.9
16076.5
16917.1
17901.9
18502.9
19189.3
19948.6
20652.3
21340.7
21621.5
22185.4
22769.4
23495.4
23711.9
24015.3
24341.8
24940.9
25337.6
25915.4
26300.5
26601.6
26643.2
26605.6
26104.1
25426.9
24294.9
22737.5
21245.1
19654.6
18136.1
16624.3
15254.6
13732
12437.2
11232.8
10189.8
9378.8
8981.9
8747.5
8892
9153.1
9457.7
9870.9
10337.1
10989.6
11774
12712
13505.8
14598.3
15670.7
16841.8
18006.5
19143.9
20390.5
21415.2
22505.6
23730.7
24758.7
25885.5
27125.2
28518
29475.1
30477.5
31185.7
31631.6
31321.1
30873.8
30536.2
29452.2
28126.9
27049.6
25738.8
24371.1
22900.3
21375.9
19726
18136.8
16463.8
14863.3
13483.8
12365.8
11310.8
10486.6
9697.9
9185.6
8675.4
8180.8
7837.9
7551.8
7285.7
7256.6
7263.8
7314.3
7529.9
7839.7
8050.6
8348.8
8800.2
9351.2
10061.4
10576.2
11184.1
11945.3
12782
13298.5
13904
14437.1
14840.3
15308
15627.6
15974.7
16159
16482.6
16719.7
16773.3
16932
17043.2
17008
16904
16885.2
16627.3
16418.5
16038.9
15671.6
15205.8
14707.5
14391.9
14076
13869
13794.9
13864.1
13875
13776.5
13701.7
13421.9
13259.3
12774.2
12550.1
11483.8
10770.6
10201.3
9618.7
9056
8434
7904.8
7392.2
6748
6178.1
5605.6
5096.3
4670.2
4009.7
3477
3098.9
2752.3
2520.9
2325.6
2243.3
2123.2
2191.9
2140.8
2247.9
2236.5
2284.4
2366.7
2467.2
2565.8
2712.5
2740.7
2885.2
3066.1
3113.4
3340.4
3575.4
3737.2
3895.4
4095.9
4134.4
4133.2
4189.7
4225.8
4244.6
4145.2
4073.6
3910.7
3883.7
3644.3
3458
3319.9
3204.7
3012.6
3003.5
2565.3
2340.8
2135.9
2099.6
1846.5
1671.1
1497.4
1400.5
1353.9
1265.1
1275.5
1279.1
1311
1271.1
1288.8
1301.8
1458.8
1527.8
1581.9
1674.9
1824.9
1959.5
2107.9
2240.5
2467.9
2686.2
2766.8
3043.3
3388.5
3634.1
3927.7
4076
4297.5
4357.7
4408.8
4623.9
4517.4
4527.3
4514.8
4459.7
4408.2
4323.8
4215.2
3966.7
3805.7
3697.5
3538.9
3178.8
2900.8
2702.5
2497
2331.6
2119.5
1849.8
1588.5
1504.5
1285.1
1266.7
1171
1108.6
1105
1091.2
1100
1052.1
1063
1050.8
1033.6
1025.2
1049.7
1087.6
1043.2
1191.3
1243.7
1220.1
1382.5
1397.1
1519.8
1637.7
1724.4
1880.9
2103.4
2347.2
2456.6
2710.3
2722.1
2758
2965.3
2938.5
2819.8
2735.9
2774.6
2828.5
2829.1
3082.1
2615.6
2493.6
2451.9
2408.9
2225.6
2041.1
1868.8
1679.4
1524.8
1446.9
1301.6
1022
943
820.9
758.1
655.3
533.5
577.7
637.2
638.2
615.1
614.8
633
645.8
469.1
575.2
580.5
485.3
578.8
484.7
414.2
424.6
399.1
412.9
374.4
355.8
273
224.6
261.5
264.9
269
160.4
234.7
112.1
173.9
141.2
154.4
58.7
193.4
66.9
123.5
172.1
149.2
138.3
220.5
194.4
244.5
212
240.4
307.9
313.4
425.4
481.9
410.2
451.7
448.6
412.8
373.2
433.4
379.1
441.7
371.8
370.3
363.4
307
258.3
255.9
290.3
299.5
230.2
339.3
122.3
144.3
298.5
69.1
75.7
102.4
55.6
63.3
27.8
12.1
2.8
0
46.1
41.9
47.8
243.9
59.1
3.8
20.6
18.3
119.8
34.5
33.1
63.8
83.5
120.9
86.1
68
146.2
182.5
199.7
163.2
193.8
299.3
309.5
299.2
316.1
360.9
367.9
349.1
301.4
371.5
348.5
352
268.1
303.3
295.1
208.5
205.8
217
174.4
144.5
237.2
175.1
131.2
161.5
164.8
216.3
307.9
484.7
634
634.1
609.4
580.9
559.1
542.9
525.5
570.3
658
650.9
498.4
476
479
370
465.3
351.6
354.2
339.4
262.8
302.4
235.1
238.8
279
232.1
273
277.4
271.9
453
284.9
274.9
279.4
250.5
291.6
347.9
253.8
325.5
346.8
377.3
415.9
394.2
383.7
399.7
363.8
311.3
334.1
247.5
290.9
183.5
181.3
188.5
183.4
121.9