NaN
NaN
NaN
3153.4
1816.8
1416.7
1700.5
1926.6
2310.5
2866.4
3574.2
4414.5
5559.7
7110.8
8809.7
10936.1
13331.8
16143.7
18712.6
19592.1
17035.1
11690.3
6447.5
2887.5
2100.7
2140.6
2474.4
2885.3
3452.8
4176.1
5129.3
6415.6
8047.1
10045.7
12625.8
15264.9
18877.5
23137.9
27794.9
31055.7
30860.6
24660.8
15664.7
7466.6
2344.3
1376.7
1220.5
1128.8
1095.6
1069.3
1010.3
1046.8
1123.9
1077.1
1083.5
1234.5
1505.1
1602.5
1883.9
2190
2492.1
2652.3
2647.2
2170.8
1727.1
1250.7
1106.4
1152.7
1343
1536
1942.8
2493.9
3083.2
3754.3
4565.7
5456.5
6122.8
6358.7
5838.3
4505.9
3015.7
1832.2
1424.9
1479.5
1637.7
1731.4
2034.3
2187.2
2723.3
3376.3
4228.8
5576.9
6958.4
8315.2
10359.1
12573.4
14105.9
14467.8
13358.2
10250.7
6620.5
3538.4
2059.5
1966
2080.7
2319.1
2677.6
3135
3585.7
4295.6
5183.6
6304.9
7590.9
9362.7
11287.6
13566.3
16231.5
19953.3
24154.6
27021.6
27574.5
25459.9
19903
12697.1
6377.3
2549.8
1862
1872.3
1988.1
2144.4
2419.3
2682.7
3214.7
3668.7
4404.2
5277.4
6328.2
7655.1
9143.1
11031.6
13120.2
15376.2
18389.9
22795.4
26207.3
27638.3
26638.9
23412.3
16937.2
10338.1
4829.8
2539.1
2427.3
2547.3
2762
3133.5
3516.6
4120.8
4768
5198
5357.8
5028.1
4304.2
3252.8
2302.6
1613.5
1478.4
1560.7
1694.4
1848.5
2090.4
2436.7
2981.4
3618.8
4208.9
4917.6
5705
6821.3
7837.6
8404.1
8301.4
7856.3
6479.5
4562.6
2753.1
1581.3
1294.8
1353.2
1338.9
1444.2
1518.4
1590
1710.6
1934.8
2189.6
2589.7
3183.5
3946.3
4888.9
5888.7
6810.5
7970.6
9557
11071.6
11883.7
11972.5
11373.7
9408.7
6602.5
3852.8
1990.3
1430.1
1453.7
1486
1557.7
1596.9
1706.9
1824
1958.4
2140
2445.1
2677.9
2997.1
3418
4010.4
4617.4
5384.6
6242.2
7200.2
8305.5
9924.7
11649.2
13022.1
13100.9
12672.6
11287.6
8680.3
5567.5
2754.2
1265.8
917
867.4
913.6
905.4
951.8
967
1050.8
1095.2
1282.5
1404.9
1519.5
1658.6
1865.4
2095.1
2416.3
2682.9
3113.3
3552.4
4053.1
4677.6
5313.5
6239.6
7402.8
8554.3
9092.1
9242.7
9000.9
8350.3
6905.3
5248.1
3841
3074.8
2682.4
2104.6
1460.6
1120.5
852.6
834.2
966.1
877
928.3
919.8
965.6
1012.2
1124.9
1323.7
1544.2
1747
2002.7
2216.3
2509.7
2887.3
3366.4
3776.2
3931.2
3915.9
3709.5
3268
2508.3
1556.1
904.7
565.7
521
515.2
542.1
517.8
537.6
626.8
635.7
651.8
739.3
748.6
819.8
1049.7
993.4
1145.6
1364.8
1632.2
1999.8
2190.1
2552.5
2910.9
3408.6
4100.1
4566.4
4751.4
4727.9
4586.5
4083.7
3291
2201.2
1420.7
1009.8
897.6
904.5
912.7
863.5
828.9
753.4
724.3
751.5
710
778.4
770.8
817.8
915.3
995
1046.5
1179.3
1317
1412.2
1620.6
1926
2032.3
2306.5
2630.7
2997.1
3470.8
4029.2
4521.1
4716.6
4584.5
4331.9
3952.7
3297.8
2271.6
1381.9
820.2
593.3
582.8
648.3
601.3
648.2
668.8
692.9
684.2
707.6
758.6
780.7
828.6
840.4
941.7
1002.9
1099
1208.5
1300.8
1431.8
1618.6
1944.7
2123.1
2411.2
2644.4
2775
2833.3
2839.1
2856
2867.5
2837.1
2774.5
2740.6
2616.6
2470.7
2311.5
2000.7
1474.6
1097.3
780.3
640.4
684.7
662.2
721.8
744.4
797.7
937
1014
1132.8
1221.8
1327.3
1462.5
1666.1
1913.2
2131.6
2266
2259.3
2191
2081.4
1910.8
1551.5
1127.3
742.9
547.9
451.8
465.7
453.2
515
509.3
465.9
505.8
529.3
510.4
588.6
532.6
559.6
584
602.2
584.8
680.5
677.5
669.4
740.6
868.4
948.6
1068.3
1188
1329.9
1450.6
1695.3
1873.7
2135.6
2403.3
2592.3
2675.2
2604.5
2598.8
2528.7
2322.7
2014.9
1663.7
1392.6
1219.6
1223.7
1090.6
991
895.3
807.8
655.1
585.2
532.4
507
622.5
735.7
850.7
796.9
816.5
911.7
959.8
971.4
886.5
900.4
716.1
766.4
840.2
870.1
965.5
1038.5
1131.9
1190.1
1280.4
1336.4
1506.3
1566.4
1681.8
1891.2
2011.8
2073.3
1995.1
1893.3
1762.8
1656.6
1433.9
1202.1
903.4
672.8
587.7
583.5
539.2
568.4
565.1
549.5
557
608.4
582.9
630.9
683.7
735.6
759.3
870.8
952.8
980.8
921.4
903.6
840.9
770.8
714.3
593.4
560.5
446
452.3
474.8
509.5
530.8
528.3
580.6
652.5
676
673.6
737.8
709.3
779.2
821.5
927.6
982.5
1026.3
1032.2
995.1
972.2
994
973.8
930
843.4
853.8
863.8
878.8
930.2
1022.6
1061.4
1164.2
1171.5
1131.8
1141.8
1136.3
1055.6
965.4
853.8
763.1
681.3
591.5
582.8
576.1
553.4
567.1
495.3
509.7
543.9
546.3
500.3
468.5
574.5
518.1
536.8
554.5
556.7
609.1
622.5
667.7
784.2
731.8
738.6
737.2
791
852.5
902.6
939
940.3
1035.2
1081.9
1160.9
1238.9
1296.9
1307.7
1459.1
1514.4
1598.3
1681.1
1798.4
1824.9
1797.5
1792.2
1818.4
1835.4
1770.7
1668.3
1564
1455.7
1330.3
1296.5
1231.9
1145.8
1051.7
911.4
834.1
802.7
760.5
752.8
674.7
637.1
577.5
582.1
623.3
613.7
602.8
566
558.4
545.4
532.7
586.5
619.3
654
535.3
501
526.5
505
499.2
560.3
539.8
509.4
514.7
520.7
516.6
476.9
513.1
507.9
510
503.8
490.2
618.5
612.4
605.2
653.6
701.2
656.7
639.4
688.2
689.8
633.9
632.1
604.5
594.5
656.9
770
806.3
913.7
1026.5
1093.2
1177.6
1302
1473.6
1531.2
1585.9
1671.3
1733.2
1800.5
1843
1915.9
1978.3
1991.8
1916.6
1952.4
1999
2007.9
2045.1
2046.2
2047.1
2081.7
2049.8
2096.6
2111.8
2151.2
2205.1
2150.5
2164.6
2150.4
2135.3
2076.3
2087.4
2088.2
2017.1
1949.7
1929.4
1944.6
2049.3
2018.6
2135.2
2112.1
2093.9
2071.5
2075.1
2055.4
2076
2098.1
2067.8
2054.6
2078.9
2010
1999.5
1994.8
2042.5
1988.2
1951.7
1923
1882.7
1851.6
1790.1
1704.3
1644.7
1610.7
1545.4
1491.6
1440.7
1442.6
1518.2
1586.9
1579.7
1669.7
1635.7
1680.1
1687
1662.8
1691
1635.6
1583.4
1569
1449
1398.2
1313
1283.5
1283
1255.3
1230.8
1193.6
1263.7
1241.9
1256.9
1281.7
1299.2
1287.6
1239.1
1274.9
1223.6
1231.4
1183
1214.5
1173.1
1125.3
1163.9
1107.7
1143.3
1196
1195.1
1189
1233
1223.9
1297.9
1294.2
1268
1225.7
1149.6
1085
1053.3
953.4
896.7
791
862
683
670.8
717.4
679.1
683.9
687.9
690.8
691.5
715.2
781.9
715.1
776.2
780.9
827.4
820.5
803.3
886.7
907.7
910.3
942
962.2
1039.7
1038.6
1095.5
1129.9
1147.8
1147
1182.4
1208.8
1261.5
1329.4
1379.6
1476.3
1570.9
1707.1
1843.8
2006.4
2243.3
2433.2
2782.3
3159.7
3600.8
4131.8
4673.3
5077.3
5238
5506.9
5663.7
5890.8
6020.4
6053.1
6118.6
6243.9
6321.1
6194.7
5870.8
5625
5494
5312.6
5268.3
5386.9
5685.6
6327.9
6891.9
7409.8
7791.7
8015.2
8262.9
8355.7
8607.3
8597.9
8754.4
8862.7
8814.9
8804.8
8296.1
7679
7205.2
7006.8
6518.6
6402.5
6449.4
6809.6
7384.1
7996.1
8524.9
8961.7
9143.5
9200.8
9455.4
9561.1
9692.4
9726.1
9782.4
9950.5
9852.7
9357.1
8587.5
7928
7486.5
6968
6703.9
6649.8
6933.1
7498.9
8102.9
8792.2
9366.6
9653.1
9766.3
9743.6
9798.2
9919.5
10094.9
10174.8
10230.8
10367.6
10175.5
9436.4
8498.9
7673.4
7127.5
6646
6144.6
6214.2
6507.4
6954.3
7454
8072.6
8640.6
8892.7
9042.6
8981.3
8991.4
8930.3
9134.4
9068.5
9143.6
9325
9254.8
8853.1
8009.6
7115.2
6308
5964.8
5530.1
5494.4
5743.7
6139.4
6571.1
7197.3
7760.6
8253.8
8568.3
8484.8
8432.4
8329.8
8346.8
8500
8710.4
8794.3
8934.4
8968
8567.7
7889.3
6944
6168.7
5659.6
5314.9
5268.6
5353.8
5612.4
5955.1
6367.7
6822.4
7422.5
7754.3
7814.3
7647.8
7534.7
7358.5
7244.5
7431.2
7489.1
7547.3
7546.3
7314.4
6909.7
5940.3
5016.2
4552
3783.8
3401.1
3311
3248.6
3185.2
3183.1
3439.7
3604.3
3869.6
4033
4090.7
4169.1
3916.2
3867.4
3855.9
3953.5
4090
4171
4203.7
4237.3
3966.1
3761.4
3004.4
2629.6
2281.5
2162.7
2183
2228
2256.4
2322.2
2433
2654.2
2841.7
2973
3017.3
2968.8
2875.1
2722.8
2723.7
2748.4
2758.5
2788.2
2659
2727.8
2641.2
2487.8
2297
1979
1732.1
1658.8
1643.4
1644.7
1707.3
1816.5
1849.8
2072.3
2326
2579
2864.6
3136.6
3450
3654.4
3641.8
3568.6
3400.7
3429.8
3496.7
3585.1
3704.9
3686.1
3603.8
3369.3
3385.3
3281.3
2983.8
2564
2372.4
2331.5
2298.6
2293.1
2366.2
2442.3
2678.3
2946.1
3267.3
3706.5
4132.6
4679.3
5217.8
5611.1
5949.6
6061.7
5947.2
5664.5
5534.9
5651.8
5835.8
6030.8
6107.2
5937.2
5536.5
5552.2
5509
5149.6
4319.5
3669.6
3342.9
3452.7
3496.4
3452.7
3428.4
3469.4
3827.2
4239.6
4798.2
5327.8
6053.1
6726.1
7525.8
8107.6
8614.9
8670.5
8439
7960.7
7743.3
8067.4
8286.6
8524.3
8893.6
8616.5
8027.7
7680.9
7896
7560.9
6458
5065.9
4633.3
4787.5
4914.8
4806.8
4592.5
4658.8
4865.3
5372
5898.5
6535.9
7330.1
8235.7
9245.8
10124.1
10763.9
11395
11466.1
11025
10287.4
10102.1
10663.6
11069.4
11351.9
11841.6
11517
10844.8
10141.1
10617.3
10275.2
8711.2
6574.2
5865.9
6056.8
6271.1
6285.4
6060.3
6060.7
6108.5
6769.3
7367.8
8146.1
9138.3
10159.3
11473.5
12691.1
13855.1
14619.5
15361
15270
14649.8
13673.3
13397.4
14293.6
14691.2
15204.7
15783
15366.6
14358.2
13407.5
14212.2
13706.1
11778.4
8924.7
7836.7
8089.4
8855.7
11618.1
17525.1
19662.3
18512.4
12785.6
10573.6
10815.4
11889.7
12954.1
14554.4
16062.6
17774.5
18886.1
19926.6
20549.2
20204.9
19182.4
17979.2
17903.2
19130.3
19468.9
20216.1
20801.9
20350.8
19113.1
17861
18594.6
17992.4
15245.7
11313.6
9459
9451.3
9605.8
9559.1
9082.4
8640.9
8381.4
8503.3
9090.1
9731.1
10780.6
11727
12947.8
14356.6
15765.3
17065.6
18019.9
18755.8
19136.1
18599
17652.8
16669.3
16734.1
17415.5
17802.7
18490.6
18984
18361
17213
16268
16363.1
15781
13527
10232
8276.4
7710.9
7611.2
7457.5
7139.2
6704.4
6357
6246.4
6292.9
6691.9
7073.6
7777.2
8501.3
9319
10170.4
11020.8
11867.1
12428.5
12952.4
12944.9
12684.3
12034
11684.5
11540.4
11810.3
12031.2
12436.6
12653.3
12307.2
11737.7
11135.8
10853.8
10477.9
9064
7228.5
5718.1
5017.7
4593.8
4364.2
4143.6
3796.1
3423.5
3163.1
3037.1
3041.7
3177.8
3331
3554
3750.3
4132.9
4434.5
4710.8
5050.4
5199.3
5395.3
5405.5
5300
5062.9
4956
4919.8
4918.6
5030.2
5084.4
5157.2
5027.4
4899.1
4672.5
4488.2
4208.6
3753.6
3126.2
2583.8
2133.2
1798.6
1629
1532.9
1291
1148.2
977
853.3
763.2
691.7
589.8
647.7
564.1
535.5
543.9
500.4
535.4
529.3
574.8
561.2
530.9
530.3
485.9
507.7
508.1
506
562.3
532.3
505.4
532.6
527.7
623.6
539.8
602.6
582.3
620
673.1
586.2
682.6
608.1
583.1
619.9
648.9
620.4
742.2
723.1
759.7
807.4
926.5
970.1
906.9
888.8
822.9
824.7
892.9
943.2
972.4
946.1
1011.2
1024.6
1115.1
1111.3
1142.6
1215
1279.3
1398.8
1451.8
1520.7
1629
1815.7
1952.7
2242.5
2383.2
2599.4
2777.3
3052.1
3243.8
3999.8
5797.2
6247.5
5177.9
2867.5
1512.9
1395.4
1439.5
1489.2
1545.7
1683.5
1868.5
1955.3
2155.5
2341.4
2658.5
2967.4
3313.6
3709.8
4231.9
4811
5270.1
6031.8
6719.2
7497.4
8399.4
9397.6
10338.3
11512.2
12648.5
13742
14929.2
16256.3
18562.8
24591.9
31368.1
31978.8
24493.9
12324.8
5831.5
4134.2
3631.6
3295.7
3105.6
2857.4
2728.1
2663.4
2567.7
2467.7
2431.2
2549.9
2533.8
2700
2717.7
2944.7
2959.5
3151.2
3370.5
3636.5
3848.7
4206
4514.2
4934.8
5338.7
5757.3
6111.7
6541.9
6985.3
7300.3
7533.2
7716.3
7959.5
8035.5
8211
8208.1
8269.9
8363.2
8461.6
8420.8
8305.9
8348.3
8430.4
8319.6
8133.4
7924.4
7634.2
7464.2
7130.2
6879.5
6510.1
6214.5
5968.6
5609.3
5401.9
5160.8
4975
4937.5
4963.1
5046.9
5184.6
5414.8
5611.8
6024
6489.7
6863.4
7473.2
8022.9
8743.9
9406.5
10187.9
10982.8
11873
12790.6
13545.4
14343.3
14771.3
14975.5
15068.8
15197.7
15268.4
15306.4
15172.4
15256
15234.4
15255.3
15167.2
15031.1
14948.1
14945.9
14769.6
14362
13990.1
13685.6
13351.6
12953.6
12464.3
12021.6
11676.4
11363
11051.2
10856.3
10712.8
10742.7
10911.6
11152.7
11321.5
11479.8
11459.9
11237.8
10954.3
10890.2
10916
10942.4
11068.3
11326.5
11653.3
12234.8
12982
13800.1
14778.1
15786.4
16685.1
17593.2
18423.7
19137.8
19792.6
20395
21128.7
21625.9
22068.7
22694.6
23042.8
23621.8
24121.3
24449.4
24634.4
25113.4
25669
26244.2
26607.8
26856.9
26942.6
26781.1
26202.9
25264.8
23799.8
22376
20563.1
18781.4
17335
15611.2
14074.2
12513.6
11327.2
10112.8
9346.8
8913.1
8756.9
8750
8914.3
9097.3
9560.3
10028.2
10689.3
11425.2
12209.1
13116.9
14194.8
15230.8
16252.2
17429.9
18727.7
19957.2
21070.9
22084.3
23249.9
24308.5
25431.7
26763.4
28021.6
29160.1
30249.3
31348.7
31581.8
31730.6
31573.5
31199.2
30294.6
29020.5
27908.1
26404.2
24986.6
23499
21974.4
20236.7
18467.9
16717.9
15100
13701.5
12534.9
11480.6
10580.6
9872.1
9228.2
8676.6
8180.6
7819
7492.9
7291.5
7210.7
7241.9
7206.8
7430.5
7574.6
7928.4
8179.9
8703
9119.8
9646
10237
10971.1
11654.5
12380.7
12968.8
13693.1
14441.5
14845.3
15197
15635.9
15903.4
16255.8
16500.4
16647.7
16742.8
16916.9
17062.8
17015.7
16932.3
16808.5
16617.5
16308.6
16251.1
15796.2
15406.8
14809.2
14497.2
14129.7
13831.1
13778.4
13811.2
13774.3
13969.4
13931.5
13817.4
13595.8
13314.1
12811.2
12169.6
11392.6
10952.1
10085.8
9528.9
8979.2
8421.1
7802.8
7083.5
6466.4
5947.3
5447.6
4805.8
4127.9
3571.8
3161.5
2837.3
2604.2
2442.4
2276.7
2258.9
2202.7
2212.5
2203.4
2347.6
2307.7
2411.6
2492
2624.4
2726
2817.8
2929.8
3092.6
3172
3378.3
3530.9
3693.7
3957
4127.7
4190.5
4228.4
4398.9
4425
4451.6
4367.5
4243.6
4087.4
3935.9
3822.5
3682.3
3549.8
3339.5
3107.1
2977.1
2725.9
2482.7
2411.6
2069
1921.2
1706.6
1619.1
1448.7
1381.9
1329.9
1300.8
1319.3
1301.3
1335.7
1406.7
1452.5
1487
1529.4
1608
1786.5
1892.3
1985.4
2124.9
2276.3
2446
2636.4
2861.2
3100.9
3451
3667.2
3969.6
4118.9
4344
4550.3
4642.9
4719.8
4678.5
4647.9
4760.8
4618.2
4546.6
4396.6
4288.4
4114.7
3917.3
3835.3
3579.7
3300.6
3028.4
2764.4
2552.5
2381.5
2096.8
1861.6
1711.3
1553.8
1431.9
1256.1
1272.1
1164.5
1162.7
1097.2
1111.8
1098.7
1076.1
1116
1074.2
1120.6
1128.3
1145.8
1145
1201.4
1306.4
1306.6
1415.5
1484.8
1501.7
1655.5
1768.8
1878.9
2057.6
2262.7
2422.3
2711.8
2878
2913.5
2962.8
2957.9
2868.4
2992.4
2947
2877.9
2867.3
2843
2779.5
2679.5
2768.8
2421.3
2317.8
2091.7
1856.3
1684.5
1586
1530.8
1283.1
1075.3
937
887.7
750.9
679.8
643.4
658.1
657.4
585
612.4
634.7
610.1
580.5
602.7
609.7
601.4
491.2
541.3
531.8
502
567.4
472.3
446
419.9
392.1
338.9
319.1
304
253.7
198.1
204.5
205.6
175
176.4
201.6
125.7
173.5
142.6
190.8
119.9
184.3
132.5
169.6
187.4
206.5
213.6
277.5
260.4
317.1
314.6
344.1
414.9
425.8
466.2
477.6
434.8
478.5
462
426
371.3
399.8
370.1
401
348.4
316.2
292.6
249.3
225.5
235.2
247.2
202
163.6
186.8
87.5
92.3
209.8
52.4
51.9
66.8
27.1
62.5
24.1
18.5
3.6
0
43.1
30.4
72.9
194.6
74.8
29.5
43.4
64.8
126.1
80.1
89.8
111.8
133.1
143
135.3
127.1
187.2
227.1
266.6
239.1
301.6
330.4
327.1
312.9
264.2
329.4
342.1
310.1
293.3
284.7
237.9
226.4
204.3
232.6
227.5
176.5
138.8
120.5
73.9
102.9
163
174.2
218.8
323.7
468.7
529.6
593.3
622.8
600.3
556
541.4
542.7
568.3
576.8
559.7
545.2
533
465.3
371.9
321.3
314.7
264.2
317
229.4
243.6
253.4
215.4
231.3
217.5
211.6
211
198.2
232.7
237.9
234
353.7
275.7
236.2
246.7
242.5
295.4
298.6
231.9
304.2
317.6
352.4
373.1
287.9
261.7
279.8
274.8
212.3
225.2
167.4
146.4
75.2
45.9
62.7