6556.2
4804
2877.5
1648.4
1358.1
1546.6
1934.5
2308.9
2849.3
3586.4
4559
5687.3
7291.4
8949.5
11006.6
13660.3
16554.1
19354.7
20524.7
17541.6
11714.5
6286.3
2489.2
1952.5
2149.6
2453
2833.7
3366.5
4265.9
5191
6507.3
8274.5
10239.5
12594.4
15548.4
19035.5
23357.1
28314.3
31997.4
32508.9
25627.8
15765.1
7181.6
1946.4
1291.2
1167.8
1074.5
926.4
958
1071.1
940.3
892.1
918.4
1138.8
1148.5
1344.5
1547.7
1775.6
2136.5
2541.5
2629.7
2667.6
2147.3
1710.1
1186.7
1042.6
1042.7
1205.8
1434.1
1811.6
2337
2970.8
3688.9
4434.9
5424.3
6259.7
6709.8
6162.3
4618.5
3037.3
1727.6
1296.2
1400.1
1692.1
1744.2
2050.2
2280.1
2458.9
3250.6
4191.9
5404.1
6917.1
8512.2
10059.9
12351.7
14358.1
15596.5
14705.2
10805.9
6943.4
3471.4
1855.3
1854.5
2047.5
2324
2541.7
2974.4
3554.5
4231.8
5104.3
6264.8
7498.6
9132.6
11206.7
13546.5
16149.2
19305
23794.5
27845.4
29729.7
28132.4
21357.9
13325.2
6463
2408.9
1821.9
1788.9
1981.2
2027.7
2354.7
2577.9
3096.3
3626.7
4279.4
5218.9
6177.9
7527.1
8967.4
10799.3
12844.8
15357.2
18033.5
21540.7
26304.9
29206.5
29287.4
25728.2
18056.1
10751.1
4754.7
2458.4
2340.6
2464.3
2647.4
2979.2
3403.7
3906.8
4757.2
5368.7
5645.5
5403.2
4540.5
3260.4
2278.8
1525.9
1412.3
1510.6
1557.9
1670.3
1960
2413.5
2764.9
3367.7
4074.7
4860.2
5587.4
6424.4
7620.6
8729
9211
8691.8
6956.3
4747
2700.4
1460.3
1219.4
1218.8
1241.1
1276.6
1379.4
1535.8
1602.8
1761.6
1993.2
2390.1
3008.6
3779.5
4647.1
5694.7
6676.6
7668.6
9044.2
10932.4
12600.1
13232
12665.6
10180.8
6910.2
3810.2
1785.4
1333.6
1362.8
1351.1
1425.8
1533.6
1524.6
1666.3
1912.4
1988.9
2188.8
2478.7
2846.7
3274.3
3786.5
4446
5182.9
5972.8
7024.6
8051.3
9433
11091.6
13183.4
14409.2
14208.8
12617.5
9225.4
5740.4
2716.3
1117.7
896.8
782.1
787.7
755.7
805.6
787.1
1058
1105.7
1108.8
1181.9
1344.4
1499.4
1731.6
1908.8
2218.1
2479.8
2868
3360.1
3784.4
4413.6
5130.8
5940.1
6955.4
8292
9604.6
10101.1
9748.9
8751.6
7041.7
5388.5
4053.7
3281.5
2770.7
2200.4
1422.7
972.8
882.3
716.6
796.2
721.8
733.2
715.8
777.1
920.5
1002.8
1161.6
1348.5
1547.3
1805.1
2087.6
2365
2635
3103.9
3709.6
4126.6
4257.3
4161.2
3367.7
2530.7
1451.1
748.2
445.7
368.6
357
359.7
403.9
446.4
450.7
495.2
545.7
598.7
893.9
636.5
735.9
833.3
1014
1343.4
1399.4
1755.4
2078.1
2318
2714.3
3068.1
3649
4497.1
5130.6
5226.4
5153.1
4315.2
3253.6
2112.1
1165.9
818.8
824.9
799.6
805.8
723.6
689.3
663.1
565.7
597.8
597.5
599.8
645.9
713
713.4
824
931.3
1010
1115.4
1418.8
1418.2
1589.8
1839.5
2121.2
2418
2782.7
3163.4
3671.7
4370.7
4922.5
5046.1
4882.7
4230
3331.3
2257.1
1212.7
660.2
501.5
438.1
438.4
478.8
503.5
463.8
478.2
560.9
582.8
580
625.2
721
717.5
772
818.9
872.2
972.4
1097.5
1333.6
1443.4
1679.7
1926.1
2285.6
2575.2
2786.8
2857.5
2930.6
2852.2
2665.6
2591.6
2683.4
2806
2834.7
2682.6
2379.1
2002.6
1416.5
945.5
683.8
507.2
500.6
470.4
499.4
613.3
645
671.9
827.7
931.7
1065.8
1216.2
1321.9
1467
1643
1901
2230.9
2402.6
2344.3
2197.7
1944.9
1499.6
1035.2
562.3
352.7
302.6
370.6
355.3
310.8
314.9
350.4
331.1
427.1
332.1
356.4
428.8
411.6
468.3
494.3
486.4
437.1
493.8
560.7
537.9
620.5
711.6
894.3
989.2
1240.9
1279.2
1465
1590.7
1813.5
2132.3
2474.6
2737.5
2762.9
2707.5
2601.7
2299.5
1880.9
1473
1294
1122.7
1069.7
985
932.7
770.5
663
527.5
405.1
350.7
324
407.8
478.3
625.3
769.7
773.8
871.2
928.3
920.2
730.4
618
553.3
606.1
725.8
749.9
784
860.8
967.6
977.6
1129.6
1206.2
1245.1
1415.9
1540.5
1644
1797.7
2023.7
2042.3
1991.9
1805.2
1686.2
1417.6
1018.7
760.5
548.5
421
408
390.3
393.6
384.5
423.4
398.2
413
428.7
477.7
479.9
536.3
637.2
735.2
775.7
817.4
867.3
801.1
765.1
673.5
671.7
463.9
349.7
281.7
321.2
285.2
305.3
331.3
479.2
406.5
408.3
516.3
471.5
525.8
557.5
630.9
700.4
695.6
839.9
824.6
867.7
917
860.6
819.8
819
798.2
723.3
659.3
666.2
731.3
752.6
843.4
894
965.7
1068.2
1086.5
1034
988.2
945.6
892.7
793
597.6
473.3
462.7
442.6
466.1
356.8
360.6
394.7
383.5
358
309.2
389.3
318.6
309.1
338.7
308.8
355.7
405.1
401.2
625.9
485.3
534.2
532.4
582
631.9
679
720.6
702.9
767.2
830.6
885.5
963.2
938.1
989
1221
1183.3
1267.4
1280.2
1443.6
1531.6
1619
1695.2
1758.8
1765.4
1734.3
1711.7
1662.5
1633.2
1459.8
1385.4
1300.8
1227.2
1132
1019.6
880.3
811.3
728
700.2
682.8
641.6
560.5
495.4
551.4
494.4
480.6
369
382.5
373.3
394.9
435.7
499.5
571.5
444.6
362.8
376.2
338
313.5
359.9
345
302.5
348.7
363.2
386.5
320.8
364
381.1
374.2
349.2
332.5
454.3
382.9
340.4
382.2
462.2
436.1
486.3
606.1
611
537.1
534.5
532.4
432.4
413.4
509.6
481.6
531.5
634.8
679
821
885.4
1062.6
1070.1
1191.9
1375.1
1523.3
1546.5
1543.5
1676.5
1770.7
1798.3
1762.4
1871
1849.4
1870.1
1860.3
1848
1924.6
2001.9
1910.8
1903.2
1891.3
1936.2
2016.6
2010.3
2036.1
2067.5
2069.2
2081
2031.2
1967
1935.6
1880.2
1829.9
1841.7
1889.5
1822.9
1991.7
1937
1959.7
1919.4
1976.6
2013.6
2041.8
2027.6
1963.2
1919.8
2004.5
1952.3
1912.5
1889.3
1974.1
1894.8
1916.2
1860.2
1850.1
1811.7
1860.1
1757.2
1716.6
1679.5
1581
1446.3
1400.8
1294.3
1314.6
1366.4
1383.6
1470.2
1420.5
1439.7
1488.5
1566.8
1590
1598.3
1584.5
1542.5
1451.5
1394.9
1321.1
1276.7
1243.9
1201.2
1106.2
1077.3
1082.3
1037.9
1002.5
1111.2
1163.9
1141.8
1126.5
1167.1
1125.9
1077.9
1081.7
1105.4
1063.3
1047.5
1036.8
984.2
987.4
966.6
963.6
954.1
982.1
1038.6
1106.3
1150.9
1138.2
1124.3
1093.2
1049.1
1077.3
966.4
939.1
813.6
879.2
615.3
581.8
609.2
516.2
506.5
514.1
508.4
511.4
515.1
562.7
513.6
596
591.2
571
590.6
613.7
668.5
686.2
710.2
675.6
705.9
863
774
841.8
848
885.7
931.5
946.3
947.8
1018.9
1074.2
1046.3
1131.2
1120.5
1266.9
1391.2
1476.2
1633.9
1720.9
1911.6
2130.7
2382.7
2754.3
3222.8
3725.6
4209.7
4830.6
5212.1
5556.3
5707.3
5778.9
5858
6001.5
6115.1
6220.5
6375.7
6439.8
6280.4
5820.3
5537.4
5278.3
5046.6
5153
5351.4
5829.7
6431.7
7182.5
7764.6
8141.2
8452.3
8466.6
8540.1
8695.4
8762.5
8836.2
8993.4
9064.5
8902.4
8627.3
7619.9
7093.2
6542
6271.3
6227.9
6490.8
7027.1
7611.1
8284.1
8842.7
9373.7
9502.7
9512.6
9568.6
9624.1
9893.9
9965.1
9987.5
10269.4
10084.8
9598.4
8645.5
7713.2
7090.2
6592.3
6434.6
6629.7
7140.6
7756.6
8383.8
9132.1
9681.6
9960.4
10080
10047.1
9963.5
10040.2
10284.1
10493.1
10493
10608.5
10205.3
9582.3
8538.9
7357.8
6673.8
6241.4
6024
6259.7
6619.1
7121
7654.3
8310.3
8996
9356.2
9354.3
9113.5
8877.3
8847
9116
9391.6
9443
9586.2
9330
8815.3
7968.4
6810.1
6149.3
5480.7
5306
5503.7
5891.5
6240.2
6769.6
7379
8025
8595.3
8837.8
8780.7
8545.9
8258.7
8301.5
8540.3
8965.6
8925
9161.6
8959.5
8613.8
7819.9
6585
5962.7
5158.1
5042.6
5190.2
5479.8
5624.3
6008.3
6578.4
7112.9
7654.4
8020.5
8025.4
7670.3
7297.4
7111.8
7137.5
7584.7
7664.5
7574.3
7590
7284.9
7176.5
5807.5
4727
4017
3338.3
3247.9
3130.3
3233.9
3175.4
3210.2
3399.5
3647.3
4096.7
4058.5
4166.9
3987.6
3813.2
3682.5
3762.1
3967.8
4274.1
4183.4
4322.4
4056.9
3920.7
3462.9
2777.6
2385.7
2020.9
2059
2076.3
2152.5
2233
2309.5
2375.9
2594.4
2797.4
2951.9
2918.7
2878.6
2727.3
2631
2532.6
2580.7
2727.2
2691.8
2634.3
2597.5
2545.7
2358
2119.2
1751
1586.2
1580
1542.8
1550
1582.6
1729.2
1837.1
2013.6
2266.3
2587.2
2949.2
3173.9
3440.8
3597.4
3671.4
3507.6
3358
3456.9
3394.7
3578.7
3598.5
3585.9
3475.4
3341.4
3309
3209
2888.4
2368.6
2138.7
2194.2
2291.5
2299.9
2292.8
2384.2
2625.4
2953.4
3374.5
3793.4
4271
4776.7
5320.5
5717.5
6151.6
6060.2
5907.3
5567.3
5489.5
5735.2
5842
6073.8
6166.7
5987.6
5588.9
5508.4
5557.8
5040.3
4144.5
3381.4
3313.3
3429.2
3454.4
3445.4
3356.7
3543.7
3895.1
4337.9
4884.6
5542.3
6217.9
7119.9
7747.7
8320.7
8829.9
8840.6
8509.1
7958.1
7804.2
8307.6
8459.9
8832.2
8908.2
8675.5
8066.8
7842.9
8025.1
7487.3
6202.7
4852
4642.1
4762.8
4970.2
4734.7
4644.2
4659.2
4953.4
5500.9
6092.8
6823
7584.6
8548.9
9594.6
10409.2
11205.2
11705.4
11706.6
11203.1
10471.8
10322.5
10968.8
11236.3
11753.2
12039.1
11546.8
10999.6
10375.4
10714.4
10186.7
8530.9
6431.2
6028.8
6236.5
6316.5
6226.6
6128
6156.1
6258.2
7007.8
7593.7
8535.6
9540.9
10695.1
11933.9
13218.3
14244.7
15119.1
15722.2
15428.5
14786
13941.9
14019.7
14683.8
15104.3
15609.6
15930.7
15527.4
14593.1
13904.8
14344
13673.8
11480.2
8970.8
8184.1
8595
9861.1
13822
18540.8
20049
17980.9
13032.6
11265.1
11554.9
12482.4
13752.4
15197.6
16907.9
18276.5
19459.5
20500.1
20903.5
20316.4
19438.5
18563.2
18875.2
19503.9
20208.4
20931.5
21115.1
20497.8
19337.1
18708.5
18647.6
17594.3
14845.8
11641.2
10114.9
9792.3
9805.5
9653.3
9315.3
8833.8
8640.4
8893.3
9415.4
10148.1
11206.8
12341.2
13660
15010.7
16192.6
17528.2
18552.8
19315.6
19279.6
18801.8
18023.3
17429.4
17542.8
18030.7
18418.5
18837.2
18894.8
18327.9
17507.3
16959.6
16501.6
15406.7
13132.7
10470.8
8798.5
8046.5
7796.2
7445.6
7294.7
6749.4
6555.4
6360.4
6544.7
6887
7352.2
8016.6
8735.9
9639.6
10465.7
11359.8
12085.1
12671.2
12997.9
13115.2
12749.5
12359.8
11997.2
12033.4
12174.8
12535.1
12684.2
12674.2
12328.2
11933.1
11458.3
10967
10038.8
8783.9
7249.7
6016.8
5294.3
4690.3
4358.1
4112.3
3720.7
3464.9
3277.3
3072.3
3116.2
3182.3
3434.2
3586.9
3860.6
4268.6
4431.5
4772.9
5015.7
5183.2
5365.3
5358.2
5287.5
5094
4999.2
4981.4
5028.7
4990.4
5183.4
5074.6
5000.6
4832.6
4683.3
4383.4
4086.5
3600.1
3008.7
2553.4
2187.8
1765.3
1537.9
1364.1
1202.6
1075.3
930.5
711.3
686
544.5
510.9
494.2
418.8
449.1
401.4
475
460.1
380
395.5
379.8
361.7
338.1
363.5
391.6
422.7
329.7
375.3
373.2
455
378.3
393.7
401.8
475.8
502.4
424.1
580.8
469.8
412.8
456.8
496
464.3
567.3
501.9
532
518.3
563.1
666.2
701.8
815.1
770.5
750.5
775.8
714.5
767.8
741.9
773.5
812.1
948.2
876.2
910.9
922.8
960.2
1085.1
1047.7
1111.1
1191.1
1328
1406.2
1673
1721.9
1853.2
2003.1
2274.9
2465.3
2639.8
2844.9
3061.1
3890.2
5611.3
5813.5
4852.3
2573.8
1397.6
1252.8
1326.8
1501.7
1454.7
1533.4
1681.1
1869.7
2074.3
2341.1
2533.8
2927.9
3327
3625.3
4180.3
4658.2
5281.8
5914
6681.4
7432
8263.5
9261.5
10228.1
11341.1
12476.8
13697.3
14761.1
16159.6
19363.6
24997.2
29823.3
29294
22538.7
12912.4
6898.9
4412.9
3619
3302.4
3074.7
2884.7
2638.2
2542.6
2558.1
2453.1
2602.3
2487
2631.9
2574
2681.6
2795.6
2980.1
3129.9
3397.7
3644.8
3969.3
4248.7
4589.1
4949.6
5372
5816.7
6250
6663.1
7019
7355.1
7568.8
7908.1
7973.7
8209.3
8279.4
8311.1
8404.4
8543.1
8644.3
8617.3
8516.3
8499.3
8602
8411.6
8228.1
7965.5
7834.7
7581.8
7211
7016.5
6619.9
6415.5
6094.5
5795.9
5577.4
5345.1
5181.9
5058.4
5150.5
5186.3
5313.8
5650.1
5865.8
6242.4
6626.9
7216.3
7715
8276.5
9015.7
9754.1
10548.9
11293.2
12301.1
13147.3
13882.4
14399.6
14892.5
15173.4
15445.2
15619.4
15752.6
15706.4
15578
15671.2
15715.1
15746.6
15592.6
15449.3
15391
15418.4
15216.4
14702.1
14346
14011.1
13795.6
13397.2
12843.4
12476.5
12090.6
11703.2
11527.4
11201.9
11196.4
11341.6
11482
11458.6
11471.9
11550.4
11618.2
11534.8
11448.2
11291.8
11389.9
11512.3
11585
11900.7
12132.3
12696.8
13554.3
14313.7
15234.6
16157.2
17072.5
18043.9
18788.4
19571.6
20272.9
20930
21773.9
22129.4
22700
23323.1
23983.2
24295
24584.9
24979.9
25531.8
26084.6
26517
26949.2
27409.6
27383.2
27598.4
27224.1
26693.4
25610.7
24169.6
22725.7
21055.2
19443.6
17918.5
16573.1
14859.4
13551
12169.4
11096.4
10076.4
9470.5
9194.4
9243.1
9354.9
9615.4
10065.2
10452
11064.4
11739.5
12821.6
13505.1
14561.9
15736.7
16908.3
17991.8
19231.4
20460.7
21491
22624.9
23861.1
24904.6
26057.6
27380.3
28764.4
29911.3
30941.8
31970.2
32392.1
32291.5
31995.8
31768.7
30787.6
29551.3
28401.8
27081.3
25676.8
24380.7
22824.1
21170.2
19529
17741.1
16148.2
14569.6
13291.3
12165.8
11288.6
10454.5
9777.1
9134
8665.6
8324.5
7999.8
7677
7553.9
7507.3
7602.9
7715.5
7955.9
8200.1
8492.6
8908.8
9466.3
10104.4
10667
11268.6
11994
12829
13465.4
14052
14695.5
15192.4
15599.5
15969.4
16398.2
16574.8
16932
17180.5
17234.1
17391.6
17553.4
17682
17550.1
17471.9
17254.4
17109
16645.2
16425.1
16005.8
15386.6
15094.6
14656.8
14395.3
14224
14144.9
14071.9
13975.6
13942.1
13681.2
13476.3
13043.3
12872.6
11839.3
11138.3
10481.9
9882.9
9368
8689.3
8097.7
7581.7
7048.8
6433.8
5869.5
5375.2
4942.9
4365.6
3857.9
3337.6
2927.6
2722.2
2501.5
2383.7
2249
2305.2
2203.6
2337.8
2293.3
2343.4
2429.5
2555.2
2642.6
2765.5
2825.1
2957.1
3140.4
3176.8
3393.1
3583.1
3774.9
3941.3
4202
4239.5
4272.9
4298.5
4368.6
4422.3
4298.3
4330.8
4169.7
4094.6
3857.7
3694.1
3543.8
3373.8
3172.3
3204.5
2824.5
2616.3
2360.2
2293.7
2039.7
1827
1674.7
1542.2
1444.4
1373.1
1341.3
1362.4
1355.6
1325.8
1318
1379.1
1500.1
1545.4
1605.4
1696.1
1857.6
1950.3
2132.1
2245.8
2461.7
2693.8
2775.8
3069.8
3339.6
3612.9
3934
4148
4368.9
4486
4611.3
4772.9
4644
4744.5
4660.7
4679
4589.5
4531.8
4453
4175.3
4024
3897
3804
3468.9
3166.6
2919.3
2719.6
2527.3
2286.2
2038.6
1755.8
1672.4
1445.5
1339.2
1265.6
1213.4
1186
1140.6
1162
1111.3
1154.8
1098.4
1091.6
1080
1108.1
1161.7
1142
1227.7
1305.1
1246.5
1423.9
1455.2
1538.5
1630.6
1745.9
1874
2087.8
2350.9
2453.8
2710
2794
2807.3
3031
2986.4
2898.1
2891.8
2864.7
2947.3
2945.6
3193.4
2735
2689.1
2596.8
2536.7
2411
2249.5
2088.3
1793.5
1628.4
1572.8
1462.2
1212.4
1067.3
930.3
864.6
742.4
659.6
649.4
672.3
680.8
659.8
677.1
671.9
687.5
486.8
616.1
571.1
532.7
635.8
519.5
465.3
478.5
447.3
473.8
404.3
389.5
373.6
294.7
299.1
296.6
292.5
190.4
289.8
157.2
209.7
178.7
210.9
91.4
211
83.7
127.7
157.6
170.6
164.1
232.6
232.9
262.8
201.8
259
320.2
347.4
421.2
494.4
454.9
467.4
484.9
447.1
393.1
476.3
437.9
477.1
424.2
412.7
414
367.9
333.6
348.6
337.7
338.9
300.6
368.5
168.2
200
361
134.8
124.5
155.8
73.9
89.4
60.7
53
17.8
5.2
49.7
73.8
94.7
270.7
96.3
0
50.2
47.1
149.4
75.2
60.7
86.6
91.5
157.2
129.3
95.8
187.5
196.3
207.9
169.9
247.8
297.9
286.7
333.2
344.9
382.4
389.3
380.3
347.1
391.6
380.4
386
301
330.4
330.7
230.5
230.5
270.9
183.9
199.4
263.5
189.2
121.5
129.6
176.6
193.8
266.2
406.7
592.5
632.6
608.9
583.3
570.7
536.5
565.6
538.8
667.1
629.5
534.7
471.2
510.6
388.3
523.6
368.3
377.7
366.5
316
318.9
278.6
275.5
274.3
268.8
315.4
296.6
299.9
490.8
301.5
290.5
299.6
279.5
341.9
376.3
284.5
338.6
336.8
403.1
455.6
383.3
374.9
426.8
401.1
329.7
356
309.8
339.7
273.3
203.3
230
234.9
167.6
214.8