7166.2
5912.6
3894
2346.2
1478.8
1534
1816.8
2182.3
2630.4
3350.1
4168.7
5266
6729
8307.7
10307.5
12721.8
15683.3
18877.3
21039.9
20261.1
15311.6
9282.7
4275.5
2155.4
2220.6
2428.3
2764.1
3275.5
3999.9
4919.4
6124.1
7827.8
9641.5
12081.7
14939
18217.3
22455.8
27712.1
32361.9
34756.3
31415.6
21956.1
12164.8
4206.7
1627.5
1396.5
1264
1105.7
1117
1202.4
1031.3
1000
1013.9
1192.2
1182.4
1339.1
1500.9
1712.3
2005.4
2371
2526.9
2709.6
2447.2
1988.9
1461
1163.8
1042.3
1154.8
1356
1681.9
2150.4
2675.3
3423.3
4110.9
5025
5976.6
6513.3
6567.7
5387
3799.8
2397.6
1506.4
1443.3
1693.7
1778.5
2065.7
2201.3
2369.9
3027.3
3789.5
4910.5
6325.9
7931.1
9338
11490.9
13761.8
15304.8
15557.8
12942.5
8980.2
5220.7
2439.8
1941
2104.1
2323.8
2518.4
2891
3378.9
4060.7
4888.3
5953.3
7100.3
8689.7
10672.5
12831.9
15362
18489.1
22646.2
27336.5
30108
30103.4
25780.7
17883.2
10140
4159.9
2096.5
1938.7
2063.7
2104.8
2412.4
2641.4
3066
3595.5
4286.5
5151.9
6036.5
7339.7
8807.8
10459.5
12602.8
15153.6
17785.4
21118.9
25887.9
29784.9
31062.1
29333.7
23029.2
15090
7912.9
3288.6
2459.6
2532.8
2635.5
2920.4
3280.6
3682.8
4410.7
5029.7
5470.6
5467.9
4945.2
3874.9
2832.4
1955.4
1565
1593.2
1672.1
1800.1
2015.4
2408.8
2727.3
3250.3
3934.5
4588
5279.8
6037.1
7101.1
8325.8
8903.6
8795
7803.9
5792.9
3698.2
2092
1370.2
1292.7
1324.4
1368.5
1427.8
1620.2
1685.9
1817
1999.1
2318.4
2857
3556.2
4395.6
5384.5
6348.8
7371.3
8608.6
10404
12186
13194.6
13125.1
11670.6
8679.4
5467.8
2820.7
1650.8
1548
1472.5
1548.7
1624.9
1663
1776
1981.7
2068.2
2228.9
2513.4
2838.7
3243.2
3717.2
4403.7
5051.6
5862.3
6855.8
7897.7
9211.3
10734.4
12870.4
14474.3
14888.1
13916.5
11309.4
7852.4
4394.2
1929.8
1123.5
947.7
928.6
883.4
957.4
913.8
1086.5
1165.1
1228.3
1294.6
1426.2
1594
1804.1
1931.5
2300.6
2588.1
2903.8
3404.2
3862.6
4426.6
5166.2
5921.5
6882.6
8203
9613.3
10425.8
10381.2
9785.3
8290
6524.8
4794.8
3564.8
3048.2
2570
1882.2
1318
1164.7
898.5
938.2
917.1
899.6
926.1
969.9
1069
1161.3
1268.3
1428.9
1599.3
1809.3
2116.3
2340.9
2616.5
3009.8
3573.3
4024.9
4262.1
4239.1
3765.3
3052.4
2063.8
1229.3
663.9
515.2
507.4
498.3
545.7
568.1
568.7
623.6
684.3
728.3
949.5
769.3
799.5
927
1069.1
1367.7
1412.2
1765.1
2072.9
2321.8
2712
3085.3
3604.6
4408.1
5067.2
5342.1
5403.6
4854
4015.5
2863.8
1873.1
1262.1
1116
1114.7
1126.9
1061.6
1009.3
948.1
813.3
805.7
769.9
756.7
811.8
885.3
883.9
1006.2
1062.8
1139
1272.8
1563.5
1567.9
1753.3
1989
2205.9
2546.1
2902.7
3268.3
3767.7
4380.3
5057.3
5282.2
5270.3
4802.7
4129.1
3083.6
1981.1
1107.7
727.5
624.2
627.6
641.3
697.2
651
654.2
720.8
772.3
748.9
786.8
851.3
897.7
937.9
958.9
1025
1053.7
1230.3
1391.6
1525
1675.5
1943.9
2283.2
2566.2
2810.4
2945.5
3076.3
3040.5
2958.4
2902.3
2950.2
3059.8
3119.5
3003.1
2792.5
2511
1965.5
1408.6
1037.3
720.3
697.7
662.2
692.5
787.6
827.7
868.8
966.8
1044.4
1202.8
1293.6
1469.2
1576.3
1687.8
1990.3
2270.5
2477.4
2474
2378.4
2212.5
1888.4
1447.6
932.3
666.6
520
557.7
537.8
505.2
530.2
553.1
550.8
652.7
538.3
576.9
638.8
639.1
644
716.7
664.5
656.6
652
770
715.5
808.1
895.7
1022.7
1150.5
1398.5
1458.1
1666.7
1805.6
1983
2321.3
2667.2
2990.3
3099.6
3091
3038.3
2882.6
2547
2176.9
1951.9
1734.4
1636.2
1588.2
1489.4
1273.2
1142.7
949.3
731.5
609.3
533.5
594.2
653.6
816.3
955.1
1015.2
1095.2
1137.7
1224.9
1046.9
957.1
854.9
809.8
907.3
975.4
1008.8
1088.3
1161.3
1182.2
1348.8
1399.2
1477.5
1629.5
1733.6
1819.8
1989.9
2241.4
2303.1
2264.6
2107.7
1986
1800
1463.1
1110.9
844.2
637.5
600.4
603.3
567.1
563
604.5
555.2
580.8
586.2
643.6
633.5
701
761.7
837.1
912.8
974
1021.2
983
959.1
885.9
875.4
699.5
602.9
536
513.8
479.9
473.9
527.1
639.6
601.3
633.2
686.3
678.4
717.9
765.4
814.1
837.3
872.2
1019.8
1015.3
1072.8
1097
1084.7
1044.9
1018.3
1023.9
1020.2
903.7
878.8
899.8
921.6
1019.1
1054.8
1153
1264.2
1315.8
1283.6
1195
1184.1
1148.7
1094.2
881.3
773.7
711.5
700.9
710.8
592.2
546.7
592
569.7
573
526.7
574
483.2
496.7
528.1
484
538.9
576.3
604.3
761.6
654.4
691.5
720.3
734.1
833
857.5
889.4
903.2
968.5
1034.7
1045
1113.6
1143.8
1182.6
1365.9
1364.7
1431.8
1483.7
1612.7
1734.1
1848.6
1934.4
2061
2097.5
2030.4
2063.4
2058.4
2087.9
1975.2
1835.7
1730.3
1623.4
1504.7
1348.2
1155.6
1037.7
893.6
839.6
767.9
771.5
682.3
662.4
666.4
651.2
597.6
536.6
494.5
523.5
543
594.8
684.7
698
582.7
543.7
557.7
537.4
536.1
580.5
533.7
540.7
496.1
554.2
543.4
513.6
529.8
565
556.3
546.7
493.4
639.8
537.7
524.8
535.9
638.3
595.4
643.5
771.4
756.8
711.7
716.9
694.8
678.7
622.5
719.6
643.2
708.2
787.7
847.1
950
1026
1199.9
1237.2
1335.9
1530.3
1611.8
1718.1
1745.3
1828.1
1906.4
1945.3
1976.1
2027
2013.1
2035.9
2028.7
2010.9
2063.6
2127.8
2070.6
2057.2
2024.3
2082.8
2144.1
2169.1
2181.4
2186.3
2224.5
2189.5
2143.5
2122.2
2109.2
2031.3
1983.7
1953.9
2011.7
1966.3
2076.6
2011.3
2091.4
2081.2
2100.2
2112.5
2125.6
2172.5
2108.4
2052.1
2168.3
2068.3
2022.5
2005.8
2069.1
1990
2005.4
2008.7
1947.4
1961
1953.7
1898.9
1851.2
1793.5
1690.8
1632.5
1549
1450.4
1427.7
1491.2
1441.2
1548.4
1512.1
1550
1581.7
1678.8
1703.5
1690.6
1657.1
1666.9
1585.3
1561.3
1483.5
1437.4
1409.3
1354.7
1307.4
1228.2
1239.8
1222.9
1195.7
1283.1
1302.5
1343.6
1332.6
1392.7
1328
1284.8
1294
1303.4
1285.8
1233.3
1276.6
1266.5
1209.7
1245.8
1229.9
1201.3
1257.7
1302.8
1394.6
1469
1448
1462.8
1461.1
1471
1447.2
1385.5
1285.3
1156.5
1145.2
870.1
832.3
806.6
695.1
685.4
698.5
685.5
714.3
702.9
781.4
696.6
800
783.8
778.5
790.1
796.6
903.5
936.9
929.1
905.4
950
1095.2
1050.9
1115.5
1115.5
1188.1
1186
1271.8
1245.5
1300.6
1328.1
1318
1378.6
1366.2
1471.1
1573.4
1626.2
1771.7
1835.3
2039.5
2237.4
2437.2
2717.4
3185.8
3665.2
4105.8
4645.4
5117.1
5476.4
5583
5730.5
5842.9
5971.6
6128.6
6159.7
6326.6
6406
6344.3
5926.5
5649.9
5442.6
5212.8
5264
5360.2
5708.8
6225.5
6950.9
7524.3
7958.1
8294.2
8370.3
8514.5
8682.1
8677
8774.3
8812.2
8962.5
8978.5
8708.9
7889.3
7339.8
6777.6
6463.4
6260.8
6382.8
6786.3
7425.7
8037.8
8581.4
9161.4
9324.9
9433.6
9493.5
9532.9
9702.6
9882.4
9842.5
10068.4
10070.4
9718.7
8882
8008.9
7348.4
6832.4
6563.8
6581.7
7005.1
7613
8199.4
8875.3
9517.2
9811.6
10041.8
10014.3
10015.6
9987.5
10221.5
10382.4
10384.5
10588.7
10362.7
9786.7
8967.1
7800
7005.2
6544.1
6125.4
6199.2
6565.8
6976.3
7577.8
8138.7
8864.3
9240.3
9344
9261.2
9002.9
8927.8
9079.5
9339.5
9409.3
9493.5
9474.2
9014.7
8413.5
7217.8
6520.4
5838.1
5447.1
5470.5
5883.6
6193.4
6780.1
7322.6
7951.7
8613.6
8926.4
9034.8
8810.7
8544.9
8535
8676.3
9068.2
9140.3
9377.6
9354.7
8978.9
8408.1
7275.4
6512.1
5736.4
5327.2
5414
5628
5821.1
6181.3
6799
7189.8
7912.5
8298.4
8427.8
8212.8
7793.3
7570.5
7456.2
7820.4
8046
8013.4
7998.7
7786
7659.4
6609.5
5441.8
4712.5
3923
3558.1
3420.4
3476.2
3353.5
3357.2
3525.9
3697.3
4177.1
4236.2
4373.2
4301.2
4057.7
3904.8
3974.4
4097.3
4505.2
4381.7
4521.5
4329.3
4178.9
3889
3210.4
2702.2
2317.8
2210.9
2252.1
2354.3
2408.2
2443.5
2467.4
2651
2866.6
3065.4
3090.8
3085.7
2895.9
2801.3
2644.5
2711.6
2838.7
2834.6
2733.9
2719.4
2732.6
2545.4
2350.7
1993.6
1738.4
1703.4
1599.6
1610.7
1667.4
1775.1
1841.2
2003.7
2244.9
2512.4
2901.8
3075.6
3432.5
3580
3632.3
3577
3431.8
3448.6
3401.3
3541.8
3576.4
3700.1
3581.3
3398
3378.1
3314.2
3099.7
2566.8
2299.6
2244.6
2360.7
2336.1
2368.2
2418.4
2630.4
2897.9
3269
3688.4
4167.9
4689.6
5263.4
5643.9
6075.5
6139.5
6057.2
5604.1
5506.9
5727.4
5790.6
5977.8
6138.9
6036.8
5665.4
5514
5533.7
5256.6
4469.2
3597.2
3301.7
3386.9
3477.5
3446.3
3379.5
3483.5
3724
4169.8
4635.2
5282.1
5960.9
6750.9
7448.8
8047.8
8612.8
8771.1
8568.9
8110
7728.6
8150.3
8405.3
8629.8
8893.8
8695
8280
7820.9
8000.5
7802.7
6742
5272.4
4674.8
4753.8
5042.8
4878.8
4671.4
4684.6
4852.6
5359.8
5920.2
6624.1
7357.2
8248.3
9255.8
10268.1
11020.2
11584.2
11812.9
11373.8
10666.8
10335.6
10842.4
11286
11585
12081.1
11737.9
11237.3
10422.9
10860.3
10647.5
9186.3
7068.5
6113.6
6243.3
6389.8
6430.8
6211.2
6157.8
6227.5
6836.9
7465.9
8278.3
9290.4
10364.5
11604.7
12904.9
14129.4
15093.6
15781.4
15703.5
15151.9
14278.1
14015.3
14553.9
15194
15515.3
16166.6
15940.1
15107.4
14092.7
14465.8
14305.4
12540.2
9817.5
8334.8
8597.5
9500.5
12725.8
18424.4
21371
20510.4
14980.2
11749.4
11540.6
12337.1
13518.7
14992.4
16711.3
18203.8
19484.8
20595.4
21308.8
20993.4
20116.7
19051.6
19040
19731.9
20406.2
21059.1
21592.9
21215.6
20294.6
19061.1
19180.1
18652.3
16278.1
12702.6
10427.4
9885.7
9912.5
9840.8
9518.3
9022.4
8745.7
8801.3
9304.8
10021.1
11039.3
12108.1
13381.3
14731.4
16098.7
17511.3
18495.2
19478.7
19661.6
19362.8
18587.9
17755.2
17626.2
18192.1
18472.6
19121.1
19376.1
19002.2
18185
17385.1
17105.3
16423.7
14254.9
11425.2
9273.3
8359.4
7971.1
7723.5
7585.3
6946.1
6789.6
6436.1
6543.9
6862.5
7346.5
7921.7
8670.5
9534
10385.1
11322.3
12165.8
12796.5
13186.2
13474.8
13152.1
12720.4
12267.5
12192.6
12342
12616.3
12910.4
13008.7
12709.2
12370.7
11828.5
11461.8
10771.5
9566.5
7883.9
6436
5584.5
4966.9
4622.1
4332.9
3958.4
3685.9
3451.3
3223.1
3223
3235.4
3482.9
3652.7
3894.7
4316.8
4534
4873.4
5112.7
5373.1
5545.7
5591.5
5555.6
5371
5201.9
5138.9
5213.6
5176.1
5339.2
5325.9
5248.3
5088.8
4931.8
4664.8
4402.5
3922
3379.2
2845.6
2404.6
1987.4
1735
1530.6
1381.6
1245.1
1065.4
867.2
828.5
669.8
618.7
621.3
535.8
564.4
510.1
583.3
550.4
541.2
495
477.7
484.3
493.4
489.3
522.9
531.7
461.7
513.7
491
583.1
537.9
521.9
531.1
567.6
604.7
548.5
717.8
621.1
565.8
582.3
617.2
575.8
683.8
617.8
662.7
635.1
663.3
776.8
803.3
944.3
926.6
920.3
898.1
869.6
877.3
840.6
905.3
941.1
1055.5
1014.9
998.4
1025.2
1087.2
1193.5
1210.8
1250.1
1350.2
1465.2
1514.2
1766.2
1861.9
1967.9
2106.1
2447.3
2636.3
2822.9
3049.3
3229
3832.6
5633.7
6361.6
5659.9
3421.6
1644.2
1403.4
1421.8
1561.9
1561
1630.2
1752.9
1982.4
2117.9
2397.4
2649.8
2947
3378.7
3732.5
4246.7
4796.1
5387.4
6048.8
6800.3
7656.1
8562
9509.4
10500.9
11763.4
13018.9
14269.4
15546.5
16795.3
19439.9
24999.5
31233
32595.6
27101.9
16301.4
8252.8
4939.2
3899
3556.5
3273.8
3073.6
2853.3
2679
2683.9
2585.4
2611.1
2555.3
2702.4
2658.4
2773
2856.3
3037.8
3186.1
3427.6
3674.6
3960.5
4299.7
4605.3
4996.6
5418.1
5846
6319.9
6745.7
7169.1
7577.9
7742.2
8056.4
8116.8
8443.7
8524.7
8580.6
8638.4
8710.2
8855.9
8860.6
8834.6
8810.5
8841.7
8755.2
8565.8
8348.8
8124.9
7888
7578.8
7244.5
6879.2
6628.5
6309.4
6010.6
5768.2
5464.8
5329
5168.9
5219.6
5212.2
5383.2
5669.3
5866.5
6176.3
6548.8
7125.3
7599.6
8194.8
8908.8
9642.9
10375.3
11245.9
12155.3
13080
13826
14525.7
15042
15362.7
15626.5
15871.8
15957.5
15904.9
15813.4
15886.8
15950.6
15952.6
15858.2
15707.3
15630.2
15669.1
15552.8
15069.6
14733.4
14389.6
14170.9
13771.2
13160.8
12740.7
12379.3
11944.4
11691.5
11374.5
11306.5
11365.5
11507.1
11584.8
11653.4
11690.3
11755.3
11650.8
11540.5
11423.6
11381.6
11516.5
11550.4
11818.3
12098.6
12560.7
13452.5
14182.3
15090.8
16119.9
17060.9
18071.5
18839.6
19635.7
20355.7
21151.6
21940.2
22379.7
22907.4
23559.1
24180.1
24650.2
25003.3
25413.3
25969.1
26373.8
26972
27469.6
28047.5
28094.6
28360.4
28161.9
27710.9
26873.2
25300.8
23877.5
22146.5
20369.9
18821.2
17376.3
15607.5
14105.4
12715.5
11418.9
10354.3
9704.9
9301.4
9257.8
9441
9620.4
10037.2
10452.3
11071.5
11769.1
12719
13494.9
14516.2
15726.1
16870.4
18000.8
19294.2
20677.5
21795.1
22920.3
24281.5
25398.7
26481.6
27828.9
29381.6
30685.8
31805.8
32904.1
33531.5
33627.8
33394.2
33183.4
32260.2
31057.9
29856.2
28483
27041.2
25624.7
24068.4
22297.4
20580.2
18707.4
16929.5
15275.1
13864
12691.5
11754.8
10892.9
10141.4
9505.8
8972.6
8485.7
8175.6
7833.2
7670.5
7550
7620.9
7778.1
8022.8
8271.2
8510.7
8878.9
9403
10106.5
10647.8
11254.4
12044.5
12835.3
13486.6
14131.6
14796.2
15315.3
15795
16175.6
16634.9
16845.3
17154.7
17422.9
17553.2
17677.1
17882.9
17983.6
17886.5
17933.4
17601.5
17477.1
17110
16899.9
16444.1
15931.8
15482.9
15095
14709.2
14490.4
14445.9
14468.1
14360.3
14345
14026.8
13974.5
13559.6
13425.9
12327.3
11636.9
10974.7
10338.8
9740.8
9095.9
8473.5
7937.5
7394.7
6723.7
6149.3
5618.2
5135.5
4520.6
3995.8
3458
3056.2
2839.4
2590.8
2459.3
2315.5
2311.8
2255.5
2346.2
2310.5
2382.6
2476.2
2555.1
2646.4
2818.6
2870.1
2983.9
3189.7
3226.6
3434.1
3615.2
3800.1
3954.6
4244.1
4357.5
4391.3
4449.2
4518.4
4536.5
4524.9
4446.8
4285.2
4254.2
4052.3
3821.9
3685.3
3516.9
3352.1
3366.8
2972.4
2731.6
2482.3
2403.4
2179
1971.8
1786.4
1626.1
1526.4
1403.4
1436.6
1437.9
1440.6
1408.3
1401.8
1467.4
1582.8
1626.8
1681.6
1805.3
1919.7
2033
2176.2
2332.2
2544.2
2757.1
2884.9
3141
3442.3
3724
4076.5
4261.5
4472.6
4651.4
4788.1
5008
4887.2
4900.5
4918.4
4889.3
4827.5
4742
4678.2
4401.1
4250.8
4125.2
3963.5
3688.6
3397.8
3068.7
2850.9
2670.4
2468
2142.3
1883.7
1759.2
1543.1
1441.7
1318.7
1291.9
1268.3
1205.6
1237.3
1160.1
1215.2
1173.9
1129.1
1154.7
1155.3
1202.1
1218.3
1293.1
1372.6
1360.7
1488.4
1538.7
1660.4
1725.5
1843.5
1988.7
2193.8
2435.3
2593.1
2821.4
2943.7
3029.3
3247.1
3245.5
3132.7
3096.4
3109.9
3160.3
3156.9
3399.9
3009
2917.5
2815.6
2746.6
2600.4
2467.6
2269.7
1982.4
1766
1671.9
1586.1
1308.9
1162.5
956.3
921.2
791.5
664.7
677
720.7
686.9
673.2
691.1
708.6
690.5
525.8
638.9
597.6
555.9
633.6
533.1
490.1
510.5
492.2
471.4
451.7
414.9
339.4
324.3
307.5
330.3
315.9
241.5
300.7
177.7
232.4
214.6
223.2
136.4
233.4
119.8
158.4
195.2
186.9
154.8
257.4
213.8
272.3
231.8
283.1
335.7
345.7
423.6
512.1
457.7
493.3
503.5
460.4
405.8
485.2
434.1
485.3
434.1
398.9
420.3
372
329.7
332.1
358.4
350.2
303.3
396.2
224.3
207
342.2
131.9
137.3
147.6
82.1
73.6
73.6
47.4
17.2
0
72
78.1
83.1
262.4
113.5
39.3
44.1
75.4
127.1
75.7
82.2
84.8
105.7
150.5
132
99.5
171.7
198.2
220.5
190.8
221.3
297.1
288.3
328.6
325.6
386.9
416.9
364.1
357.4
400.4
369.3
415.3
292.7
344
321.1
240
255.5
280.5
222.5
181.7
265.3
193.4
125.4
163.5
166
173.6
285.2
428.5
571.2
632.2
624.8
592.4
581.9
546.2
558.8
570.6
666.1
668.2
563
508.5
511.4
414.9
513.5
371.8
393.4
347.9
289.5
314.3
279.2
269.4
297.7
277.7
287
288.3
292.2
428.5
308.9
273.6
308.6
281.3
338.5
376.9
285.1
311.8
335.9
385.1
428.4
394.3
384.2
430.6
405.8
345.2
363.9
289.4
345.1
273.7
216.6
227.2
204.7
156.9
192.6