0.294248
0.279344
0.266741
0.256063
0.246989
0.23925
0.232627
0.226939
0.222039
0.217807
0.214141
0.210959
0.208191
0.205779
0.203672
0.201829
0.200213
0.198793
0.197542
0.196439
0.195463
0.194597
0.193826
0.193139
0.192523
0.191969
0.19147
0.191018
0.190606
0.19023
0.189885
0.189567
0.189272
0.188997
0.18874
0.188498
0.188269
0.188052
0.187844
0.187645
0.187453
0.187268
0.187088
0.186912
0.18674
0.186572
0.186406
0.186242
0.18608
0.18592
0.185761
0.185602
0.185444
0.185286
0.185128
0.18497
0.184812
0.184653
0.184494
0.184334
0.184173
0.184011
0.183849
0.183685
0.18352
0.183353
0.183186
0.183017
0.182846
0.182674
0.182501
0.182326
0.182149
0.18197
0.18179
0.181608
0.181424
0.181238
0.18105
0.18086
0.180668
0.180474
0.180278
0.18008
0.179879
0.179677
0.179472
0.179264
0.179054
0.178842
0.178628
0.17841
0.178191
0.177968
0.177743
0.177515
0.177285
0.177051
0.176815
0.176576
0.176334
0.176089
0.175841
0.175589
0.175335
0.175077
0.174816
0.174552
0.174284
0.174013
0.173738
0.17346
0.173178
0.172892
0.172603
0.17231
0.172013
0.171712
0.171407
0.171097
0.170784
0.170467
0.170145
0.169819
0.169488
0.169153
0.168813
0.168469
0.168119
0.167765
0.167407
0.167043
0.166674
0.1663
0.165921
0.165536
0.165146
0.164751
0.16435
0.163943
0.163531
0.163113
0.162689
0.162259
0.161822
0.16138
0.160931
0.160476
0.160015
0.159547
0.159072
0.15859
0.158102
0.157607
0.157104
0.156595
0.156078
0.155554
0.155022
0.154483
0.153936
0.153381
0.152819
0.152248
0.15167
0.151083
0.150488
0.149885
0.149273
0.148653
0.148024
0.147387
0.146741
0.146085
0.145421
0.144748
0.144066
0.143374
0.142673
0.141963
0.141244
0.140515
0.139776
0.139028
0.138271
0.137503
0.136726
0.13594
0.135143
0.134337
0.133521
0.132695
0.13186
0.131014
0.130159
0.129295
0.12842
0.127536
0.126643
0.12574
0.124828
0.123906
0.122975
0.122035
0.121087
0.120129
0.119162
0.118188
0.117204
0.116213
0.115214
0.114207
0.113192
0.11217
0.111141
0.110106
0.109064
0.108015
0.106961
0.105901
0.104836
0.103767
0.102692
0.101614
0.100531
0.0994455
0.0983568
0.0972653
0.0961717
0.0950762
0.0939794
0.0928817
0.0917835
0.0906852
0.0895873
0.0884902
0.0873944
0.0863003
0.0852084
0.0841191
0.0830329
0.0819502
0.0808714
0.079797
0.0787274
0.077663
0.0766042
0.0755515
0.0745051
0.0734656
0.0724332
0.0714083
0.0703913
0.0693824
0.0683821
0.0673906
0.0664082
0.0654351
0.0644717
0.0635182
0.0625747
0.0616416
0.060719
0.0598071
0.058906
0.0580159
0.057137
0.0562693
0.055413
0.0545682
0.0537349
0.0529132
0.0521031
0.0513047
0.050518
0.049743
0.0489797
0.048228
0.0474881
0.0467598
0.0460431
0.0453378
0.0446441
0.0439618
0.0432908
0.0426311
0.0419824
0.0413448
0.0407182
0.0401024
0.0394973
0.0389028
0.0383188
0.0377451
0.0371816
0.0366282
0.0360847
0.0355511
0.0350271
0.0345126
0.0340075
0.0335117
0.0330249
0.032547
0.032078
0.0316176
0.0311657
0.0307221
0.0302867
0.0298594
0.02944
0.0290285
0.0286245
0.028228
0.0278389
0.0274569
0.0270821
0.0267142
0.0263531
0.0259987
0.0256508
0.0253093
0.0249741
0.024645
0.024322
0.024005
0.0236937
0.0233881
0.023088
0.0227934
0.0225042
0.0222201
0.0219412
0.0216674
0.0213984
0.0211343
0.0208748
0.02062
0.0203697
0.0201238
0.0198823
0.019645
0.0194119
0.0191828
0.0189577
0.0187366
0.0185192
0.0183056
0.0180957
0.0178894
0.0176866
0.0174872
0.0172912
0.0170985
0.016909
0.0167227
0.0165395
0.0163594
0.0161822
0.016008
0.0158366
0.015668
0.0155022
0.015339
0.0151785
0.0150206
0.0148652
0.0147122
0.0145617
0.0144136
0.0142678
0.0141243
0.0139831
0.013844
0.0137071
0.0135723
0.0134396
0.0133089
0.0131802
0.0130535
0.0129286
0.0128057
0.0126845
0.0125652
0.0124477
0.0123319
0.0122178
0.0121053
0.0119946
0.0118854
0.0117778
0.0116718
0.0115672
0.0114642
0.0113626
0.0112625
0.0111638
0.0110665
0.0109705
0.0108759
0.0107825
0.0106905
0.0105997
0.0105102
0.0104219
0.0103347
0.0102488
0.010164
0.0100804
0.00999785
0.00991641
0.00983604
0.00975674
0.00967847
0.00960122
0.00952498
0.00944973
0.00937544
0.0093021
0.0092297
0.00915823
0.00908766
0.00901799
0.00894918
0.00888123
0.00881414
0.00874787
0.00868243
0.00861778
0.00855394
0.00849087
0.00842856
0.00836702
0.00830621
0.00824613
0.00818676
0.0081281
0.00807014
0.00801286
0.00795625
0.00790031
0.00784502
0.00779038
0.00773636
0.00768297
0.00763019
0.00757801
0.00752642
0.00747542
0.007425
0.00737514
0.00732584
0.0072771
0.0072289
0.00718122
0.00713407
0.00708744
0.00704132
0.0069957
0.00695058
0.00690595
0.0068618
0.00681812
0.0067749
0.00673215
0.00668986
0.00664801
0.0066066
0.00656562
0.00652506
0.00648494
0.00644523
0.00640593
0.00636702
0.00632852
0.00629041
0.0062527
0.00621536
0.00617839
0.0061418
0.00610557
0.00606971
0.00603421
0.00599906
0.00596425
0.00592979
0.00589566
0.00586187
0.0058284
0.00579527
0.00576244
0.00572994
0.00569774
0.00566586
0.00563428
0.005603
0.00557201
0.00554132
0.00551092
0.0054808
0.00545096
0.0054214
0.00539211
0.0053631
0.00533435
0.00530586
0.00527763
0.00524966
0.00522194
0.00519447
0.00516725
0.00514028
0.00511355
0.00508705
0.00506079
0.00503476
0.00500897
0.00498339
0.00495805
0.00493292
0.00490802
0.00488333
0.00485885
0.00483459
0.00481053
0.00478668
0.00476303
0.00473958
0.00471633
0.00469328
0.00467042
0.00464775
0.00462527
0.00460298
0.00458088
0.00455896
0.00453722
0.00451566
0.00449428
0.00447307
0.00445203
0.00443117
0.00441047
0.00438994
0.00436958
0.00434938
0.00432934
0.00430946
0.00428973
0.00427017
0.00425076
0.0042315
0.00421239
0.00419343
0.00417462
0.00415596
0.00413744
0.00411906
0.00410083
0.00408274
0.00406478
0.00404696
0.00402928
0.00401173
0.00399432
0.00397703
0.00395988
0.00394286
0.00392596
0.00390919
0.00389254
0.00387602
0.00385961
0.00384333
0.00382717
0.00381113
0.00379521
0.0037794
0.0037637
0.00374812
0.00373266
0.0037173
0.00370206
0.00368692
0.00367189
0.00365697
0.00364215
0.00362745
0.00361283
0.00359833
0.00358393
0.00356963
0.00355542
0.00354132
0.00352732
0.00351341
0.0034996
0.00348588
0.00347225
0.00345873
0.00344529
0.00343195
0.00341869
0.00340553
0.00339245
0.00337946
0.00336656
0.00335375
0.00334102
0.00332837
0.00331581
0.00330334
0.00329094
0.00327863
0.0032664
0.00325425
0.00324217
0.00323018
0.00321826
0.00320642
0.00319466
0.00318298
0.00317137
0.00315983
0.00314837
0.00313698
0.00312567
0.00311442
0.00310325
0.00309215
0.00308112
0.00307015
0.00305926
0.00304843
0.00303767
0.00302698
0.00301636
0.0030058
0.0029953
0.00298487
0.0029745
0.0029642
0.00295397
0.00294379
0.00293367
0.00292362
0.00291363
0.0029037
0.00289382
0.00288401
0.00287426
0.00286456
0.00285492
0.00284534
0.00283582
0.00282635
0.00281694
0.00280759
0.00279829
0.00278904
0.00277985
0.00277071
0.00276162
0.00275259
0.00274361
0.00273468
0.0027258
0.00271698
0.0027082
0.00269948
0.0026908
0.00268217
0.0026736
0.00266507
0.00265659
0.00264816
0.00263977
0.00263143
0.00262314
0.0026149
0.0026067
0.00259855
0.00259044
0.00258238
0.00257436
0.00256639
0.00255846
0.00255057
0.00254273
0.00253493
0.00252717
0.00251946
0.00251178
0.00250415
0.00249656
0.00248901
0.0024815
0.00247403
0.0024666
0.00245921
0.00245186
0.00244455
0.00243728
0.00243005
0.00242285
0.0024157
0.00240858
0.00240149
0.00239445
0.00238744
0.00238047
0.00237353
0.00236663
0.00235977
0.00235294
0.00234615
0.00233939
0.00233267
0.00232598
0.00231932
0.00231271
0.00230612
0.00229957
0.00229304
0.00228656
0.0022801
0.00227368
0.00226729
0.00226094
0.00225461
0.00224832
0.00224205
0.00223582
0.00222962
0.00222345
0.00221732
0.00221121
0.00220513
0.00219908
0.00219306
0.00218707
0.00218111
0.00217518
0.00216927
0.0021634
0.00215755
0.00215174
0.00214595
0.00214019
0.00213445
0.00212875
0.00212307
0.00211742
0.0021118
0.0021062
0.00210063
0.00209508
0.00208956
0.00208407
0.0020786
0.00207316
0.00206774
0.00206235
0.00205699
0.00205165
0.00204634
0.00204105
0.00203578
0.00203054
0.00202532
0.00202013
0.00201496
0.00200981
0.00200469
0.00199959
0.00199451
0.00198946
0.00198443
0.00197942
0.00197444
0.00196948
0.00196454
0.00195962
0.00195473
0.00194985
0.001945
0.00194017
0.00193537
0.00193058
0.00192581
0.00192107
0.00191635
0.00191164
0.00190696
0.0019023
0.00189766
0.00189304
0.00188844
0.00188386
0.0018793
0.00187476
0.00187024
0.00186574
0.00186126
0.0018568
0.00185236
0.00184793
0.00184353
0.00183914
0.00183477
0.00183043
0.0018261
0.00182179
0.00181749
0.00181322
0.00180896
0.00180472
0.0018005
0.0017963
0.00179211
0.00178794
0.00178379
0.00177966
0.00177554
0.00177145
0.00176736
0.0017633
0.00175925
0.00175522
0.00175121
0.00174721
0.00174323
0.00173926
0.00173531
0.00173138
0.00172746
0.00172356
0.00171968
0.00171581
0.00171196
0.00170812
0.0017043
0.00170049
0.0016967
0.00169292
0.00168916
0.00168542
0.00168168
0.00167797
0.00167427
0.00167058
0.00166691
0.00166325
0.00165961
0.00165598
0.00165237
0.00164877
0.00164518
0.00164161
0.00163805
0.00163451
0.00163098
0.00162746
0.00162396
0.00162047
0.001617
0.00161354
0.00161009
0.00160665
0.00160323
0.00159983
0.00159643
0.00159305
0.00158968
0.00158632
0.00158298
0.00157965
0.00157633
0.00157303
0.00156973
0.00156645
0.00156319
0.00155993
0.00155669
0.00155346
0.00155024
0.00154703
0.00154384
0.00154065
0.00153748
0.00153432
0.00153117
0.00152804
0.00152491
0.0015218
0.0015187
0.00151561
0.00151253
0.00150947
0.00150641
0.00150337
0.00150033
0.00149731
0.0014943
0.0014913
0.00148831
0.00148533
0.00148236
0.0014794
0.00147646
0.00147352
0.0014706
0.00146768
0.00146478
0.00146189
0.001459
0.00145613
0.00145327
0.00145042
0.00144758
0.00144474
0.00144192
0.00143911
0.00143631
0.00143351
0.00143073
0.00142796
0.0014252
0.00142244
0.0014197
0.00141697
0.00141424
0.00141153
0.00140882
0.00140612
0.00140344
0.00140076
0.00139809
0.00139543
0.00139279
0.00139015
0.00138752
0.00138489
0.00138228
0.00137968
0.00137708
0.00137449
0.00137192
0.00136935
0.00136678
0.00136423
0.00136169
0.00135915
0.00135663
0.00135411
0.0013516
0.0013491
0.00134661
0.00134413
0.00134165
0.00133919
0.00133673
0.00133428
0.00133184
0.00132941
0.00132698
0.00132456
0.00132215
0.00131975
0.00131736
0.00131497
0.00131259
0.00131022
0.00130786
0.0013055
0.00130316
0.00130082
0.00129848
0.00129616
0.00129384
0.00129154
0.00128923
0.00128694
0.00128465
0.00128238
0.0012801
0.00127784
0.00127558
0.00127333
0.00127109
0.00126885
0.00126663
0.0012644
0.00126219
0.00125998
0.00125778
0.00125559
0.00125341
0.00125123
0.00124905
0.00124689
0.00124473
0.00124258
0.00124043
0.00123829
0.00123617
0.00123404
0.00123192
0.00122981
0.00122771
0.00122561
0.00122352
0.00122143
0.00121935
0.00121728
0.00121521
0.00121315
0.0012111
0.00120906
0.00120702
0.00120498
0.00120296
0.00120093
0.00119892
0.00119691
0.0011949
0.00119291
0.00119092
0.00118893
0.00118695
0.00118498
0.00118301
0.00118105
0.0011791
0.00117715
0.0011752
0.00117327
0.00117134
0.00116941
0.00116749
0.00116558
0.00116367
0.00116177
0.00115987
0.00115798
0.00115609
0.00115421
0.00115233
0.00115047
0.0011486
0.00114674
0.00114489
0.00114305
0.0011412
0.00113937
0.00113754
0.00113571
0.00113389
0.00113208
0.00113027
0.00112846
0.00112666
0.00112487
0.00112308
0.0011213
0.00111952
0.00111775
0.00111598
0.00111422
0.00111246
0.00111071
0.00110896
0.00110722
0.00110548
0.00110375
0.00110202
0.0011003
0.00109858
0.00109687
0.00109516
0.00109346
0.00109176
0.00109007
0.00108838
0.0010867
0.00108502
0.00108334
0.00108167
0.00108001
0.00107835
0.00107669
0.00107504
0.0010734
0.00107176
0.00107012
0.00106849
0.00106686
0.00106524
0.00106362
0.001062
0.00106039
0.00105879
0.00105719
0.00105559
0.001054
0.00105241
0.00105083
0.00104925
0.00104768
0.00104611
0.00104454
0.00104298
0.00104142
0.00103987
0.00103832
0.00103678
0.00103524
0.0010337
0.00103217
0.00103064
0.00102912
0.0010276
0.00102608
0.00102457
0.00102307
0.00102156
0.00102006
0.00101857
0.00101708
0.00101559
0.00101411
0.00101263
0.00101115
0.00100968
0.00100821
0.00100675
0.00100529
0.00100383
0.00100238
0.00100094
0.000999492
0.000998052
0.000996615
0.000995182
0.000993754
0.000992329
0.000990909
0.000989489
0.000988074
0.000986666
0.00098526
0.000983856
0.000982457
0.000981061
0.00097967
0.000978283
0.000976899
0.000975517
0.000974138
0.000972765
0.000971395
0.000970028
0.000968665
0.000967306
0.000965949
0.000964597
0.000963246
0.000961902
0.000960559
0.000959221
0.000957886
0.000956554
0.000955226
0.0009539
0.000952576
0.000951259
0.000949944
0.000948632
0.000947323
0.000946019
0.000944717
0.000943419
0.000942123
0.00094083
0.000939541
0.000938255
0.000936972
0.000935694
0.000934418
0.000933146
0.000931875
0.000930609
0.000929345
0.000928086
0.000926828
0.000925576
0.000924325
0.000923077
0.000921833
0.000920593
0.000919354
0.00091812
0.000916888
0.000915658
0.000914433
0.000913209
0.000911991
0.000910773
0.000909559
0.000908348
0.00090714
0.000905936
0.000904733
0.000903534
0.000902337
0.000901142
0.000899952
0.000898765
0.00089758
0.000896398
0.000895218
0.000894042
0.000892869
0.000891697
0.00089053
0.000889365
0.000888203
0.000887044
0.000885888
0.000884732
0.000883583
0.000882434
0.000881288
0.000880145
0.000879006
0.000877869
0.000876733
0.000875602
0.000874473
0.000873347
0.000872223
0.000871103
0.000869984
0.000868868
0.000867755
0.000866645
0.000865538
0.000864432
0.000863329
0.000862228
0.000861131
0.000860037
0.000858944
0.000857853
0.000856766
0.000855681
0.000854599
0.000853519
0.000852441
0.000851367
0.000850294
0.000849224
0.000848156
0.00084709
0.000846029
0.000844968
0.00084391
0.000842856
0.000841804
0.000840753
0.000839705
0.00083866
0.000837617
0.000836575
0.000835537
0.000834502
0.000833469
0.000832437
0.000831409
0.000830383
0.000829359
0.000828337
0.000827316
0.0008263
0.000825285
0.000824272
0.000823263
0.000822255
0.00082125
0.000820246
0.000819246
0.000818247
0.000817249
0.000816256
0.000815264
0.000814274
0.000813286
0.000812302
0.000811317
0.000810336
0.000809357
0.000808381
0.000807407
0.000806435
0.000805464
0.000804495
0.00080353
0.000802567
0.000801606
0.000800645
0.000799688
0.000798734
0.000797781
0.000796829
0.000795879
0.000794931
0.000793986
0.000793044
0.000792102
0.000791164
0.000790225
0.000789291
0.000788358
0.000787427
0.000786499
0.000785573
0.000784647
0.000783725
0.000782805
0.000781886
0.000780969
0.000780053
0.000779141
0.000778231
0.000777322
0.000776416
0.000775511
0.000774607
0.000773707
0.000772807
0.000771911
0.000771016
0.000770123
0.000769232
0.000768342
0.000767454
0.000766568
0.000765685
0.000764803
0.000763923
0.000763045
0.000762169
0.000761295
0.000760422
0.000759551
0.000758682
0.000757814
0.000756949
0.000756086
0.000755226
0.000754366
0.000753507
0.000752653
0.000751798
0.000750945
0.000750094
0.000749245
0.000748398
0.000747553
0.00074671
0.000745866
0.000745027
0.000744188
0.000743351
0.000742517
0.000741684
0.000740852
0.000740023
0.000739196
0.00073837
0.000737544
0.000736721
0.0007359
0.00073508
0.000734263
0.000733447
0.000732632
0.00073182
0.000731009
0.000730199
0.000729391
0.000728585
0.000727782
0.000726979
0.000726176
0.000725376
0.000724579
0.000723783
0.000722988
0.000722194
0.000721402
0.000720612
0.000719823
0.000719038
0.000718253
0.000717468
0.000716686
0.000715906
0.000715127
0.00071435
0.000713574
0.0007128
0.000712027
0.000711256
0.000710488
0.000709719
0.000708953
0.000708187
0.000707425
0.000706663
0.000705902
0.000705143
0.000704385
0.00070363
0.000702876
0.000702124
0.000701373
0.000700623
0.000699874
0.000699127
0.000698382
0.000697638
0.000696896
0.000696156
0.000695416
0.000694678
0.000693941
0.000693206
0.000692472
0.000691741
0.000691009
0.000690279
0.000689552
0.000688824
0.000688099
0.000687376
0.000686653
0.000685933
0.000685213
0.000684495
0.000683778
0.000683063
0.000682348
0.000681636
0.000680926
0.000680216
0.000679508
0.000678801
0.000678094
0.000677389
0.000676686
0.000675984
0.000675284
0.000674585
0.000673887
0.000673191
0.000672496
0.000671802
0.00067111
0.000670419
0.00066973
0.000669041
0.000668354
0.000667667
0.000666983
0.0006663
0.000665618
0.000664938
0.000664258
0.00066358
0.000662903
0.000662227
0.000661553
0.00066088
0.000660208
0.000659538
0.000658869
0.000658201
0.000657534
0.000656869
0.000656205
0.000655542
0.00065488
0.00065422
0.000653561
0.000652903
0.000652247
0.000651592
0.000650937
0.000650285
0.000649632
0.000648982
0.000648334
0.000647685
0.000647038
0.000646392
0.000645748
0.000645105
0.000644463
0.000643823
0.000643183
0.000642545
0.000641907
0.00064127
0.000640635
0.000640002
0.000639369
0.000638738
0.000638107
0.000637478
0.00063685
0.000636223
0.000635597
0.000634972
0.000634348
0.000633726
0.000633104
0.000632483
0.000631864
0.000631246
0.000630629
0.000630012
0.000629398
0.000628784
0.000628171
0.00062756
0.00062695
0.00062634
0.000625732
0.000625125
0.000624519
0.000623914
0.00062331
0.000622708
0.000622106
0.000621506
0.000620906
0.000620308
0.000619711
0.000619115
0.000618519
0.000617926
0.000617333
0.00061674
0.000616149
0.000615561
0.000614971
0.000614383
0.000613797
0.000613211
0.000612626
0.000612042
0.000611459
0.000610878
0.000610298
0.000609718
0.00060914
0.000608562
0.000607985
0.00060741
0.000606836
0.000606262
0.00060569
0.000605118
0.000604548
0.000603978
0.00060341
0.000602842
0.000602276
0.000601711
0.000601147
0.000600584
0.000600022
0.000599461
0.0005989
0.000598342
0.000597783
0.000597225
0.000596669
0.000596113
0.000595558
0.000595004
0.000594452
0.0005939
0.00059335
0.0005928
0.000592251
0.000591703
0.000591156
0.00059061
0.000590065
0.000589521
0.000588977
0.000588434
0.000587892
0.000587352
0.000586812
0.000586273
0.000585735
0.000585199
0.000584663
0.000584128
0.000583594
0.000583061
0.000582528
0.000581996
0.000581465
0.000580935
0.000580406
0.000579878
0.000579351
0.000578825
0.000578301
0.000577776
0.000577252
0.00057673
0.000576209
0.000575688
0.000575168
0.000574648
0.00057413
0.000573613
0.000573096
0.00057258
0.000572065
0.000571551
0.000571037
0.000570526
0.000570014
0.000569504
0.000568994
0.000568484
0.000567977
0.000567469
0.000566964
0.000566458
0.000565952
0.000565448
0.000564946
0.000564444
0.000563943
0.000563442
0.000562943
0.000562444
0.000561947
0.000561449
0.000560953
0.000560458
0.000559963
0.000559469
0.000558975
0.000558483
0.000557991
0.000557501
0.000557012
0.000556523
0.000556035
0.000555546
0.00055506
0.000554574
0.000554089
0.000553605
0.000553122
0.000552638
0.000552157
0.000551676
0.000551195
0.000550716
0.000550237
0.000549759
0.000549281
0.000548806
0.00054833
0.000547855
0.000547381
0.000546907
0.000546435
0.000545964
0.000545493
0.000545022
0.000544552
0.000544083
0.000543615
0.000543148
0.000542681
0.000542216
0.00054175
0.000541286
0.000540822
0.000540359
0.000539897
0.000539435
0.000538976
0.000538515
0.000538056
0.000537597
0.00053714
0.000536683
0.000536226
0.00053577
0.000535316
0.000534862
0.000534409
0.000533956
0.000533504
0.000533052
0.000532602
0.000532152
0.000531703
0.000531255
0.000530807
0.000530361
0.000529914
0.000529469
0.000529023
0.00052858
0.000528136
0.000527693
0.00052725
0.000526809
0.000526368
0.000525929
0.000525489
0.000525051
0.000524613
0.000524175
0.000523739
0.000523302
0.000522868
0.000522432
0.000521998
0.000521564
0.000521132
0.000520699
0.000520268
0.000519837
0.000519407
0.000518978
0.00051855
0.000518121
0.000517693
0.000517266
0.00051684
0.000516415
0.00051599
0.000515566
0.000515143
0.000514721
0.000514299
0.000513878
0.000513456
0.000513035
0.000512616
0.000512197
0.000511779
0.00051136
0.000510944
0.000510527
0.000510111
0.000509697
0.000509283
0.000508868
0.000508456
0.000508044
0.000507632
0.000507221
0.00050681
0.0005064
0.00050599
0.000505581
0.000505173
0.000504765
0.000504357
0.000503951
0.000503545
0.000503141
0.000502736
0.000502332
0.000501928
0.000501525
0.000501122
0.000500721
0.00050032
0.000499918
0.000499518
0.000499119
0.000498721
0.000498322
0.000497925
0.000497528
0.000497132
0.000496737
0.000496341
0.000495947
0.000495553
0.000495159
0.000494766
0.000494373
0.000493983
0.000493591
0.0004932
0.00049281
0.000492421
0.000492032
0.000491644
0.000491257
0.000490871
0.000490484
0.000490097
0.000489712
0.000489327
0.000488943
0.000488559
0.000488176
0.000487793
0.000487411
0.000487031
0.000486651
0.00048627
0.00048589
0.000485511
0.000485133
0.000484755
0.000484377
0.000484
0.000483624
0.000483248
0.000482873
0.000482497
0.000482124
0.00048175
0.000481377
0.000481004
0.000480632
0.00048026
0.00047989
0.000479518
0.000479149
0.000478779
0.00047841
0.000478041
0.000477673
0.000477306
0.000476939
0.000476572
0.000476207
0.000475842
0.000475477
0.000475112
0.00047475
0.000474386
0.000474023
0.000473661
0.0004733
0.000472938
0.000472577
0.000472218
0.000471857
0.000471499
0.000471139
0.000470781
0.000470424
0.000470068
0.000469711
0.000469355
0.000468999
0.000468645
0.000468291
0.000467937
0.000467584
0.000467231
0.000466879
0.000466526
0.000466175
0.000465824
0.000465473
0.000465123
0.000464774
0.000464425
0.000464077
0.000463729
0.000463381
0.000463034
0.000462687
0.000462341
0.000461996
0.00046165
0.000461306
0.000460963
0.000460618
0.000460275
0.000459932
0.000459591
0.000459249
0.000458907
0.000458567
0.000458226
0.000457886
0.000457548
0.000457208
0.00045687
0.000456531
0.000456194
0.000455856
0.000455519
0.000455183
0.000454847
0.000454511
0.000454177
0.000453842
0.000453508
0.000453176
0.000452843
0.000452511
0.000452179
0.000451847
0.000451516
0.000451185
0.000450855
0.000450525
0.000450196
0.000449866
0.000449538
0.000449209
0.000448882
0.000448555
0.000448228
0.000447902
0.000447577
0.000447251
0.000446926
0.000446602
0.000446277
0.000445954
0.000445632
0.000445308
0.000444985
0.000444664
0.000444342
0.000444021
0.000443701
0.000443381
0.00044306
0.000442741
0.000442423
0.000442104
0.000441786
0.000441468
0.000441151
0.000440834
0.000440518
0.000440202
0.000439886
0.000439571
0.000439257
0.000438943
0.000438629
0.000438317
0.000438004
0.000437691
0.000437379
0.000437067
0.000436757
0.000436446
0.000436135
0.000435825
0.000435515
0.000435206
0.000434898
0.00043459
0.000434282
0.000433975
0.000433668
0.00043336
0.000433054
0.000432748
0.000432443
0.000432137
0.000431833
0.000431528
0.000431224
0.000430921
0.000430618
0.000430315
0.000430013
0.000429711
0.000429409
0.000429109
0.000428807
0.000428507
0.000428207
0.000427907
0.000427608
0.00042731
0.000427011
0.000426713
0.000426416
0.000426118
0.000425821
0.000425525
0.000425229
0.000424933
0.000424638
0.000424343
0.000424049
0.000423754
0.000423461
0.000423168
0.000422875
0.000422582
0.00042229
0.000421998
0.000421707
0.000421415
0.000421125
0.000420835
0.000420545
0.000420256
0.000419966
0.000419677
0.000419389
0.000419101
0.000418813
0.000418525
0.000418239
0.000417953
0.000417666
0.00041738
0.000417095
0.000416809
0.000416525
0.000416242
0.000415958
0.000415674
0.000415391
0.000415108
0.000414826
0.000414544
0.000414262
0.000413981
0.0004137
0.000413418
0.000413138
0.000412858
0.000412578
0.000412298
0.000412019
0.000411741
0.000411462
0.000411184
0.000410906
0.00041063
0.000410352
0.000410076
0.0004098
0.000409525
0.000409249
0.000408975
0.000408701
0.000408426
0.000408152
0.000407879
0.000407605
0.000407332
0.000407059
0.000406787
0.000406514
0.000406241
0.00040597
0.000405698
0.000405428
0.000405157
0.000404887
0.000404617
0.000404347
0.000404078
0.000403809
0.000403541
0.000403273
0.000403005
0.000402737
0.00040247
0.000402204
0.000401937
0.000401671
0.000401405
0.00040114
0.000400875
0.00040061
0.000400346
0.000400081
0.000399818
0.000399554
0.00039929
0.000399028
0.000398765
0.000398503
0.000398241
0.00039798
0.000397718
0.000397457
0.000397197
0.000396936
0.000396676
0.000396415
0.000396156
0.000395897
0.000395638
0.000395379
0.000395121
0.000394864
0.000394606
0.000394349
0.000394092
0.000393836
0.000393581
0.000393324
0.000393069
0.000392814
0.000392559
0.000392305
0.000392051
0.000391797
0.000391543
0.000391289
0.000391037
0.000390784
0.000390531
0.000390278
0.000390026
0.000389774
0.000389523
0.000389272
0.00038902
0.00038877
0.00038852
0.00038827
0.00038802
0.000387771
0.000387522
0.000387274
0.000387026
0.000386777
0.00038653
0.000386283
0.000386036
0.00038579
0.000385543
0.000385297
0.000385051
0.000384806
0.000384561
0.000384316
0.00038407
0.000383826
0.000383582
0.000383338
0.000383094
0.00038285
0.000382608
0.000382366
0.000382123
0.00038188
0.000381639
0.000381397
0.000381156
0.000380915
0.000380674
0.000380433
0.000380193
0.000379954
0.000379715
0.000379475
0.000379236
0.000378997
0.000378759
0.000378521
0.000378283
0.000378046
0.000377808
0.000377571
0.000377334
0.000377097
0.000376862
0.000376626
0.00037639
0.000376155
0.000375919
0.000375685
0.000375451
0.000375216
0.000374982
0.000374748
0.000374515
0.000374281
0.000374049
0.000373816
0.000373584
0.000373352
0.00037312
0.000372888
0.000372657
0.000372426
0.000372196
0.000371964
0.000371734
0.000371506
0.000371276
0.000371047
0.000370818
0.000370589
0.000370361
0.000370132
0.000369904
0.000369677
0.00036945
0.000369223
0.000368996
0.000368769
0.000368543
0.000368317
0.000368091
0.000367865
0.000367639
0.000367414
0.000367189
0.000366964
0.000366739
0.000366516
0.000366291
0.000366067
0.000365844
0.000365621
0.000365398
0.000365176
0.000364954
0.000364731
0.00036451
0.000364289
0.000364068
0.000363847
0.000363627
0.000363406
0.000363187
0.000362967
0.000362747
0.000362527
0.000362309
0.00036209
0.000361871
0.000361653
0.000361434
0.000361216
0.000360998
0.00036078
0.000360563
0.000360345
0.000360129
0.000359912
0.000359696
0.00035948
0.000359264
0.000359048
0.000358833
0.000358618
0.000358403
0.000358188
0.000357974
0.000357761
0.000357547
0.000357334
0.00035712
0.000356907
0.000356695
0.000356481
0.000356269
0.000356057
0.000355845
0.000355633
0.000355422
0.00035521
0.000354999
0.000354788
0.000354578
0.000354367
0.000354157
0.000353946
0.000353737
0.000353527
0.000353318
0.000353109
0.000352901
0.000352691
0.000352483
0.000352275
0.000352067
0.00035186
0.000351651
0.000351444
0.000351238
0.000351031
0.000350824
0.000350618
0.000350412
0.000350206
0.000350001
0.000349795
0.00034959
0.000349385
0.000349181
0.000348976
0.000348772
0.000348567
0.000348364
0.00034816
0.000347957
0.000347753
0.00034755
0.000347347
0.000347145
0.000346944
0.000346742
0.00034654
0.000346338
0.000346137
0.000345936
0.000345735
0.000345534
0.000345332
0.000345132
0.000344932
0.000344733
0.000344532
0.000344332
0.000344133
0.000343934
0.000343735
0.000343537
0.000343338
0.00034314
0.000342942
0.000342745
0.000342547
0.00034235
0.000342153
0.000341957
0.000341759
0.000341563
0.000341367
0.000341172
0.000340976
0.000340781
0.000340585
0.00034039
0.000340195
0.000340001
0.000339806
0.000339612
0.000339418
0.000339224
0.00033903
0.000338836
0.000338643
0.000338451
0.000338258
0.000338065
0.000337873
0.000337681
0.000337489
0.000337297
0.000337105
0.000336913
0.000336722
0.000336531
0.00033634
0.00033615
0.000335959
0.000335769
0.000335579
0.00033539
0.000335201
0.000335011
0.000334822
0.000334633
0.000334444
0.000334256
0.000334067
0.00033388
0.000333692
0.000333504
0.000333316
0.00033313
0.000332942
0.000332755
0.000332569
0.000332382
0.000332196
0.000332009
0.000331823
0.000331637
0.000331452
0.000331266
0.000331081
0.000330896
0.000330711
0.000330526
0.000330341
0.000330157
0.000329973
0.000329789
0.000329605
0.000329421
0.000329237
0.000329055
0.000328872
0.000328689
0.000328507
0.000328324
0.000328142
0.00032796
0.000327778
0.000327596
0.000327415
0.000327233
0.000327053
0.000326872
0.000326692
0.000326511
0.00032633
0.00032615
0.000325971
0.000325791
0.000325611
0.000325432
0.000325252
0.000325073
0.000324895
0.000324716
0.000324538
0.000324359
0.000324182
0.000324004
0.000323827
0.000323649
0.000323472
0.000323294
0.000323117
0.00032294
0.000322763
0.000322587
0.00032241
0.000322235
0.000322059
0.000321883
0.000321707
0.000321532
0.000321357
0.000321182
0.000321008
0.000320832
0.000320658
0.000320484
0.00032031
0.000320136
0.000319963
0.000319789
0.000319616
0.000319443
0.00031927
0.000319097
0.000318925
0.000318752
0.00031858
0.000318407
0.000318236
0.000318064
0.000317893
0.000317721
0.00031755
0.000317379
0.000317208
0.000317037
0.000316866
0.000316696
0.000316526
0.000316355
0.000316186
0.000316016
0.000315846
0.000315677
0.000315508
0.00031534
0.000315171
0.000315002
0.000314833
0.000314665
0.000314496
0.000314329
0.000314162
0.000313994
0.000313826
0.000313659
0.000313492
0.000313325
0.000313159
0.000312992
0.000312825
0.000312659
0.000312493
0.000312327
0.000312161
0.000311996
0.00031183
0.000311665
0.0003115
0.000311335
0.00031117
0.000311006
0.000310841
0.000310677
0.000310513
0.000310349
0.000310185
0.000310022
0.000309858
0.000309695
0.000309531
0.000309369
0.000309206
0.000309043
0.000308881
0.000308719
0.000308557
0.000308395
0.000308233
0.000308072
0.000307911
0.000307749
0.000307588
0.000307427
0.000307267
0.000307105
0.000306946
0.000306785
0.000306625
0.000306465
0.000306305
0.000306145
0.000305986
0.000305827
0.000305667
0.000305508
0.000305349
0.00030519
0.000305031
0.000304872
0.000304713
0.000304555
0.000304397
0.000304239
0.000304081
0.000303924
0.000303766
0.000303609
0.000303452
0.000303295
0.000303138
0.000302981
0.000302825
0.000302668
0.000302512
0.000302356
0.000302201
0.000302045
0.000301889
0.000301733
0.000301578
0.000301423
0.000301267
0.000301112
0.000300957
0.000300803
0.000300648
0.000300494
0.000300339
0.000300185
0.00030003
0.000299877
0.000299724
0.00029957
0.000299417
0.000299263
0.00029911
0.000298957
0.000298804
0.000298651
0.000298499
0.000298346
0.000298194
0.000298041
0.00029789
0.000297739
0.000297587
0.000297436
0.000297284
0.000297133
0.000296982
0.000296831
0.000296681
0.00029653
0.00029638
0.00029623
0.000296079
0.000295929
0.000295779
0.00029563
0.00029548
0.000295331
0.000295182
0.000295033
0.000294883
0.000294734
0.000294586
0.000294437
0.000294289
0.00029414
0.000293992
0.000293843
0.000293695
0.000293547
0.0002934
0.000293252
0.000293105
0.000292958
0.000292811
0.000292664
0.000292517
0.000292371
0.000292225
0.000292079
0.000291932
0.000291787
0.000291641
0.000291495
0.00029135
0.000291204
0.000291059
0.000290914
0.000290769
0.000290624
0.00029048
0.000290335
0.00029019
0.000290046
0.000289902
0.000289758
0.000289614
0.000289469
0.000289326
0.000289182
0.000289038
0.000288895
0.000288752
0.000288609
0.000288466
0.000288322
0.00028818
0.000288037
0.000287894
0.000287752
0.00028761
0.000287467
0.000287325
0.000287183
0.000287041
0.0002869
0.000286758
0.000286618
0.000286476
0.000286336
0.000286194
0.000286054
0.000285913
0.000285773
0.000285632
0.000285492
0.000285352
0.000285212
0.000285072
0.000284933
0.000284793
0.000284655
0.000284515
0.000284376
0.000284238
0.0002841
0.000283961
0.000283823
0.000283685
0.000283546
0.000283409
0.00028327
0.000283131
0.000282994
0.000282856
0.000282718
0.00028258
0.000282443
0.000282306
0.000282169
0.000282031
0.000281894
0.000281758
0.000281621
0.000281484
0.000281348
0.000281212
0.000281076
0.00028094
0.000280804
0.000280668
0.000280532
0.000280396
0.000280261
0.000280126
0.000279991
0.000279856
0.000279721
0.000279586
0.000279451
0.000279317
0.000279182
0.000279048
0.000278914
0.00027878
0.000278646
0.000278512
0.000278379
0.000278245
0.000278111
0.000277978
0.000277845
0.000277713
0.000277579
0.000277446
0.000277314
0.000277181
0.000277048
0.000276916
0.000276783
0.000276651
0.000276519
0.000276387
0.000276255
0.000276123
0.000275991
0.000275861
0.000275729
0.000275598
0.000275467
0.000275336
0.000275204
0.000275074
0.000274943
0.000274812
0.000274682
0.000274551
0.000274421
0.000274291
0.000274161
0.000274031
0.000273901
0.000273771
0.000273642
0.000273513
0.000273383
0.000273255
0.000273126
0.000272997
0.000272868
0.000272739
0.000272611
0.000272482
0.000272354
0.000272226
0.000272098
0.00027197
0.000271842
0.000271713
0.000271586
0.000271458
0.00027133
0.000271203
0.000271075
0.000270948
0.000270821
0.000270694
0.000270567
0.00027044
0.000270314
0.000270188
0.000270062
0.000269935
0.000269809
0.000269683
0.000269557
0.000269432
0.000269306
0.000269181
0.000269056
0.000268931
0.000268805
0.00026868
0.000268556
0.000268431
0.000268306
0.000268182
0.000268057
0.000267933
0.000267809
0.000267684
0.00026756
0.000267437
0.000267312
0.000267189
0.000267065
0.000266942
0.000266819
0.000266695
0.000266572
0.000266449
0.000266326
0.000266204
0.000266081
0.000265958
0.000265835
0.000265713
0.00026559
0.000265467
0.000265345
0.000265223
0.000265101
0.000264979
0.000264858
0.000264736
0.000264614
0.000264493
0.000264372
0.00026425
0.000264129
0.000264008
0.000263887
0.000263766
0.000263645
0.000263524
0.000263404
0.000263283
0.000263163
0.000263043
0.000262923
0.000262804
0.000262684
0.000262564
0.000262445
0.000262325
0.000262206
0.000262087
0.000261969
0.000261849
0.00026173
0.000261611
0.000261493
0.000261374
0.000261255
0.000261137
0.000261019
0.000260901
0.000260783
0.000260665
0.000260547
0.000260429
0.000260312
0.000260194
0.000260077
0.00025996
0.000259843
0.000259726
0.000259609
0.000259491
0.000259374
0.000259257
0.00025914
0.000259023
0.000258907
0.00025879
0.000258673
0.000258557
0.00025844
0.000258325
0.000258208
0.000258092
0.000257977
0.000257861
0.000257745
0.00025763
0.000257514
0.000257399
0.000257284
0.000257169
0.000257054
0.000256939
0.000256824
0.000256709
0.000256595
0.00025648
0.000256366
0.000256252
0.000256137
0.000256023
0.000255909
0.000255795
0.000255682
0.000255568
0.000255455
0.000255342
0.000255228
0.000255115
0.000255002
0.000254889
0.000254777
0.000254664
0.000254551
0.000254439
0.000254326
0.000254214
0.000254101
0.000253989
0.000253876
0.000253765
0.000253652
0.00025354
0.000253429
0.000253317
0.000253205
0.000253093
0.000252981
0.00025287
0.000252758
0.000252647
0.000252535
0.000252424
0.000252313
0.000252202
0.000252091
0.00025198
0.000251869
0.000251758
0.000251648
0.000251537
0.000251426
0.000251316
0.000251206
0.000251096
0.000250986
0.000250876
0.000250766
0.000250656
0.000250546
0.000250436
0.000250327
0.000250217
0.000250108
0.000249999
0.000249889
0.00024978
0.000249671
0.000249562
0.000249453
0.000249345
0.000249236
0.000249128
0.000249019
0.000248911
0.000248803
0.000248695
0.000248587
0.000248478
0.000248371
0.000248263
0.000248155
