0.200362
0.154799
0.135306
0.1296
0.126018
0.122943
0.120182
0.117695
0.115456
0.113443
0.111635
0.11001
0.108547
0.107225
0.106027
0.104935
0.103935
0.103013
0.102158
0.101362
0.100616
0.0999132
0.0992491
0.0986187
0.0980181
0.0974442
0.0968942
0.096366
0.0958576
0.0953675
0.0948943
0.094437
0.0939944
0.0935657
0.0931502
0.0927469
0.092355
0.0919737
0.0916022
0.0912393
0.090884
0.0905351
0.0901912
0.0898507
0.0895118
0.0891725
0.0888304
0.0884827
0.0881263
0.0877576
0.0873721
0.0869648
0.0865299
0.0860604
0.0855483
0.0849843
0.0843575
0.0836551
0.0828612
0.0819557
0.0809107
0.0796876
0.0782343
0.0764915
0.0744219
0.0720688
0.0696037
0.0672696
0.06524
0.0635454
0.0621159
0.0608481
0.0596396
0.0583959
0.0570267
0.0554428
0.0535562
0.0512779
0.0484959
0.0450262
0.0406177
0.0352678
0.0298329
0.0256932
0.0232457
0.0218397
0.0208842
0.020122
0.0194645
0.0188797
0.018353
0.017875
0.0174388
0.0170385
0.0166694
0.0163273
0.0160089
0.0157113
0.0154319
0.0151687
0.0149199
0.0146841
0.0144598
0.014246
0.0140417
0.0138461
0.0136585
0.0134782
0.0133047
0.0131376
0.0129764
0.0128207
0.0126704
0.012525
0.0123843
0.0122482
0.0121164
0.0119887
0.0118651
0.0117452
0.011629
0.0115163
0.011407
0.011301
0.0111981
0.0110982
0.0110013
0.0109071
0.0108155
0.0107266
0.0106401
0.0105559
0.0104739
0.0103941
0.0103163
0.0102404
0.0101664
0.0100942
0.0100237
0.00995472
0.00988731
0.00982136
0.00975681
0.00969359
0.00963165
0.00957091
0.00951134
0.00945288
0.00939549
0.0093391
0.0092837
0.00922923
0.00917567
0.00912296
0.00907109
0.00902001
0.00896971
0.00892014
0.0088713
0.00882314
0.00877566
0.00872882
0.0086826
0.00863698
0.00859195
0.0085475
0.00850358
0.00846021
0.00841735
0.008375
0.00833313
0.00829173
0.00825081
0.00821033
0.0081703
0.0081307
0.00809151
0.00805273
0.00801435
0.00797634
0.00793873
0.00790149
0.00786461
0.00782808
0.00779188
0.00775604
0.00772053
0.00768535
0.00765047
0.00761591
0.00758165
0.0075477
0.00751404
0.00748066
0.00744757
0.00741475
0.0073822
0.00734993
0.00731792
0.00728616
0.00725465
0.00722339
0.00719238
0.00716161
0.00713108
0.00710078
0.0070707
0.00704086
0.00701124
0.00698183
0.00695264
0.00692366
0.00689489
0.00686632
0.00683797
0.0068098
0.00678185
0.00675407
0.00672649
0.00669912
0.00667191
0.0066449
0.00661806
0.00659141
0.00656493
0.00653864
0.00651251
0.00648655
0.00646077
0.00643515
0.0064097
0.00638441
0.00635928
0.00633431
0.0063095
0.00628485
0.00626036
0.00623601
0.00621183
0.00618778
0.00616389
0.00614015
0.00611654
0.00609308
0.00606977
0.0060466
0.00602357
0.00600068
0.00597792
0.00595531
0.00593283
0.00591049
0.00588827
0.0058662
0.00584424
0.00582243
0.00580074
0.00577917
0.00575774
0.00573643
0.00571524
0.00569418
0.00567325
0.00565244
0.00563175
0.00561117
0.00559072
0.00557038
0.00555017
0.00553007
0.00551009
0.00549022
0.00547047
0.00545083
0.00543131
0.0054119
0.00539259
0.00537341
0.00535433
0.00533536
0.0053165
0.00529775
0.0052791
0.00526057
0.00524214
0.00522381
0.00520559
0.00518748
0.00516947
0.00515156
0.00513376
0.00511606
0.00509845
0.00508096
0.00506355
0.00504625
0.00502906
0.00501195
0.00499495
0.00497804
0.00496123
0.00494452
0.0049279
0.00491138
0.00489495
0.00487862
0.00486238
0.00484623
0.00483018
0.00481422
0.00479835
0.00478257
0.00476688
0.00475128
0.00473578
0.00472035
0.00470502
0.00468978
0.00467462
0.00465955
0.00464457
0.00462967
0.00461485
0.00460013
0.00458549
0.00457093
0.00455645
0.00454206
0.00452775
0.00451352
0.00449937
0.0044853
0.00447132
0.00445741
0.00444358
0.00442984
0.00441616
0.00440257
0.00438906
0.00437562
0.00436226
0.00434897
0.00433577
0.00432263
0.00430957
0.00429658
0.00428367
0.00427083
0.00425806
0.00424537
0.00423274
0.00422019
0.00420771
0.0041953
0.00418296
0.00417069
0.00415848
0.00414634
0.00413428
0.00412227
0.00411034
0.00409847
0.00408668
0.00407494
0.00406328
0.00405167
0.00404013
0.00402865
0.00401724
0.00400588
0.0039946
0.00398338
0.00397221
0.00396111
0.00395006
0.00393909
0.00392816
0.0039173
0.0039065
0.00389575
0.00388507
0.00387444
0.00386387
0.00385336
0.0038429
0.0038325
0.00382216
0.00381187
0.00380163
0.00379146
0.00378133
0.00377126
0.00376125
0.00375128
0.00374137
0.00373151
0.0037217
0.00371195
0.00370225
0.0036926
0.00368299
0.00367344
0.00366394
0.00365449
0.00364508
0.00363573
0.00362643
0.00361717
0.00360796
0.0035988
0.00358968
0.00358061
0.00357159
0.00356262
0.00355369
0.00354481
0.00353597
0.00352717
0.00351843
0.00350972
0.00350106
0.00349244
0.00348387
0.00347534
0.00346685
0.00345841
0.00345
0.00344164
0.00343332
0.00342504
0.0034168
0.00340861
0.00340045
0.00339233
0.00338426
0.00337622
0.00336822
0.00336026
0.00335235
0.00334446
0.00333662
0.00332882
0.00332105
0.00331332
0.00330563
0.00329797
0.00329036
0.00328277
0.00327523
0.00326772
0.00326024
0.00325281
0.0032454
0.00323803
0.0032307
0.0032234
0.00321614
0.00320891
0.00320171
0.00319455
0.00318742
0.00318032
0.00317326
0.00316623
0.00315923
0.00315226
0.00314532
0.00313842
0.00313156
0.00312472
0.00311791
0.00311113
0.00310439
0.00309767
0.00309099
0.00308433
0.00307771
0.00307111
0.00306455
0.00305801
0.00305151
0.00304503
0.00303858
0.00303216
0.00302577
0.00301941
0.00301307
0.00300677
0.00300049
0.00299424
0.00298801
0.00298181
0.00297565
0.0029695
0.00296339
0.0029573
0.00295124
0.0029452
0.00293919
0.0029332
0.00292725
0.00292132
0.00291541
0.00290953
0.00290367
0.00289784
0.00289203
0.00288625
0.00288049
0.00287476
0.00286905
0.00286336
0.0028577
0.00285207
0.00284645
0.00284086
0.00283529
0.00282975
0.00282423
0.00281873
0.00281326
0.0028078
0.00280237
0.00279697
0.00279158
0.00278622
0.00278087
0.00277556
0.00277026
0.00276498
0.00275972
0.00275449
0.00274928
0.00274409
0.00273892
0.00273377
0.00272864
0.00272353
0.00271844
0.00271337
0.00270833
0.0027033
0.00269829
0.00269331
0.00268833
0.00268339
0.00267846
0.00267355
0.00266866
0.00266379
0.00265893
0.0026541
0.00264929
0.00264449
0.00263971
0.00263495
0.00263022
0.00262549
0.00262079
0.00261611
0.00261144
0.00260679
0.00260216
0.00259754
0.00259295
0.00258836
0.00258381
0.00257926
0.00257474
0.00257022
0.00256573
0.00256125
0.0025568
0.00255235
0.00254792
0.00254352
0.00253912
0.00253475
0.00253038
0.00252604
0.00252171
0.0025174
0.0025131
0.00250882
0.00250455
0.00250031
0.00249607
0.00249186
0.00248765
0.00248346
0.00247929
0.00247513
0.00247099
0.00246686
0.00246275
0.00245865
0.00245457
0.0024505
0.00244644
0.0024424
0.00243838
0.00243437
0.00243037
0.00242639
0.00242242
0.00241847
0.00241453
0.0024106
0.00240668
0.00240279
0.0023989
0.00239503
0.00239117
0.00238733
0.00238349
0.00237967
0.00237587
0.00237208
0.0023683
0.00236453
0.00236078
0.00235704
0.00235331
0.0023496
0.00234589
0.00234221
0.00233853
0.00233486
0.00233121
0.00232757
0.00232395
0.00232033
0.00231673
0.00231314
0.00230956
0.00230599
0.00230244
0.0022989
0.00229536
0.00229184
0.00228834
0.00228484
0.00228135
0.00227788
0.00227442
0.00227097
0.00226753
0.0022641
0.00226069
0.00225728
0.00225389
0.0022505
0.00224713
0.00224377
0.00224042
0.00223708
0.00223375
0.00223043
0.00222712
0.00222383
0.00222054
0.00221726
0.002214
0.00221074
0.0022075
0.00220427
0.00220104
0.00219783
0.00219462
0.00219143
0.00218825
0.00218507
0.00218191
0.00217876
0.00217561
0.00217248
0.00216935
0.00216624
0.00216313
0.00216004
0.00215696
0.00215388
0.00215081
0.00214776
0.00214471
0.00214167
0.00213864
0.00213562
0.00213261
0.00212961
0.00212662
0.00212364
0.00212066
0.0021177
0.00211474
0.00211179
0.00210886
0.00210593
0.00210301
0.0021001
0.0020972
0.0020943
0.00209142
0.00208854
0.00208567
0.00208281
0.00207996
0.00207711
0.00207428
0.00207146
0.00206864
0.00206583
0.00206303
0.00206024
0.00205745
0.00205468
0.00205191
0.00204915
0.00204639
0.00204365
0.00204091
0.00203819
0.00203546
0.00203275
0.00203005
0.00202735
0.00202466
0.00202198
0.00201931
0.00201664
0.00201398
0.00201133
0.00200869
0.00200605
0.00200343
0.0020008
0.00199819
0.00199558
0.00199299
0.00199039
0.00198781
0.00198523
0.00198266
0.0019801
0.00197755
0.001975
0.00197246
0.00196992
0.0019674
0.00196488
0.00196237
0.00195986
0.00195736
0.00195487
0.00195238
0.00194991
0.00194744
0.00194497
0.00194251
0.00194006
0.00193762
0.00193518
0.00193275
0.00193032
0.0019279
0.00192549
0.00192309
0.00192069
0.0019183
0.00191591
0.00191353
0.00191116
0.0019088
0.00190644
0.00190408
0.00190173
0.0018994
0.00189706
0.00189473
0.00189241
0.00189009
0.00188778
0.00188548
0.00188318
0.00188089
0.00187861
0.00187633
0.00187405
0.00187178
0.00186952
0.00186727
0.00186502
0.00186277
0.00186054
0.0018583
0.00185608
0.00185386
0.00185164
0.00184943
0.00184723
0.00184503
0.00184284
0.00184065
0.00183847
0.0018363
0.00183413
0.00183197
0.00182981
0.00182765
0.00182551
0.00182337
0.00182123
0.0018191
0.00181697
0.00181486
0.00181274
0.00181063
0.00180852
0.00180643
0.00180433
0.00180225
0.00180016
0.00179808
0.00179601
0.00179394
0.00179188
0.00178982
0.00178777
0.00178573
0.00178368
0.00178165
0.00177962
0.00177759
0.00177557
0.00177355
0.00177154
0.00176953
0.00176753
0.00176554
0.00176354
0.00176156
0.00175957
0.0017576
0.00175563
0.00175366
0.0017517
0.00174974
0.00174779
0.00174584
0.00174389
0.00174195
0.00174002
0.00173809
0.00173617
0.00173425
0.00173233
0.00173042
0.00172851
0.00172661
0.00172471
0.00172282
0.00172093
0.00171905
0.00171717
0.00171529
0.00171342
0.00171156
0.00170969
0.00170784
0.00170599
0.00170414
0.00170229
0.00170045
0.00169862
0.00169679
0.00169496
0.00169314
0.00169132
0.0016895
0.00168769
0.00168589
0.00168409
0.00168229
0.0016805
0.00167871
0.00167693
0.00167514
0.00167337
0.0016716
0.00166983
0.00166806
0.0016663
0.00166455
0.0016628
0.00166105
0.0016593
0.00165756
0.00165583
0.00165409
0.00165237
0.00165064
0.00164892
0.00164721
0.00164549
0.00164378
0.00164208
0.00164038
0.00163868
0.00163699
0.0016353
0.00163362
0.00163193
0.00163026
0.00162858
0.00162691
0.00162524
0.00162358
0.00162192
0.00162027
0.00161862
0.00161697
0.00161532
0.00161368
0.00161205
0.00161041
0.00160878
0.00160716
0.00160553
0.00160391
0.0016023
0.00160069
0.00159908
0.00159747
0.00159587
0.00159427
0.00159268
0.00159109
0.0015895
0.00158792
0.00158634
0.00158476
0.00158318
0.00158162
0.00158004
0.00157848
0.00157692
0.00157537
0.00157381
0.00157226
0.00157072
0.00156917
0.00156763
0.00156609
0.00156456
0.00156303
0.0015615
0.00155998
0.00155846
0.00155694
0.00155543
0.00155392
0.00155241
0.0015509
0.0015494
0.0015479
0.00154641
0.00154492
0.00154343
0.00154194
0.00154046
0.00153898
0.00153751
0.00153603
0.00153456
0.00153309
0.00153163
0.00153017
0.00152871
0.00152726
0.00152581
0.00152436
0.00152291
0.00152147
0.00152003
0.00151859
0.00151716
0.00151573
0.0015143
0.00151288
0.00151145
0.00151003
0.00150862
0.0015072
0.0015058
0.00150439
0.00150298
0.00150158
0.00150018
0.00149879
0.00149739
0.001496
0.00149462
0.00149323
0.00149185
0.00149047
0.00148909
0.00148772
0.00148635
0.00148498
0.00148362
0.00148225
0.0014809
0.00147954
0.00147818
0.00147683
0.00147548
0.00147413
0.00147279
0.00147145
0.00147011
0.00146878
0.00146744
0.00146612
0.00146479
0.00146346
0.00146214
0.00146082
0.0014595
0.00145819
0.00145688
0.00145557
0.00145426
0.00145296
0.00145166
0.00145036
0.00144906
0.00144777
0.00144647
0.00144519
0.0014439
0.00144262
0.00144133
0.00144006
0.00143878
0.00143751
0.00143623
0.00143496
0.0014337
0.00143244
0.00143117
0.00142991
0.00142866
0.0014274
0.00142615
0.0014249
0.00142365
0.00142241
0.00142117
0.00141993
0.00141869
0.00141745
0.00141622
0.00141499
0.00141376
0.00141254
0.00141131
0.00141009
0.00140887
0.00140765
0.00140644
0.00140523
0.00140402
0.00140281
0.00140161
0.0014004
0.0013992
0.001398
0.00139681
0.00139561
0.00139442
0.00139323
0.00139204
0.00139086
0.00138967
0.00138849
0.00138731
0.00138614
0.00138496
0.00138379
0.00138262
0.00138145
0.00138029
0.00137912
0.00137796
0.0013768
0.00137565
0.00137449
0.00137334
0.00137219
0.00137104
0.00136989
0.00136875
0.0013676
0.00136646
0.00136533
0.00136419
0.00136306
0.00136193
0.00136079
0.00135967
0.00135854
0.00135742
0.0013563
0.00135518
0.00135406
0.00135294
0.00135183
0.00135072
0.00134961
0.0013485
0.00134739
0.00134629
0.00134519
0.00134409
0.00134299
0.00134189
0.0013408
0.00133971
0.00133862
0.00133753
0.00133644
0.00133536
0.00133428
0.00133319
0.00133212
0.00133104
0.00132996
0.00132889
0.00132782
0.00132675
0.00132569
0.00132462
0.00132356
0.0013225
0.00132143
0.00132038
0.00131932
0.00131827
0.00131721
0.00131616
0.00131511
0.00131407
0.00131303
0.00131198
0.00131094
0.0013099
0.00130886
0.00130782
0.00130679
0.00130576
0.00130473
0.0013037
0.00130267
0.00130165
0.00130062
0.0012996
0.00129858
0.00129756
0.00129654
0.00129553
0.00129451
0.0012935
0.0012925
0.00129149
0.00129048
0.00128948
0.00128847
0.00128747
0.00128647
0.00128547
0.00128448
0.00128348
0.00128249
0.0012815
0.00128051
0.00127952
0.00127853
0.00127755
0.00127657
0.00127559
0.00127461
0.00127363
0.00127265
0.00127168
0.0012707
0.00126973
0.00126876
0.00126779
0.00126683
0.00126586
0.0012649
0.00126394
0.00126298
0.00126202
0.00126106
0.00126011
0.00125915
0.0012582
0.00125725
0.0012563
0.00125535
0.0012544
0.00125346
0.00125252
0.00125157
0.00125063
0.0012497
0.00124876
0.00124782
0.00124689
0.00124595
0.00124503
0.0012441
0.00124317
0.00124224
0.00124132
0.00124039
0.00123947
0.00123855
0.00123763
0.00123671
0.00123579
0.00123488
0.00123397
0.00123306
0.00123215
0.00123124
0.00123033
0.00122942
0.00122852
0.00122762
0.00122671
0.00122581
0.00122491
0.00122402
0.00122312
0.00122223
0.00122133
0.00122044
0.00121955
0.00121866
0.00121777
0.00121689
0.001216
0.00121512
0.00121424
0.00121336
0.00121248
0.0012116
0.00121072
0.00120985
0.00120897
0.0012081
0.00120723
0.00120636
0.00120549
0.00120462
0.00120376
0.0012029
0.00120203
0.00120117
0.00120031
0.00119945
0.0011986
0.00119774
0.00119688
0.00119603
0.00119518
0.00119433
0.00119348
0.00119263
0.00119178
0.00119094
0.00119009
0.00118925
0.00118841
0.00118757
0.00118673
0.00118589
0.00118505
0.00118422
0.00118338
0.00118255
0.00118172
0.00118089
0.00118006
0.00117923
0.0011784
0.00117758
0.00117675
0.00117593
0.00117511
0.00117429
0.00117347
0.00117265
0.00117183
0.00117102
0.0011702
0.00116939
0.00116858
0.00116777
0.00116696
0.00116615
0.00116534
0.00116454
0.00116373
0.00116293
0.00116213
0.00116133
0.00116053
0.00115973
0.00115893
0.00115813
0.00115734
0.00115654
0.00115575
0.00115496
0.00115417
0.00115338
0.00115259
0.0011518
0.00115102
0.00115023
0.00114945
0.00114867
0.00114788
0.00114711
0.00114632
0.00114555
0.00114477
0.00114399
0.00114322
0.00114245
0.00114167
0.0011409
0.00114013
0.00113936
0.00113859
0.00113783
0.00113706
0.0011363
0.00113553
0.00113477
0.00113401
0.00113325
0.00113249
0.00113173
0.00113098
0.00113022
0.00112946
0.00112871
0.00112796
0.00112721
0.00112646
0.00112571
0.00112496
0.00112421
0.00112346
0.00112272
0.00112197
0.00112123
0.00112049
0.00111975
0.00111901
0.00111827
0.00111753
0.0011168
0.00111606
0.00111532
0.00111459
0.00111386
0.00111312
0.00111239
0.00111166
0.00111094
0.00111021
0.00110948
0.00110876
0.00110803
0.00110731
0.00110658
0.00110586
0.00110514
0.00110442
0.0011037
0.00110298
0.00110227
0.00110155
0.00110084
0.00110013
0.00109941
0.0010987
0.00109799
0.00109728
0.00109657
0.00109586
0.00109516
0.00109445
0.00109374
0.00109304
0.00109234
0.00109163
0.00109093
0.00109023
0.00108953
0.00108884
0.00108814
0.00108744
0.00108675
0.00108605
0.00108536
0.00108467
0.00108397
0.00108328
0.00108259
0.0010819
0.00108122
0.00108053
0.00107984
0.00107916
0.00107847
0.00107779
0.00107711
0.00107642
0.00107574
0.00107507
0.00107439
0.00107371
0.00107303
0.00107236
0.00107168
0.00107101
0.00107033
0.00106966
0.00106899
0.00106832
0.00106765
0.00106698
0.00106631
0.00106564
0.00106497
0.00106431
0.00106365
0.00106298
0.00106232
0.00106166
0.001061
0.00106033
0.00105967
0.00105902
0.00105836
0.0010577
0.00105705
0.00105639
0.00105574
0.00105508
0.00105443
0.00105378
0.00105313
0.00105248
0.00105183
0.00105118
0.00105053
0.00104988
0.00104924
0.00104859
0.00104795
0.00104731
0.00104666
0.00104602
0.00104538
0.00104474
0.0010441
0.00104346
0.00104283
0.00104219
0.00104155
0.00104092
0.00104028
0.00103965
0.00103902
0.00103838
0.00103776
0.00103712
0.00103649
0.00103587
0.00103524
0.00103461
0.00103399
0.00103336
0.00103274
0.00103211
0.00103149
0.00103087
0.00103024
0.00102962
0.001029
0.00102839
0.00102777
0.00102715
0.00102653
0.00102591
0.0010253
0.00102469
0.00102407
0.00102346
0.00102285
0.00102223
0.00102162
0.00102101
0.0010204
0.00101979
0.00101919
0.00101858
0.00101797
0.00101737
0.00101677
0.00101616
0.00101556
0.00101495
0.00101435
0.00101375
0.00101315
0.00101255
0.00101195
0.00101135
0.00101076
0.00101016
0.00100956
0.00100897
0.00100837
0.00100778
0.00100719
0.00100659
0.001006
0.00100541
0.00100482
0.00100423
0.00100364
0.00100306
0.00100247
0.00100188
0.0010013
0.00100071
0.00100013
0.000999542
0.000998961
0.000998379
0.000997796
0.000997214
0.000996634
0.000996055
0.000995476
0.000994897
0.000994321
0.000993744
0.000993167
0.000992592
0.000992017
0.000991444
0.00099087
0.000990295
0.000989725
0.000989154
0.000988583
0.000988014
0.000987444
0.000986876
0.000986308
0.00098574
0.000985174
0.000984607
0.000984043
0.000983478
0.000982915
0.000982352
0.000981789
0.000981227
0.000980666
0.000980106
0.000979545
0.000978985
0.000978427
0.00097787
0.000977312
0.000976757
0.0009762
0.000975645
0.000975089
0.000974537
0.000973983
0.00097343
0.000972878
0.000972327
0.000971777
0.000971226
0.000970677
0.000970128
0.00096958
0.000969033
0.000968487
0.00096794
0.000967395
0.000966849
0.000966306
0.000965761
0.000965218
0.000964675
0.000964133
0.000963592
0.000963052
0.000962511
0.000961972
0.000961433
0.000960895
0.000960356
0.000959821
0.000959284
0.000958749
0.000958213
0.000957678
0.000957145
0.000956612
0.000956079
0.000955546
0.000955015
0.000954484
0.000953953
0.000953424
0.000952895
0.000952366
0.000951838
0.00095131
0.000950784
0.000950258
0.000949732
0.000949205
0.000948683
0.000948159
0.000947636
0.000947114
0.000946593
0.000946071
0.000945549
0.000945028
0.000944509
0.000943991
0.000943473
0.000942955
0.000942436
0.00094192
0.000941405
0.000940888
0.000940373
0.00093986
0.000939345
0.000938832
0.000938317
0.000937806
0.000937295
0.000936784
0.000936273
0.000935762
0.000935254
0.000934745
0.000934237
0.000933729
0.000933221
0.000932715
0.00093221
0.000931704
0.000931197
0.000930694
0.00093019
0.000929688
0.000929185
0.000928681
0.000928181
0.00092768
0.000927179
0.000926679
0.000926181
0.000925681
0.000925183
0.000924686
0.000924188
0.000923691
0.000923195
0.000922699
0.000922203
0.000921711
0.000921216
0.000920722
0.00092023
0.000919737
0.000919245
0.000918754
0.000918263
0.000917773
0.000917282
0.000916794
0.000916306
0.000915817
0.00091533
0.000914842
0.000914357
0.000913871
0.000913384
0.0009129
0.000912416
0.000911932
0.000911449
0.000910965
0.000910482
0.000910001
0.00090952
0.000909038
0.000908558
0.000908078
0.000907598
0.00090712
0.000906641
0.000906165
0.000905686
0.000905209
0.000904733
0.000904257
0.000903782
0.000903307
0.000902831
0.000902357
0.000901884
0.000901412
0.000900939
0.000900467
0.000899995
0.000899524
0.000899055
0.000898585
0.000898115
0.000897645
0.000897177
0.00089671
0.000896242
0.000895775
0.000895309
0.000894843
0.000894377
0.000893912
0.000893447
0.000892982
0.000892519
0.000892056
0.000891593
0.000891131
0.000890668
0.000890208
0.000889747
0.000889287
0.000888828
0.000888368
0.000887909
0.000887452
0.000886993
0.000886535
0.000886079
0.000885623
0.000885165
0.000884711
0.000884256
0.000883801
0.000883349
0.000882892
0.00088244
0.000881987
0.000881536
0.000881083
0.000880631
0.000880179
0.000879729
0.000879279
0.000878829
0.00087838
0.000877931
0.000877482
0.000877035
0.000876587
0.000876141
0.000875694
0.000875249
0.000874803
0.000874357
0.000873914
0.000873468
0.000873026
0.000872582
0.000872139
0.000871696
0.000871254
0.000870812
0.000870374
0.00086993
0.000869491
0.000869051
0.000868612
0.000868173
0.000867735
0.000867298
0.000866858
0.000866422
0.000865986
0.000865548
0.000865113
0.000864679
0.000864244
0.00086381
0.000863374
0.00086294
0.000862508
0.000862076
0.000861643
0.000861213
0.00086078
0.000860349
0.000859918
0.000859488
0.000859059
0.000858629
0.000858201
0.000857771
0.000857343
0.000856916
0.000856489
0.000856062
0.000855635
0.00085521
0.000854784
0.000854358
0.000853935
0.000853509
0.000853085
0.000852662
0.00085224
0.000851815
0.000851393
0.000850973
0.00085055
0.00085013
0.000849709
0.000849289
0.000848868
0.000848449
0.000848029
0.000847611
0.000847193
0.000846776
0.000846357
0.00084594
0.000845522
0.000845107
0.000844692
0.000844276
0.000843861
0.000843446
0.000843032
0.000842618
0.000842203
0.00084179
0.000841378
0.000840965
0.000840553
0.000840142
0.00083973
0.00083932
0.00083891
0.000838499
0.000838089
0.000837682
0.000837272
0.000836864
0.000836455
0.000836049
0.000835641
0.000835235
0.000834827
0.000834422
0.000834017
0.00083361
0.000833206
0.000832802
0.000832398
0.000831994
0.00083159
0.000831188
0.000830785
0.000830383
0.000829981
0.000829581
0.000829178
0.000828778
0.000828378
0.000827978
0.000827578
0.000827178
0.00082678
0.000826382
0.000825983
0.000825586
0.000825187
0.000824791
0.000824393
0.000823997
0.000823601
0.000823205
0.000822811
0.000822415
0.00082202
0.000821626
0.000821232
0.000820839
0.000820446
0.000820054
0.000819661
0.000819269
0.000818878
0.000818485
0.000818095
0.000817704
0.000817314
0.000816925
0.000816534
0.000816145
0.000815756
0.000815367
0.000814979
0.000814591
0.000814205
0.000813818
0.000813432
0.000813046
0.000812659
0.000812274
0.000811888
0.000811503
0.00081112
0.000810735
0.00081035
0.000809968
0.000809584
0.000809202
0.000808819
0.000808436
0.000808054
0.000807673
0.000807293
0.000806912
0.00080653
0.000806152
0.000805772
0.000805393
0.000805013
0.000804635
0.000804256
0.000803878
0.000803501
0.000803124
0.000802747
0.00080237
0.000801995
0.000801619
0.000801242
0.000800867
0.000800494
0.000800118
0.000799744
0.00079937
0.000798997
0.000798624
0.000798251
0.000797879
0.000797505
0.000797133
0.000796763
0.000796391
0.00079602
0.000795649
0.00079528
0.00079491
0.000794539
0.00079417
0.000793803
0.000793433
0.000793064
0.000792697
0.00079233
0.000791963
0.000791596
0.000791228
0.000790863
0.000790497
0.000790133
0.000789767
0.000789401
0.000789035
0.000788672
0.000788308
0.000787944
0.000787581
0.000787218
0.000786854
0.000786493
0.000786132
0.000785768
0.000785406
0.000785046
0.000784685
0.000784325
0.000783963
0.000783603
0.000783243
0.000782884
0.000782525
0.000782166
0.000781809
0.00078145
0.000781094
0.000780735
0.000780378
0.000780021
0.000779664
0.000779307
0.000778952
0.000778596
0.000778241
0.000777886
0.000777531
0.000777176
0.000776824
0.000776468
0.000776115
0.000775761
0.000775409
0.000775057
0.000774703
0.000774352
0.000774001
0.000773648
0.000773297
0.000772946
0.000772596
0.000772247
0.000771897
0.000771545
0.000771197
0.000770848
0.0007705
0.000770151
0.000769802
0.000769455
0.000769106
0.000768761
0.000768413
0.000768066
0.000767721
0.000767374
0.000767029
0.000766683
0.000766337
0.000765992
0.000765647
0.000765304
0.000764958
0.000764614
0.000764273
0.000763929
0.000763587
0.000763243
0.000762901
0.000762559
0.000762217
0.000761875
0.000761536
0.000761193
0.000760852
0.000760513
0.000760173
0.000759834
0.000759494
0.000759155
0.000758817
0.000758477
0.00075814
0.000757802
0.000757463
0.000757126
0.000756788
0.000756452
0.000756116
0.00075578
0.000755443
0.000755108
0.000754771
0.000754437
0.000754103
0.000753768
0.000753432
0.000753099
0.000752765
0.000752432
0.000752098
0.000751764
0.000751432
0.000751101
0.000750768
0.000750435
0.000750105
0.000749773
0.000749442
0.000749113
0.000748781
0.000748452
0.000748122
0.000747793
0.000747462
0.000747134
0.000746805
0.000746476
0.000746149
0.00074582
0.000745492
0.000745164
0.000744837
0.000744509
0.000744183
0.000743856
0.00074353
0.000743204
0.000742878
0.000742553
0.000742228
0.000741903
0.000741578
0.000741254
0.000740929
0.000740606
0.000740282
0.000739958
0.000739636
0.000739314
0.00073899
0.000738669
0.000738347
0.000738024
0.000737702
0.00073738
0.000737061
0.000736738
0.000736418
0.000736097
0.000735778
0.000735457
0.000735139
0.00073482
0.000734502
0.000734184
0.000733864
0.000733547
0.000733227
0.00073291
0.000732594
0.000732276
0.000731959
0.000731643
0.000731326
0.00073101
0.000730694
0.000730379
0.000730064
0.000729747
0.000729433
0.000729119
0.000728804
0.000728489
0.000728175
0.000727862
0.000727547
0.000727234
0.000726922
0.000726609
0.000726297
0.000725984
0.000725673
0.000725361
0.00072505
0.000724739
0.000724428
0.000724117
0.000723806
0.000723495
0.000723186
0.000722876
0.000722566
0.000722257
0.000721949
0.000721639
0.000721329
0.000721022
0.000720714
0.000720406
0.000720098
0.000719791
0.000719484
0.000719177
0.000718869
0.000718563
0.000718258
0.000717951
0.000717644
0.00071734
0.000717036
0.00071673
0.000716426
0.000716121
0.000715816
0.000715513
0.000715209
0.000714904
0.000714601
0.000714298
0.000713996
0.000713693
0.00071339
0.000713088
0.000712786
0.000712484
0.000712183
0.000711882
0.00071158
0.00071128
0.00071098
0.000710679
0.000710379
0.000710079
0.00070978
0.000709481
0.000709181
0.000708881
0.000708584
0.000708286
0.000707986
0.000707688
0.00070739
0.000707093
0.000706796
0.000706499
0.000706202
0.000705905
0.000705609
0.000705314
0.000705017
0.000704722
0.000704425
0.000704129
0.000703836
0.000703541
0.000703246
0.000702951
0.000702658
0.000702363
0.000702069
0.000701776
0.000701483
0.00070119
0.000700897
0.000700603
0.000700312
0.00070002
0.000699728
0.000699436
0.000699144
0.000698853
0.000698561
0.000698271
0.00069798
0.000697689
0.0006974
0.000697109
0.00069682
0.00069653
0.000696242
0.000695952
0.000695663
0.000695374
0.000695086
0.000694797
0.00069451
0.000694221
0.000693935
0.000693647
0.00069336
0.000693073
0.000692787
0.0006925
0.000692214
0.000691928
0.000691641
0.000691356
0.00069107
0.000690785
0.000690499
0.000690215
0.000689931
0.000689646
0.000689362
0.000689078
0.000688794
0.00068851
0.000688227
0.000687944
0.000687661
0.000687377
0.000687095
0.000686813
0.000686531
0.000686249
0.000685967
0.000685685
0.000685404
0.000685124
0.000684843
0.000684562
0.000684282
0.000684002
0.000683721
0.000683441
0.000683162
0.000682883
0.000682604
0.000682324
0.000682046
0.000681767
0.000681489
0.00068121
0.000680933
0.000680654
0.000680377
0.0006801
0.000679822
0.000679546
0.000679269
0.000678993
0.000678716
0.00067844
0.000678164
0.000677888
0.000677613
0.000677338
0.000677061
0.000676787
0.000676513
0.000676238
0.000675963
0.000675689
0.000675415
0.000675141
0.000674867
0.000674594
0.00067432
0.000674047
0.000673774
0.000673502
0.000673229
0.000672956
0.000672684
0.000672412
0.000672141
0.000671869
0.000671598
0.000671326
0.000671056
0.000670786
0.000670516
0.000670245
0.000669973
0.000669704
0.000669434
0.000669164
0.000668895
0.000668624
0.000668356
0.000668087
0.000667819
0.000667551
0.000667282
0.000667013
0.000666745
0.000666478
0.000666211
0.000665944
0.000665677
0.000665409
0.000665142
0.000664875
0.000664609
0.000664343
0.000664078
0.000663811
0.000663547
0.000663281
0.000663015
0.000662749
0.000662484
0.000662221
0.000661956
0.000661692
0.000661427
0.000661165
0.0006609
0.000660636
0.000660372
0.000660111
0.000659847
0.000659584
0.000659321
0.00065906
0.000658797
0.000658535
0.000658273
0.000658011
0.000657749
0.000657489
0.000657227
0.000656965
0.000656705
0.000656445
0.000656185
0.000655925
0.000655664
0.000655404
0.000655146
0.000654885
0.000654626
0.000654367
0.000654108
0.000653849
0.00065359
0.000653332
0.000653075
0.000652815
0.000652558
0.000652301
0.000652044
0.000651786
0.000651528
0.000651273
0.000651015
0.000650758
0.000650502
0.000650245
0.00064999
0.000649734
0.000649479
0.000649222
0.000648967
0.000648712
0.000648456
0.000648202
0.000647947
0.000647692
0.000647437
0.000647182
0.000646928
0.000646676
0.00064642
0.000646167
0.000645915
0.000645661
0.000645408
0.000645154
0.000644902
0.000644649
0.000644396
0.000644144
0.000643893
0.00064364
0.000643389
0.000643139
0.000642887
0.000642636
0.000642385
0.000642134
0.000641883
0.000641632
0.000641384
0.000641133
0.000640884
0.000640634
0.000640385
0.000640134
0.000639885
0.000639637
0.000639388
0.000639139
0.000638889
0.000638641
0.000638394
0.000638144
0.000637897
0.00063765
0.000637401
0.000637155
0.000636908
0.00063666
0.000636413
0.000636166
0.00063592
0.000635673
0.000635427
0.000635181
0.000634935
0.000634688
0.000634443
0.000634198
0.000633952
0.000633706
0.000633462
0.000633217
0.000632973
0.000632728
0.000632483
0.00063224
0.000631996
0.000631753
0.000631509
0.000631266
0.000631023
0.00063078
0.000630536
0.000630292
0.00063005
0.000629809
0.000629564
0.000629323
0.000629081
0.000628838
0.000628598
0.000628356
0.000628115
0.000627873
0.000627632
0.000627391
0.000627151
0.00062691
0.000626669
0.00062643
0.000626189
0.000625949
0.00062571
0.000625469
0.00062523
0.000624992
0.000624751
0.000624513
0.000624275
0.000624036
0.000623797
0.000623559
0.000623321
0.000623082
0.000622845
0.000622606
0.000622369
0.000622132
0.000621895
0.000621658
0.00062142
0.000621183
0.000620947
0.00062071
0.000620474
0.000620239
0.000620003
0.000619767
0.000619531
0.000619295
0.00061906
0.000618825
0.000618589
0.000618355
0.000618119
0.000617885
0.000617651
0.000617416
0.000617182
0.000616948
0.000616715
0.000616481
0.000616247
0.000616014
0.00061578
0.000615548
0.000615315
0.000615081
0.000614849
0.000614616
0.000614383
0.000614152
0.000613919
0.000613688
0.000613457
0.000613225
0.000612993
0.000612762
0.000612531
0.000612301
0.000612069
0.000611838
0.000611608
0.000611378
0.000611146
0.000610916
0.000610687
0.000610457
0.000610227
0.000609998
0.000609768
0.000609539
0.000609309
0.000609082
0.000608853
0.000608624
0.000608395
0.000608167
0.000607937
0.00060771
0.000607482
0.000607254
0.000607027
0.0006068
0.000606571
0.000606345
0.000606117
0.000605889
0.000605664
0.000605438
0.000605211
0.000604984
0.000604758
0.000604532
0.000604307
0.00060408
0.000603855
0.00060363
0.000603403
0.000603179
0.000602954
0.000602729
0.000602504
0.000602281
0.000602055
0.000601831
0.000601607
0.000601383
0.00060116
0.000600935
0.000600712
0.000600487
0.000600265
0.000600042
0.000599819
0.000599596
0.000599374
0.000599151
0.000598928
0.000598705
0.000598483
0.000598261
0.000598039
0.000597818
0.000597597
0.000597375
0.000597153
0.000596933
0.000596712
0.000596491
0.000596269
0.000596049
0.000595828
0.000595607
0.000595387
0.000595167
0.000594947
0.000594727
0.000594508
0.000594288
0.000594069
0.000593849
0.00059363
0.000593411
0.000593192
0.000592973
0.000592755
0.000592537
0.000592317
0.000592101
0.000591882
0.000591664
0.000591447
0.000591229
0.000591011
0.000590793
0.000590576
0.00059036
0.000590143
0.000589926
0.000589709
0.000589493
0.000589277
0.000589059
0.000588843
0.000588628
0.000588412
0.000588196
0.00058798
0.000587765
0.000587549
0.000587334
0.000587119
0.000586904
0.000586689
0.000586475
0.000586259
0.000586045
0.000585831
0.000585617
0.000585403
0.000585188
0.000584974
0.000584761
0.000584548
0.000584334
0.000584121
0.000583907
0.000583693
0.000583481
0.000583269
0.000583057
0.000582844
0.000582631
0.000582418
0.000582207
0.000581994
0.000581783
0.000581572
0.00058136
0.000581148
0.000580936
0.000580725
0.000580513
0.000580303
0.000580093
0.000579882
0.000579671
0.000579461
0.000579251
0.00057904
0.00057883
0.000578621
0.000578409
0.0005782
0.000577991
0.000577782
0.000577572
0.000577363
0.000577154
0.000576945
0.000576737
0.000576528
0.00057632
0.000576112
0.000575903
0.000575693
0.000575487
0.000575279
0.000575071
0.000574864
0.000574657
0.000574448
0.000574242
0.000574034
0.000573827
0.00057362
0.000573414
0.000573207
0.000573001
0.000572795
0.000572588
0.000572382
0.000572176
0.00057197
0.000571764
0.000571559
0.000571352
0.000571148
0.000570942
0.000570736
0.000570532
0.000570327
0.000570121
0.000569917
0.000569713
0.000569509
0.000569304
0.0005691
0.000568895
0.000568691
0.000568488
0.000568285
0.000568081
0.000567878
0.000567674
0.000567471
0.000567268
0.000567065
0.000566863
0.00056666
0.000566457
0.000566254
0.000566052
0.00056585
0.000565648
0.000565446
0.000565243
0.000565042
0.00056484
0.000564638
0.000564437
0.000564236
0.000564035
0.000563834
0.000563633
0.000563433
0.000563231
0.000563032
0.00056283
0.000562631
0.00056243
0.00056223
0.000562029
0.00056183
0.00056163
0.00056143
0.000561231
0.000561032
0.000560831
0.000560633
0.000560434
0.000560235
0.000560036
0.000559838
0.000559639
0.00055944
0.000559243
0.000559044
0.000558846
0.000558648
0.00055845
0.000558253
0.000558056
0.000557858
0.000557659
0.000557463
0.000557265
0.000557068
0.000556872
0.000556675
0.000556478
0.000556281
0.000556085
0.000555888
0.000555692
0.000555496
0.000555302
0.000555105
0.000554909
0.000554713
0.000554518
0.000554322
0.000554127
0.000553932
0.000553736
0.000553542
0.000553348
0.000553151
0.000552958
0.000552763
0.00055257
0.000552376
0.000552181
0.000551986
0.000551792
0.000551599
0.000551406
0.000551212
0.000551018
0.000550826
0.000550631
0.000550439
0.000550246
0.000550052
0.000549859
0.000549667
0.000549474
0.000549282
0.000549089
0.000548898
0.000548705
0.000548514
0.000548321
0.000548129
0.000547938
0.000547747
0.000547555
0.000547364
0.000547173
0.000546982
0.00054679
0.000546599
0.000546409
0.000546219
0.000546027
0.000545838
0.000545646
0.000545457
0.000545266
0.000545076
0.000544886
0.000544697
0.000544508
0.000544318
0.000544128
0.000543939
0.000543749
0.00054356
0.000543371
0.000543182
0.000542993
0.000542805
0.000542615
0.000542427
0.000542239
0.00054205
0.000541862
0.000541674
0.000541486
0.000541299
0.000541109
0.000540922
0.000540736
0.000540547
0.00054036
0.000540172
0.000539986
0.000539799
0.000539611
0.000539424
0.000539238
0.000539051
0.000538865
0.000538678
0.000538493
0.000538305
0.00053812
0.000537934
0.000537748
0.000537562
0.000537377
0.000537191
0.000537006
0.00053682
0.000536635
0.00053645
0.000536265
0.00053608
0.000535896
0.000535711
0.000535526
0.000535341
0.000535157
0.000534972
0.000534789
0.000534604
0.00053442
0.000534236
0.000534053
0.000533869
0.000533685
0.000533502
0.000533319
0.000533136
0.000532952
0.00053277
0.000532586
0.000532404
0.00053222
0.000532039
0.000531855
0.000531674
0.000531491
0.000531309
0.000531128
0.000530945
0.000530763
0.000530582
0.000530399
0.000530218
0.000530036
0.000529855
0.000529674
0.000529494
0.000529312
0.000529131
0.000528951
0.00052877
0.000528589
0.000528409
0.000528228
0.000528048
0.000527868
0.000527688
0.000527508
0.000527328
0.000527148
0.000526969
0.00052679
0.00052661
0.00052643
0.000526252
0.000526072
0.000525893
0.000525714
0.000525535
0.000525357
0.000525178
0.000525
0.000524821
0.000524642
0.000524464
0.000524285
0.000524108
0.000523929
0.000523752
0.000523573
0.000523396
0.000523218
0.000523041
0.000522864
0.000522685
0.000522508
0.000522331
0.000522154
0.000521976
0.000521801
0.000521624
0.000521447
0.000521271
0.000521094
0.000520918
0.000520742
0.000520566
0.000520389
0.000520214
0.000520039
0.000519862
0.000519687
0.000519512
0.000519336
0.000519162
0.000518985
0.00051881
0.000518635
0.00051846
0.000518284
0.000518111
0.000517937
0.000517761
0.000517587
0.000517412
0.000517238
0.000517064
0.00051689
0.000516716
0.000516542
0.000516369
0.000516195
0.000516021
0.000515847
0.000515674
0.000515501
0.000515328
0.000515155
0.000514982
0.000514808
0.000514636
0.000514463
0.00051429
0.000514119
0.000513946
0.000513773
0.000513601
0.000513429
0.000513258
0.000513085
0.000512914
0.000512741
0.000512569
0.000512398
0.000512226
0.000512056
0.000511885
0.000511714
0.000511543
0.000511372
0.000511202
0.000511031
0.000510859
0.00051069
0.000510519
0.000510349
0.000510178
0.000510008
0.000509838
0.000509667
0.000509498
0.000509327
0.000509158
0.00050899
0.00050882
0.00050865
0.000508482
0.000508312
0.000508143
0.000507973
0.000507805
0.000507636
0.000507466
0.000507298
0.00050713
0.000506961
0.000506792
0.000506624
0.000506457
0.000506288
0.00050612
0.000505952
0.000505784
0.000505616
0.000505449
0.000505281
0.000505114
0.000504946
0.000504779
0.000504612
0.000504444
0.000504278
0.000504111
0.000503944
0.000503777
0.000503611
0.000503445
0.000503278
0.000503113
0.000502946
0.000502779
0.000502612
0.000502447
0.000502282
0.000502116
0.00050195
0.000501785
0.000501619
0.000501454
0.000501288
0.000501123
0.000500957
0.000500792
0.000500627
0.000500462
0.000500298
0.000500132
0.000499967
0.000499804
0.000499639
0.000499474
0.000499311
0.000499146
0.000498981
0.000498818
0.000498655
0.000498491
0.000498327
0.000498163
0.000498
0.000497836
0.000497672
0.000497509
0.000497345
0.000497183
0.000497019
0.000496856
0.000496694
0.000496531
0.000496368
0.000496206
0.000496042
0.00049588
0.000495718
0.000495555
0.000495393
0.000495232
0.000495069
0.000494908
0.000494746
0.000494585
0.000494422
0.000494262
0.0004941
0.000493938
0.000493777
0.000493616
0.000493454
0.000493294
0.000493134
0.000492972
0.000492812
0.00049265
0.00049249
0.00049233
0.000492169
0.000492009
0.00049185
0.000491689
0.000491529
0.00049137
0.000491209
0.000491049
0.00049089
0.00049073
0.000490571
0.000490411
0.000490252
0.000490092
0.000489933
0.000489774
0.000489614
0.000489457
0.000489298
0.000489139
0.00048898
0.000488822
0.000488663
0.000488505
0.000488346
0.000488189
0.000488029
0.000487871
0.000487714
0.000487556
0.000487398
0.00048724
0.000487082
0.000486926
0.000486767
0.00048661
0.000486452
0.000486296
0.000486139
0.000485982
0.000485824
0.000485667
0.00048551
0.000485354
0.000485197
0.00048504
0.000484885
0.000484727
0.000484572
0.000484416
0.00048426
0.000484103
0.000483948
0.000483792
0.000483636
0.000483481
0.000483325
0.00048317
0.000483014
0.000482859
0.000482704
0.00048255
0.000482394
0.000482239
0.000482084
0.00048193
0.000481774
0.00048162
0.000481466
0.000481311
0.000481157
0.000481003
0.000480848
0.000480694
0.00048054
0.000480387
0.000480232
0.000480078
0.000479924
0.000479771
0.000479617
0.000479463
0.00047931
0.000479157
0.000479004
0.000478851
0.000478698
0.000478543
0.000478392
0.000478238
0.000478085
0.000477932
0.00047778
0.000477628
0.000477475
0.000477322
0.00047717
0.000477018
0.000476865
0.000476713
0.000476562
0.000476409
0.000476258
0.000476106
0.000475954
0.000475803
0.000475651
0.000475499
0.000475348
0.000475198
0.000475046
0.000474895
0.000474744
0.000474592
0.000474443
0.000474292
0.000474141
0.00047399
0.000473839
0.00047369
0.00047354
0.000473389
0.000473239
0.000473088
0.000472939
0.000472789
0.000472639
0.000472489
0.00047234
0.00047219
0.000472041
0.000471891
0.000471742
0.000471592
0.000471442
0.000471294
0.000471145
0.000470995
0.000470847
0.000470698
0.000470549
0.000470401
0.000470251
0.000470104
0.000469955
0.000469806
0.000469658
0.00046951
0.000469362
0.000469213
0.000469066
0.000468918
0.000468769
0.000468622
0.000468473
0.000468327
0.000468179
0.000468032
0.000467885
0.000467738
0.000467591
0.000467444
0.000467297
0.000467149
0.000467003
0.000466856
0.00046671
0.000466562
0.000466417
0.00046627
0.000466123
0.000465978
0.000465831
0.000465685
0.000465539
0.000465393
0.000465247
0.000465101
0.000464955
0.000464809
0.000464664
0.000464518
0.000464374
0.000464228
0.000464083
0.000463938
0.000463792
0.000463647
0.000463502
0.000463357
0.000463212
0.000463068
0.000462924
0.000462779
0.000462635
0.000462489
0.000462345
0.000462201
0.000462057
0.000461912
0.000461768
0.000461624
0.00046148
0.000461336
0.000461193
0.000461048
0.000460905
0.000460762
0.000460618
0.000460475
0.000460332
0.000460188
0.000460045
0.000459903
0.000459759
0.000459617
0.000459474
0.000459331
0.000459188
0.000459046
0.000458903
0.000458761
0.000458618
0.000458477
0.000458335
0.000458192
0.000458051
0.000457909
0.000457766
0.000457625
0.000457483
0.00045734
0.000457199
0.000457057
0.000456917
0.000456776
0.000456634
0.000456493
0.000456351
0.000456211
0.00045607
0.000455929
0.000455788
0.000455647
0.000455507
0.000455366
0.000455225
0.000455085
0.000454944
0.000454804
0.000454664
0.000454523
0.000454383
0.000454243
0.000454103
0.000453963
0.000453824
0.000453684
0.000453544
0.000453405
0.000453265
0.000453125
0.000452986
0.000452846
0.000452708
0.000452568
0.00045243
0.00045229
0.000452152
0.000452012
0.000451874
0.000451735
0.000451597
0.000451458
0.00045132
0.000451181
0.000451044
0.000450906
0.000450767
0.00045063
0.000450491
0.000450353
0.000450215
0.000450077
0.00044994
0.000449801
0.000449664
0.000449527
0.000449389
0.000449252
0.000449115
0.000448977
0.000448841
0.000448704
0.000448567
0.000448429
0.000448294
0.000448157
0.00044802
0.000447883
0.000447747
0.000447609
0.000447473
0.000447337
0.000447201
0.000447065
0.000446928
0.000446792
0.000446657
0.00044652
0.000446385
0.000446249
0.000446113
0.000445977
0.000445842
0.000445706
0.000445572
0.000445436
0.000445301
0.000445166
0.00044503
0.000444895
0.00044476
0.000444626
0.000444491
0.000444356
0.000444222
0.000444087
0.000443952
0.000443818
0.000443684
0.000443549
0.000443415
0.000443281
0.000443147
0.000443012
0.000442879
0.000442745
0.000442611
0.000442477
0.000442343
0.00044221
0.000442076
0.000441942
0.000441809
0.000441676
0.000441543
0.00044141
0.000441277
0.000441143
0.000441011
0.000440877
0.000440745
0.000440611
0.000440478
0.000440347
0.000440214
0.000440082
0.00043995
0.000439817
0.000439685
0.000439553
0.00043942
0.000439288
0.000439157
0.000439025
0.000438893
0.000438761
0.00043863
0.000438498
0.000438367
0.000438236
0.000438104
0.000437972
0.000437841
0.00043771
0.000437579
0.000437449
0.000437317
0.000437186
0.000437056
0.000436925
0.000436794
0.000436664
0.000436532
0.000436403
0.000436273
0.000436142
0.000436011
0.000435882
0.000435751
0.000435622
0.000435492
0.00043536
0.000435231
0.000435101
0.000434972
0.000434842
0.000434714
0.000434584
0.000434454
0.000434324
0.000434195
0.000434066
0.000433938
0.000433808
0.000433679
0.00043355
0.00043342
0.000433291
0.000433163
0.000433035
0.000432906
0.000432778
0.000432649
0.00043252
0.000432393
0.000432264
0.000432136
0.000432008
0.000431879
0.000431752
0.000431623
0.000431496
0.000431368
0.000431241
0.000431113
0.000430986
0.000430859
0.000430731
0.000430604
0.000430476
0.000430349
0.000430222
0.000430095
0.000429968
0.000429841
0.000429714
0.000429587
0.000429461
0.000429335
0.000429208
0.000429081
0.000428954
0.000428828
0.000428701
0.000428575
0.000428449
0.000428323
0.000428196
0.000428071
0.000427945
0.000427819
0.000427693
0.000427567
0.000427441
0.000427315
0.00042719
0.000427064
0.00042694
0.000426812
0.000426688
0.000426563
0.000426438
0.000426313
0.000426188
0.000426063
0.000425938
0.000425813
0.000425688
0.000425563
0.000425439
0.000425314
0.00042519
0.000425065
0.000424941
0.000424816
0.000424692
0.000424568
0.000424444
0.000424319
0.000424196
0.000424072
0.000423948
0.000423825
0.0004237
0.000423577
0.000423453
0.000423329
0.000423205
0.000423082
0.000422959
0.000422836
0.000422712
0.000422589
0.000422467
0.000422343
0.000422221
0.000422097
0.000421974
0.000421852
0.00042173
0.000421607
0.000421485
0.000421363
0.00042124
0.000421117
0.000420995
0.000420873
0.000420751
0.000420628
0.000420506
0.000420384
0.000420263
0.000420141
0.000420019
0.000419898
0.000419776
0.000419654
0.000419533
0.000419411
0.00041929
0.000419168
0.000419048
0.000418926
0.000418805
0.000418684
0.000418564
0.000418443
0.000418321
0.000418201
0.00041808
0.000417959
0.000417839
0.000417719
0.000417598
0.000417478
0.000417357
0.000417238
0.000417117
0.000416997
0.000416878
0.000416758
0.000416637
0.000416518
0.000416398
0.000416278
0.000416158
0.000416039
0.000415919
0.0004158
0.00041568
0.00041556
0.000415441
0.000415322
0.000415202
0.000415084
0.000414965
0.000414846
0.000414727
0.000414608
0.00041449
0.000414371
0.000414252
0.000414134
0.000414015
0.000413896
0.000413778
0.00041366
0.000413542
0.000413424
0.000413305
0.000413188
0.00041307
0.000412952
0.000412835
0.000412716
0.000412598
0.00041248
0.000412364
0.000412246
0.000412128
0.000412009
0.000411893
0.000411776
0.000411659
0.000411541
0.000411424
0.000411307
0.00041119
0.000411073
0.000410956
0.000410838
0.000410722
0.000410606
0.000410488
0.000410371
0.000410256
0.000410139
0.000410023
0.000409907
0.000409791
0.000409674
0.000409558
0.000409442
0.000409326
0.00040921
0.000409094
0.000408978
0.000408861
0.000408745
0.000408631
0.000408515
0.0004084
0.000408283
0.000408168
0.000408052
0.000407937
0.000407821
0.000407707
0.000407592
0.000407477
0.000407362
0.000407246
0.000407132
0.000407017
0.000406902
0.000406788
0.000406673
0.000406558
0.000406443
0.000406329
0.000406214
0.0004061
0.000405986
0.000405871
0.000405758
0.000405644
0.00040553
0.000405416
0.000405302
0.000405187
0.000405074
0.00040496
0.000404848
0.000404733
0.000404619
0.000404506
0.000404393
0.00040428
0.000404167
0.000404053
0.00040394
0.000403827
0.000403714
0.000403601
0.000403488
0.000403375
0.000403262
0.000403149
0.000403037
0.000402924
0.000402812
0.000402699
0.000402587
0.000402474
0.000402362
0.000402249
0.000402137
0.000402025
0.000401913
0.000401802
0.000401689
0.000401578
0.000401465
0.000401354
0.000401243
0.000401131
0.000401019
0.000400908
0.000400796
0.000400684
0.000400573
0.000400462
0.000400351
0.00040024
0.000400129
0.000400017
0.000399907
0.000399796
0.000399685
0.000399574
0.000399464
0.000399353
0.000399242
0.000399132
0.000399021
0.000398911
0.0003988
0.00039869
0.00039858
0.00039847
0.00039836
0.00039825
0.00039814
0.00039803
0.00039792
0.00039781
0.0003977
0.000397591
0.00039748
0.000397372
0.000397262
0.000397152
0.000397043
0.000396933
0.000396823
0.000396715
0.000396606
0.000396496
0.000396387
0.000396278
0.00039617
0.00039606
0.000395951
0.000395842
0.000395734
0.000395625
0.000395516
0.000395408
0.000395298
0.000395191
0.000395082
0.000394974
0.000394865
0.000394757
0.000394649
0.000394541
0.000394432
0.000394325
0.000394217
0.000394109
0.000394001
0.000393893
0.000393785
0.000393677
0.000393569
0.000393462
0.000393354
0.000393247
0.00039314
0.000393032
0.000392925
0.000392818
0.000392712
0.000392604
0.000392497
0.00039239
0.000392283
0.000392176
0.000392069
0.000391962
0.000391855
0.000391749
0.000391641
0.000391536
0.000391428
0.000391323
0.000391216
0.00039111
0.000391004
0.000390898
0.000390791
0.000390686
0.000390579
0.000390473
0.000390367
0.000390262
0.000390156
0.00039005
0.000389945
0.000389838
0.000389733
0.000389628
0.000389522
0.000389417
0.000389311
0.000389206
0.000389101
0.000388995
0.00038889
0.000388785
0.00038868
0.000388575
0.000388471
0.000388366
0.000388261
0.000388156
0.000388052
0.000387947
0.000387842
0.000387738
0.000387633
0.000387529
0.000387425
0.00038732
0.000387217
0.000387113
0.000387009
0.000386904
0.0003868
0.000386696
0.000386592
0.000386489
0.000386384
0.000386281
0.000386178
0.000386075
0.000385971
0.000385867
0.000385764
0.000385661
0.000385557
0.000385455
0.000385351
0.000385248
0.000385145
0.000385042
0.000384939
0.000384836
0.000384733
0.00038463
0.000384527
0.000384425
0.000384323
0.000384219
0.000384117
0.000384014
0.000383913
0.00038381
0.000383707
0.000383604
0.000383503
0.000383401
0.000383298
0.000383196
0.000383094
0.000382992
0.00038289
0.000382788
0.000382686
0.000382585
0.000382483
0.000382382
0.00038228
0.000382179
0.000382078
0.000381977
0.000381874
0.000381773
0.000381672
0.00038157
0.000381469
0.000381368
0.000381268
0.000381167
0.000381066
0.000380965
0.000380864
0.000380763
0.000380662
0.000380562
0.000380461
0.00038036
0.00038026
0.000380159
0.000380059
0.000379959
0.000379858
0.000379758
0.000379658
0.000379559
0.000379458
0.000379358
0.000379259
0.000379158
0.000379059
0.000378958
0.000378859
0.000378759
0.000378659
0.00037856
0.000378461
0.000378361
0.000378261
0.000378162
0.000378063
0.000377963
0.000377864
0.000377765
0.000377666
0.000377568
0.000377469
0.00037737
0.000377271
0.000377171
0.000377072
0.000376974
0.000376876
0.000376776
0.000376679
0.000376579
0.000376482
0.000376383
0.000376284
0.000376186
0.000376088
0.000375989
0.000375891
0.000375794
0.000375695
0.000375597
0.000375499
0.000375401
0.000375304
0.000375205
0.000375108
0.00037501
0.000374912
0.000374815
0.000374716
0.000374619
0.000374522
0.000374425
0.000374328
0.00037423
0.000374133
0.000374036
0.000373938
0.000373841
0.000373745
0.000373648
0.000373551
0.000373454
0.000373357
0.00037326
0.000373164
0.000373067
0.00037297
0.000372874
0.000372777
0.00037268
0.000372584
0.000372488
0.000372392
0.000372295
0.000372199
0.000372103
0.000372007
0.000371911
0.000371816
0.00037172
0.000371623
0.000371528
0.000371432
0.000371336
0.000371241
0.000371145
0.00037105
0.000370954
0.000370858
0.000370762
0.000370668
0.000370572
0.000370477
0.000370382
0.000370287
0.000370192
0.000370097
0.000370002
0.000369906
0.000369811
0.000369717
0.000369622
0.000369527
0.000369432
0.000369338
0.000369243
0.000369148
0.000369054
0.00036896
0.000368865
0.00036877
0.000368676
0.000368582
0.000368487
0.000368393
0.000368299
0.000368205
0.000368111
0.000368017
0.000367922
0.000367829
0.000367735
0.000367641
0.000367547
0.000367454
0.00036736
0.000367266
0.000367173
0.000367079
0.000366985
0.000366893
0.000366798
0.000366705
0.000366612
0.000366519
0.000366425
0.000366333
0.000366239
0.000366146
0.000366053
0.00036596
0.000365868
0.000365774
0.000365681
0.000365589
0.000365497
0.000365403
0.00036531
0.000365218
0.000365126
0.000365034
0.000364941
0.000364848
0.000364756
0.000364664
0.000364572
0.00036448
0.000364388
0.000364296
0.000364203
0.000364112
0.00036402
0.000363928
0.000363836
0.000363745
0.000363653
0.000363561
0.000363469
0.000363378
0.000363287
0.000363195
0.000363104
0.000363013
0.000362922
0.00036283
0.000362738
0.000362647
0.000362556
0.000362465
0.000362374
0.000362283
0.000362192
0.000362101
0.00036201
0.000361919
0.000361829
0.000361739
0.000361648
0.000361557
0.000361466
0.000361376
0.000361285
0.000361195
0.000361105
0.000361014
0.000360924
0.000360834
0.000360744
0.000360653
0.000360563
0.000360474
0.000360384
0.000360293
0.000360203
0.000360114
0.000360024
0.000359934
0.000359844
0.000359755
0.000359665
0.000359575
0.000359486
0.000359397
0.000359307
0.000359218
0.000359129
0.00035904
0.000358951
0.000358861
0.000358772
0.000358683
0.000358595
0.000358505
0.000358416
0.000358327
0.000358239
0.000358151
0.000358061
0.000357972
0.000357885
0.000357795
0.000357708
0.000357619
0.00035753
0.000357442
0.000357354
0.000357265
0.000357177
0.000357089
0.000357001
0.000356912
0.000356824
0.000356736
0.000356649
0.000356561
0.000356473
0.000356385
0.000356297
0.000356209
0.000356122
0.000356035
0.000355946
0.000355859
0.000355771
0.000355684
0.000355597
0.000355509
0.000355422
0.000355334
0.000355248
0.00035516
0.000355073
0.000354986
0.000354898
0.000354812
0.000354724
0.000354638
0.000354551
0.000354464
0.000354377
0.00035429
0.000354204
0.000354117
0.00035403
0.000353944
0.000353858
0.000353771
0.000353685
0.000353598
0.000353511
0.000353425
0.000353339
0.000353253
0.000353166
0.00035308
0.000352994
0.000352907
0.000352822
0.000352736
0.000352649
0.000352564
0.000352478
0.000352392
0.000352306
0.000352221
0.000352134
0.000352049
0.000351964
0.000351879
0.000351793
0.000351708
0.000351623
0.000351538
0.000351452
0.000351366
0.000351281
0.000351197
0.000351111
0.000351025
0.000350941
0.000350856
0.000350771
0.000350687
0.000350601
0.000350517
0.000350432
0.000350347
0.000350262
0.000350178
0.000350093
0.000350009
0.000349924
0.00034984
0.000349755
0.00034967
0.000349586
0.000349502
0.000349417
0.000349334
0.000349249
0.000349165
0.000349081
0.000348997
0.000348913
0.000348829
0.000348745
0.000348662
0.000348579
0.000348494
0.000348411
0.000348327
0.000348243
0.000348159
0.000348076
0.000347993
0.000347909
0.000347826
0.000347743
0.000347659
0.000347577
0.000347493
0.00034741
0.000347327
0.000347244
0.000347161
0.000347077
0.000346994
0.000346912
0.000346829
0.000346746
0.000346663
0.00034658
0.000346497
0.000346415
0.000346332
0.00034625
0.000346167
0.000346084
0.000346002
0.00034592
0.000345837
0.000345755
0.000345672
0.00034559
0.000345508
0.000345425
0.000345343
0.000345261
0.000345179
0.000345097
0.000345015
0.000344934
0.000344852
0.00034477
0.000344688
0.000344606
0.000344525
0.000344443
0.000344361
0.00034428
0.000344198
0.000344117
0.000344036
0.000343954
0.000343872
0.000343791
0.00034371
0.000343628
0.000343547
0.000343466
0.000343386
0.000343303
0.000343223
0.000343142
0.000343061
0.00034298
0.000342899
0.000342818
0.000342737
0.000342656
0.000342576
0.000342495
0.000342414
0.000342334
0.000342254
0.000342174
0.000342092
0.000342012
0.000341932
0.000341851
0.000341771
0.000341691
0.000341611
0.000341531
0.000341451
0.000341371
0.000341291
0.000341211
0.000341131
0.000341051
0.000340971
0.000340892
0.000340811
0.000340732
0.000340652
0.000340573
0.000340492
0.000340413
0.000340333
0.000340254
0.000340175
0.000340095
0.000340016
0.000339937
0.000339857
0.000339778
0.000339699
0.00033962
0.00033954
0.000339462
0.000339383
0.000339304
0.000339225
0.000339146
0.000339067
0.000338988
0.000338909
0.000338831
0.000338752
0.000338673
0.000338595
0.000338516
0.000338437
0.00033836
0.000338281
0.000338202
0.000338123
0.000338045
0.000337967
0.000337889
0.000337811
0.000337733
0.000337654
0.000337576
0.000337499
0.000337421
0.000337342
0.000337264
0.000337186
0.000337109
0.000337031
0.000336953
0.000336875
0.000336798
0.00033672
0.000336642
0.000336564
0.000336486
0.000336409
0.000336331
0.000336253
0.000336176
0.000336099
0.000336022
0.000335944
0.000335868
0.00033579
0.000335713
0.000335635
0.000335558
0.000335481
0.000335404
0.000335328
0.000335251
0.000335174
0.000335097
0.00033502
0.000334943
0.000334867
0.000334791
0.000334714
0.000334637
0.000334561
0.000334484
0.000334407
0.000334331
0.000334255
0.000334178
0.000334102
0.000334025
0.000333949
0.000333873
0.000333797
0.00033372
0.000333644
0.000333568
0.000333492
0.000333416
0.00033334
0.000333265
0.000333189
0.000333112
0.000333036
0.000332961
0.000332885
0.000332809
0.000332733
0.000332658
0.000332582
0.000332507
0.000332432
0.000332356
0.000332281
0.000332206
0.00033213
0.000332054
0.00033198
0.000331904
0.000331829
0.000331754
0.000331679
0.000331604
0.000331528
0.000331454
0.000331379
0.000331304
0.000331229
0.000331154
0.000331079
0.000331005
0.00033093
0.000330855
0.00033078
0.000330706
0.000330631
0.000330557
0.000330482
0.000330407
0.000330333
0.000330258
0.000330184
0.00033011
0.000330036
0.000329962
0.000329887
0.000329813
0.00032974
0.000329665
0.000329591
0.000329517
0.000329443
0.000329369
0.000329295
0.000329222
0.000329148
0.000329074
0.000329
0.000328926
0.000328852
0.000328779
0.000328706
0.000328632
0.000328559
0.000328485
0.000328411
0.000328337
0.000328265
0.000328191
0.000328118
0.000328045
0.000327972
0.000327898
0.000327825
0.000327752
0.000327679
0.000327606
0.000327533
0.00032746
0.000327387
0.000327314
0.000327242
0.000327168
0.000327095
0.000327023
0.00032695
0.000326878
0.000326805
0.000326732
0.00032666
0.000326587
0.000326515
0.000326442
0.00032637
0.000326297
0.000326225
0.000326152
0.00032608
0.000326008
0.000325936
0.000325864
0.000325791
0.000325719
0.000325647
0.000325575
0.000325503
0.000325431
0.000325359
0.000325287
0.000325216
0.000325144
0.000325072
0.000325
0.000324929
0.000324857
0.000324785
0.000324714
0.000324642
0.00032457
0.000324498
0.000324427
0.000324356
0.000324284
0.000324213
0.000324142
0.00032407
0.000323999
0.000323928
0.000323857
0.000323785
0.000323715
0.000323644
0.000323572
0.000323501
0.00032343
0.000323359
0.000323288
0.000323218
0.000323147
0.000323076
0.000323005
0.000322935
0.000322863
0.000322793
0.000322722
0.000322651
0.000322581
0.00032251
0.00032244
0.000322369
0.000322299
0.000322228
0.000322158
0.000322087
0.000322018
0.000321947
0.000321877
0.000321807
0.000321736
0.000321666
0.000321596
0.000321526
0.000321456
0.000321386
0.000321316
0.000321246
0.000321176
0.000321107
0.000321037
0.000320967
0.000320897
0.000320828
0.000320758
0.000320689
0.000320619
0.000320549
0.00032048
0.00032041
0.000320341
0.000320272
0.000320203
0.000320133
0.000320063
0.000319993
0.000319924
0.000319856
0.000319786
0.000319717
0.000319648
0.000319579
0.00031951
0.000319441
0.000319372
0.000319303
0.000319234
0.000319166
0.000319097
0.000319027
0.000318959
0.000318891
0.000318821
0.000318753
0.000318685
0.000318616
0.000318547
0.000318479
0.00031841
0.000318342
0.000318274
0.000318205
0.000318137
0.000318068
0.000318
0.000317932
0.000317863
0.000317795
0.000317727
0.000317659
0.000317591
0.000317522
0.000317455
0.000317386
0.000317318
0.00031725
0.000317182
0.000317115
0.000317047
0.000316979
0.000316912
0.000316844
0.000316776
0.000316708
0.000316641
0.000316573
0.000316505
0.000316438
0.00031637
0.000316303
0.000316236
0.000316169
0.000316101
0.000316034
0.000315967
0.000315899
0.000315832
0.000315765
0.000315698
0.000315631
0.000315564
0.000315497
0.00031543
0.000315362
0.000315296
0.000315229
0.000315162
0.000315095
0.000315029
0.000314961
0.000314895
0.000314828
0.000314761
0.000314694
0.000314627
0.000314561
0.000314494
0.000314427
0.000314361
0.000314294
0.000314228
0.000314162
0.000314095
0.000314028
0.000313962
0.000313896
0.00031383
0.000313763
0.000313697
0.000313631
0.000313565
0.000313498
0.000313433
0.000313367
0.0003133
0.000313234
0.000313169
0.000313103
0.000313037
0.000312971
0.000312905
0.000312839
0.000312773
0.000312707
0.000312641
0.000312576
0.00031251
0.000312444
0.000312379
0.000312314
0.000312248
0.000312183
0.000312117
0.000312052
0.000311986
0.000311921
0.000311856
0.00031179
0.000311725
0.00031166
0.000311595
0.000311529
0.000311464
0.000311399
0.000311334
0.00031127
0.000311204
0.00031114
0.000311074
0.00031101
0.000310944
0.00031088
0.000310815
0.00031075
0.000310685
0.00031062
0.000310555
0.00031049
0.000310426
0.000310362
0.000310297
0.000310232
0.000310168
0.000310103
0.000310039
0.000309974
0.000309909
0.000309846
0.000309781
0.000309717
0.000309652
0.000309588
0.000309524
